0,0,0,0,0,0
0,0,0,0,0,0
0,0,0,0,0,0
0,0,0,0,0,0
0,0,0,0,0,0
0,0,0,0,0,0
0,0,0,0,0,0
0,0,0,0,0,0
0,0,0,0,0,0
0,0,0,0,0,0
0,0,0,0,0,0
0,0,0,0,0,0
0,0,0,0,0,0
0,0,0,0,0,0
0,0,0,0,0,0
0,0,0,0,0,0
0,0,0,0,0,0
0,0,0,0,0,0
0,0,0,0,0,0
0,0,0,0,0,0
0,0,0,0,0,0
0,0,0,0,0,0
0,0,0,0,0,0
0,0,0,0,0,0
0,0,0,0,0,0
0,0,0,0,0,0
0,0,0,0,0,0
0,0,0,0,0,0
0,0,0,0,0,0
0,0,0,0,0,0
0,0,0,0,0,0
0,0,0,0,0,0
0,0,0,0,0,0
0,0,0,0,0,0
0,0,0,0,0,0
0,0,0,0,0,0
0,0,0,0,0,0
0,0,0,0,0,0
0,0,0,0,0,0
0,0,0,0,0,0
0,0,0,0,0,0
0,0,0,0,0,0
0,0,0,0,0,0
0,0,0,0,0,0
0,0,0,0,0,0
0,0,0,0,0,0
0,0,0,0,0,0
0,0,0,0,0,0
0,0,0,0,0,0
0,0,0,0,0,0
0,0,0,0,0,0
0,0,0,0,0,0
0,0,0,0,0,0
0,0,0,0,0,0
0,0,0,0,0,0
0,0,0,0,0,0
0,0,0,0,0,0
0,0,0,0,0,0
0,0,0,0,0,0
0,0,0,0,0,0
0,0,0,0,0,0
0,0,0,0,0,0
0,0,0,0,0,0
0,0,0,0,0,0
0,0,0,0,0,0
0,0,0,0,0,0
0,0,0,0,0,0
0,0,0,0,0,0
0,0,0,0,0,0
0,0,0,0,0,0
0,0,0,0,0,0
0,0,0,0,0,0
0,0,0,0,0,0
0,0,0,0,0,0
0,0,0,0,0,0
0,0,0,0,0,0
0,0,0,0,0,0
0,0,0,0,0,0
0,0,0,0,0,0
0,0,0,0,0,0
0,0,0,0,0,0
0,0,0,0,0,0
0,0,0,0,0,0
0,0,0,0,0,0
0,0,0,0,0,0
0,0,0,0,0,0
0,0,0,0,0,0
0,0,0,0,0,0
0,0,0,0,0,0
0,0,0,0,0,0
0,0,0,0,0,0
0,0,0,0,0,0
0,0,0,0,0,0
0,0,0,0,0,0
0,0,0,0,0,0
0,0,0,0,0,0
0,0,0,0,0,0
0,0,0,0,0,0
0,0,0,0,0,0
0,0,0,0,0,0
0,0,0,0,0,0
0,0,0,0,0,0
0,0,0,0,0,0
0,0,0,0,0,0
0,0,0,0,0,0
0,0,0,0,0,0
0,0,0,0,0,0
0,0,0,0,0,0
0,0,0,0,0,0
0,0,0,0,0,0
0,0,0,0,0,0
0,0,0,0,0,0
0,0,0,0,0,0
0,0,0,0,0,0
0,0,0,0,0,0
0,0,0,0,0,0
0,0,0,0,0,0
0,0,0,0,0,0
0,0,0,0,0,0
0,0,0,0,0,0
0,0,0,0,0,0
0,0,0,0,0,0
0,0,0,0,0,0
0,0,0,0,0,0
0,0,0,0,0,0
0,0,0,0,0,0
0,0,0,0,0,0
0,0,0,0,0,0
0,0,0,0,0,0
0,0,0,0,0,0
0,0,0,0,0,0
0,0,0,0,0,0
0,0,0,0,0,0
0,0,0,0,0,0
0,0,0,0,0,0
0,0,0,0,0,0
0,0,0,0,0,0
0,0,0,0,0,0
0,0,0,0,0,0
0,0,0,0,0,0
0,0,0,0,0,0
0,0,0,0,0,0
0,0,0,0,0,0
0,0,0,0,0,0
0,0,0,0,0,0
0,0,0,0,0,0
0,0,0,0,0,0
0,0,0,0,0,0
0,0,0,0,0,0
0,0,0,0,0,0
0,0,0,0,0,0
0.0,0.0,0.0260281083712224,0.0,0.0,0.0
0.0,0.0,0.07446766733731419,0.0,0.0,0.0
0.0,0.0,0.08108759497632877,0.0,0.0,0.0
0.0,0.0,0.06232884852096591,0.0,0.0,0.0
0.0,0.0,0.23853090358193066,0.0,0.0,0.0
0.0,0.0,0.23498032317897902,0.0,0.0,0.0
0.0,0.0,0.24813299915661405,0.0,0.0,0.0
0.0,0.0,0.22810104899025574,0.0,0.0,0.0
0.0,0.0,0.3410959902997073,0.0,0.0,0.0
0.0,0.0,0.3789616408545689,0.0,0.0,0.0
0.0,0.0,0.3699298500422571,0.0,0.0,0.0
0.0,0.0,0.4239104502844377,0.0,0.0,0.0
0.0,0.0,0.38770908778418317,0.0,0.0,0.0
0.0,0.0,0.41473773198888625,0.0,0.0,0.0
0.0,0.0,0.5379262752687641,0.0,0.0,0.0
0.0,0.0,0.4489852427559703,0.0,0.0,0.0
0.0,0.0,0.4929850867841042,0.0,0.0,0.0
0.0,0.0,0.5448171665761194,0.0,0.0,0.0
0.0,0.0,0.5496011103397054,0.0,0.0,0.0
0.0,0.0,0.6177718115913581,0.0,0.0,0.0
0.0,0.0,0.6539822038095315,0.0,0.0,0.0
0.0,0.0,0.7619325208762662,0.0,0.0,0.0
0.0,0.0,0.7619325208762662,0.0,0.0,0.0
0.0,0.0,0.9168948340897088,0.0,0.0,0.0
0.0,0.0,0.9825854546777648,0.0,0.0,0.0
0.0,0.0,1.1241182990385328,0.0,0.0,0.0
0.0,0.0,1.2214237990406132,0.0,0.0,0.0
0.0,0.0,1.2464821328968625,0.0,0.0,0.0
0.0,0.0,1.3103215572531612,0.0,0.0,0.0
0.0,0.0,1.3894227394532839,0.0,0.0,0.0
0.0,0.0,1.499830982078128,0.0,0.0,0.0
0.0,0.0,1.5143760781727669,0.0,0.0,0.0
0.0,0.0,1.6170701821133104,0.0,0.0,0.0
0.0,0.0,1.6935731298781502,0.0,0.0,0.0
0.0,0.0,1.6544859427555791,0.0,0.0,0.0
0.0,0.0,1.8302807540693835,0.0,0.0,0.0
0.0,0.0,1.8833307531298054,0.0,0.0,0.0
0.0,0.0,1.8574125973088496,0.0,0.0,0.0
0.0,0.0,1.929907825280529,0.0,0.0,0.0
0.0,0.0,2.0383214261505977,0.0,0.0,0.0
0.0,0.0,2.0881118428269527,0.0,0.0,0.0
0.0,0.0,1.9914055733296334,0.0,0.0,0.0
0.0,0.0,2.0336432998678915,0.0,0.0,0.0
0.0,0.0,2.2523634031172106,0.0,0.0,0.0
0.0,0.0,2.3843446566003412,0.0,0.0,0.0
0.0,0.0,2.2790319628867746,0.0,0.0,0.0
0.0,0.0,2.368048213554784,0.0,0.0,0.0
0.0,0.0,2.5093493549242742,0.0,0.0,0.0
0.0,0.0,2.5246483515468734,0.0,0.0,0.0
0.0,0.0,2.6875964306016726,0.0,0.0,0.0
0.0,0.0,2.619338951256819,0.0,0.0,0.0
0.0,0.0,2.855596332576342,0.0,0.0,0.0
0.0,0.0,2.9933665240168086,0.0,0.0,0.0
0.0,0.0,3.0221917466209325,0.0,0.0,0.0
0.0,0.0,3.0626855166370097,0.0,0.0,0.0
0.0,0.0,3.082412740893239,0.0,0.0,0.0
0.0,0.0,3.1976439353166963,0.0,0.0,0.0
0.0,0.0,3.069476689085183,0.0,0.0,0.0
0.0,0.0,3.1853381185165452,0.0,0.0,0.0
0.0,0.0,3.079323213320592,0.0,0.0,0.0
0.0,0.0,3.299826820567992,0.0,0.0,0.0
0.0,0.0,3.2658383955954635,0.0,0.0,0.0
0.0,0.0,3.3017319030856553,0.0,0.0,0.0
0.0,0.0,3.302643162081116,0.0,0.0,0.0
0.0,0.0,3.230079874932387,0.0,0.0,0.0
0.0,0.0,3.2715114875346245,0.0,0.0,0.0
0.0,0.0,3.3453035622044363,0.0,0.0,0.0
0.0,0.0,3.1857534044572233,0.0,0.0,0.0
0.0,0.0,3.290044405814823,0.0,0.0,0.0
0.0,0.0,3.4782618018229234,0.0,0.0,0.0
0.0,0.0,3.5099603944290587,0.0,0.0,0.0
0.0,0.0,3.502519715237363,0.0,0.0,0.0
0.0,0.0,3.641441757959511,0.0,0.0,0.0
0.0,0.0,3.714079965791175,0.0,0.0,0.0
0.0,0.0,3.789430386016755,0.0,0.0,0.0
0.0,0.0,3.794046764889385,0.0,0.0,0.0
0.0,0.0,3.9867441560574632,0.0,0.000876175184718826,0.0
0.0,0.0,3.9867441560574632,0.0,0.000876175184718826,0.0
0.0,0.0,4.116172297386552,0.0,0.0016937269800939038,0.0
0.0,0.0,4.227602787144585,0.0,0.00037596114639964497,0.0
0.0,0.0,4.244277931154555,0.0,0.0011496172642006795,0.0
0.0,0.0,4.244277931154555,0.0,0.0011496172642006795,0.0
0.0,0.0,4.22641313778784,0.0,0.0010053680194082857,0.0
0.0,0.0,4.401829678396926,0.0,0.0,0.0
0.0,0.0,4.552507548466755,0.0,0.0002781146611043468,0.0
0.0,0.0,4.434095551390485,0.0,0.0014255401024377348,0.0
0.0,0.0,4.434095551390485,0.0,0.0014255401024377348,0.0
0.0,0.0,4.448894244996124,0.0,0.0,0.0
0.0,0.0,4.359562609571515,0.0,0.0,0.0
0.0,0.0,4.315651702180179,0.0,0.0,0.0
0.0,0.0,4.4717567196364465,0.0,0.0,0.0
0.0,0.0,4.312446633263147,0.0,0.0,0.0
0.0,0.0,4.443901308933037,0.0,0.0,0.0
0.0,0.0,4.312895580363895,0.0,0.0,0.0
0.0,0.0,4.538583461712845,0.0,0.0,0.0
0.0,0.0,4.429223166157487,0.0,0.0,0.0
0.0,0.0,4.449745292242542,0.0,0.0,0.0
0.0,0.0,4.578903609498736,0.0,0.0,0.0
0.0,0.0,4.667691431893096,0.0,0.0,0.0
0.0,0.0,4.749739848952075,0.0,0.000125026240798566,0.0
0.0,0.0,4.812959261889675,0.0,0.0,0.0
0.0,0.0,4.954309252980779,0.0,0.0015573707799219627,0.0
0.0,0.0,5.032041648589507,0.0,0.0,0.0
0.0,0.0,4.908531738431412,0.0,0.0,0.0
0.0,0.0,4.973539650723258,0.0,0.0,0.0
0.0,0.0,4.958019563076332,0.0,0.0,0.0
0.0,0.0,4.97457079683568,0.0,0.0,0.0
0.0,0.0,5.092379247270382,0.0,0.0,0.0
0.0,0.0,4.940093844946408,0.0,0.0,0.0
0.0,0.0,4.9626526361059415,0.0,0.0,0.0
0.0,0.0,4.809360665291087,0.0,0.0,0.0
0.0,0.0,5.009523927726915,0.0,0.0,0.0
0.0,0.0,5.322588164997913,0.0,0.0,0.0
0.0,0.0,5.1339041215922325,0.0,0.0,0.0
0.0,0.0,5.311465728717411,0.0,0.0,0.0
0.0,0.0,5.28409850358669,0.0,0.0005860286150646554,0.0
0.0,0.0,5.47964230545876,0.0,0.0,0.0
0.0,0.0,5.3875457188999345,0.0,0.0,0.0
0.0,0.0,5.415947529357142,0.0,0.0,0.0
0.0,0.0,5.6413274877097335,0.0,0.0,0.0
0.0,0.0,5.518049651165727,0.0,0.0,0.0
0.0,0.0,5.460050974580357,0.0,0.0,0.0
0.0,0.0,5.499184471315037,0.0,0.0,0.0
0.0,0.0,5.377553572769184,0.0,0.0,0.0
0.0,0.0,5.273286887690442,0.0,0.0,0.0
0.0,0.0,5.323037319650878,0.0,0.0,0.0
0.0,0.0,5.213311322380973,0.0,0.0,0.0
0.0,0.0,5.309904744756168,0.0,0.0,0.0
0.0,0.0,5.222007346552516,0.0,0.0,0.0
0.0,0.0,5.274766510282061,0.0,0.0,0.0
0.0,0.0,5.2408827528594895,0.0,0.0,0.0
0.0,0.0,5.30484884119865,0.0,0.0,0.0
0.0,0.0,5.4062769101727834,0.0,0.0,0.0
0.0,0.0,5.343408401855058,0.0,0.0,0.0
0.0,0.0,5.14788047297878,0.0,0.0,0.0
0.0,0.0,5.1304692706633706,0.0,0.0,0.0
0.0,0.0,5.306691370100228,0.0,0.0,0.0
0.0,0.0,5.2607336430595995,0.0,0.0,0.0
0.0,0.0,5.060197652842016,0.0,0.0,0.0
0.0,0.0,5.388170229074772,0.0,0.0,0.0
0.0,0.0,5.612977349904017,0.0,0.0,0.0
0.0,0.0,5.3105342537276155,0.0,0.0,0.0
0.0,0.0,5.436692984424328,0.0,0.0,0.0
0.0,0.0,5.565119661424726,0.0,0.0,0.0
0.0,0.0,5.518885528114062,0.0,0.0,0.0
0.0,0.0,5.475187821692029,0.0,0.0,0.0
0.0,0.0,5.602557026472734,0.0,0.0,0.0
0.0,0.0,5.634790333868333,0.0,0.0,0.0
0.0,0.0,5.805353562573563,0.0,0.0,0.0
0.0,0.0,5.6232126733284264,0.0,0.0,0.0
0.0,0.0,5.5709056087413185,0.0,0.0,0.0
0.0,0.0,5.943444765107457,0.0,0.0,0.0
0.0,0.0,5.751665313829353,0.0,0.0,0.0
0.0,0.0,5.787071605611223,0.0,0.0,0.0
0.0,0.0,5.476136025555028,0.0,0.0,0.0
0.0,0.0,5.56924560897132,-0.0012814450119721607,0.0,0.0
0.0,0.0,5.425696582144974,0.0,0.0,0.0
0.0,0.0,5.455317640868073,0.0,0.0,0.0
0.0,0.0,5.321004220259675,0.0,0.0,0.0
0.0,0.0,5.238695130889374,0.0,0.0,0.0
0.0,0.0,5.390201068842457,0.0,0.0,0.0
0.0,0.0,5.064810863427205,0.0,0.0,0.0
0.0,0.0,4.898372089549771,0.0,0.0,0.0
0.0,0.0,5.176025575058734,0.0,0.0,0.0
0.0,0.0,5.369289418005227,0.0,0.0,0.0
0.0,0.0,4.97347691003319,0.0,0.0,0.0
0.0,0.0,4.838244310501009,0.0,0.0,0.0
0.0,0.0,5.184478275105212,0.0,0.0,0.0
0.0,0.0,5.373872303074294,0.0,0.0,0.0
0.0,0.0,5.013555078312137,0.0,0.0,0.0
0.0,0.0,4.717824140662683,0.0,0.0,0.0
0.0,0.0,5.299504233988179,0.0,0.0,0.0
0.0,0.0,5.313765000071081,-0.0015784692751813563,0.0,0.0
0.0,0.0,5.114964633948217,-0.0007455908011258677,0.0,0.0
0.0,0.0,5.492038536895701,0.0,0.0,0.0
0.0,0.0,5.576909621929623,0.0,0.0,0.0
0.0,0.0,5.0601508789485345,0.0,0.0,0.0
0.0,0.0,5.153782461784191,-0.003146740783129532,0.0,0.0
0.0,0.0,4.997432183761702,-0.004855290013000051,0.0,0.0
0.0,0.0,5.002873287823724,-0.007444938135076844,0.0,0.0
0.0,0.0,4.697993390601872,-0.0001062987353665394,0.0,0.0
0.0,0.0,4.770205690219894,0.0,0.0,0.0
0.0,0.0,5.099807063403155,0.0,0.0,0.0
0.0,0.0,5.097107667388133,0.0,0.0,0.0
0.0,0.0,4.495957136543451,-0.0013546842608994092,0.0,0.0
0.0,0.0,4.483443573982065,-0.0006722835468400973,0.0,0.0
0.0,0.0,4.942211924010368,0.0,0.0,0.0
0.0,0.0,4.959817743403711,0.0,0.0,0.0
0.0,0.0,4.689334414376211,0.0,0.0,0.0
0.0,0.0,4.769990608452882,0.0,0.0,0.0
0.0,0.0,5.151858969966097,0.0,0.0,0.0
0.0,0.0,5.245466765621157,0.0,0.0,0.0
0.0,0.0,4.877277331261015,-0.01370924190980804,0.0,0.0
0.0,0.0,4.9563451528156905,-0.009162706494254321,0.0,0.0
0.0,0.0,5.4854455817085945,0.0,0.0,0.0
0.0,0.0,5.628674511148661,0.0,0.0,0.0
0.0,0.0,5.1803861446007,0.0,0.0,0.0
0.0,0.0,5.152055350874797,-0.002745588005004616,0.0,0.0
0.0,0.0,5.179415263554269,-0.008359138324402786,0.0,0.0
0.0,0.0,5.249273606842712,-0.00859615405635322,0.0,0.0
0.0,0.0,5.249751476776024,0.0,0.0,-0.0005773045357657074
0.0,0.0,5.200822801482238,0.0,0.0,0.0
0.0,0.0,5.289910847515584,0.0,0.0,-0.0003090045141339906
0.0,0.0,5.178265621302638,0.0,0.0,0.0
0.0,0.0,5.160116351133866,-0.001125547153705255,0.0,0.0
0.0,0.0,5.177023395202978,-0.0009664231080845836,0.0,0.0
0.0,0.0,5.2665464290253485,0.0,0.0,0.0
0.0,0.0,5.497911491582967,0.0,0.0,-0.0003527914322442532
0.0,0.0,5.45085448879078,0.0,0.0,0.0
0.0,0.0,5.315766597094987,-0.0023323278629571354,0.0,0.0
0.0,0.0,5.2009361626567685,-0.004106217199026487,0.0,-0.0008441465551652287
0.0,0.0,5.194805114259014,-0.006050382873708092,0.0,0.0
0.0,0.0,5.102276720401053,0.0,0.0,0.0
0.0,0.0,5.137505757265597,0.0,0.0,0.0
0.0,0.0,4.918312436121264,0.0,0.0,0.0
0.0,0.0,4.931963523760087,-0.002206477809189836,0.0,0.0
0.0,0.0,4.787952863651922,-0.0032315311482475463,0.0,0.0
0.0,0.0,4.856872891710951,0.0,0.0,0.0
0.0,0.0,4.738743412002721,0.0,0.0,0.0
0.0,0.0,4.851861965786447,0.0,0.0,0.0
0.0,0.0,4.919156474688836,0.0,0.0,0.0
0.0,0.0,5.089669494193425,0.0,0.0,0.0
0.0,0.0,4.780060782451993,0.0,0.0,0.0
0.0,0.0,4.943062092660367,0.0,0.0,0.0
0.0,0.0,5.019475822806909,0.0,0.0,0.0
0.0,0.0,5.0111026876944695,0.0,0.0,0.0
0.0,0.0,5.091320243273314,0.0,0.0,0.0
0.0,0.0,4.887146495634654,-0.0002551279999772889,0.0,0.0
0.0,0.0,4.836864170183481,0.0,0.0,0.0
0.0,0.0,5.240439272357071,0.0,0.0,0.0
0.0,0.0,5.116359293250411,0.0,0.0,0.0
0.0,0.0,5.006155770054841,0.0,0.0,0.0
0.0,0.0,5.3534330601686015,0.0,0.0,0.0
0.0,0.0,5.519684710611058,0.0,0.0,0.0
0.0,0.0,5.534122758252574,0.0,0.0,0.0
0.0,0.0,5.975698582064891,0.0,0.0,-0.0004109327443459753
0.0,0.0,5.974676685693739,0.0,0.0,0.0
0.0,0.0,5.567268723067878,-0.0014442753842819622,0.0,0.0
0.0,0.0,5.622880986631037,-0.01358749868062974,0.0006196639904198861,-0.0020235936853635304
0.0,0.0,5.6018902155994486,-0.007726767321729886,0.0,-0.0004075878539178112
0.0,0.0,5.787686831011788,-0.00031277530095031003,0.0,-0.0011770058203121815
0.0,0.0,5.8408686059171036,0.0,0.0,-0.0015811789198103005
0.0,0.0,5.457668055941916,0.0,0.0,-8.402293090904422e-05
0.0,0.0,5.21627720335347,0.0,0.0,-0.002250113104291924
0.0,0.0,5.159686546904597,-0.003190274876363656,0.0,-0.005094927561989963
0.0,0.0,5.1054367421078055,0.0,0.0,-0.002206661986259486
0.0,0.0,5.108979765188797,0.0,0.0,-0.00617471630541479
0.0,0.0,4.697166494051638,-0.0010649028631121342,0.0,-0.004147961642704032
0.0,0.0,4.493378814724917,0.0,0.0,-0.004361390885734136
0.0,0.0,4.7311279994111946,0.0,0.0,-0.004421274254458653
0.0,0.0,4.956662612606643,0.0,0.0,-0.00656854233289933
0.0,0.0,4.83252754687645,0.0,0.0,-0.007847997257925657
0.0,0.0,4.872723046848372,0.0,0.0,-0.007844121046776533
0.0,0.0,5.094025805808366,0.0,0.0,-0.008238452754919351
0.0,0.0,5.120539860556191,0.0,0.0,-0.009750011280824016
0.0,0.0,5.020692019870983,0.0,0.0,-0.007573433343966138
0.0,0.0,5.370152713121278,0.0,0.0,-0.00682596857028975
0.0,0.0,5.424186182000897,0.0,0.0,-0.0062710135153166615
0.0,0.0,5.124814877912742,-0.001852652912239935,0.0,-0.009915903733216911
0.0,0.0,5.07992945706754,-0.004189304252734711,0.0,-0.008451547190425639
0.0,0.0,5.532358719134634,0.0,0.0,-0.00867375489219111
0.0,0.0,5.38028819313344,0.0,0.0,-0.00577729047363036
0.0,0.0,5.108314252117762,0.0,0.0,-0.007193957308996424
0.0,0.0,4.924034954025701,-0.0008155845896046187,0.0,-0.009738527649893507
0.0,0.0,4.924939502860479,0.0,0.0,-0.006239317319263025
0.0,0.0,5.055160387921265,0.0,0.0,-0.005924903639607014
0.0,0.0,5.046717730298307,0.0,0.0,-0.004850990321005845
0.0,0.0,4.788647809051586,0.0,0.0,-0.004603296096385108
0.0,0.0,5.070886351811369,0.0,0.0,-0.006228685359453196
0.0,0.0,5.237302989300785,0.0,0.0,-0.007172482975376979
0.0,0.0,5.1169468048805875,0.0,0.0,-0.0037620763938657304
0.0,0.0,5.1429672032138365,0.0,0.0,-0.005824939495239401
0.0,0.0,5.143274146510607,0.0,0.0,-0.0039363036530135525
0.0,0.0,5.436313533072649,0.0,0.0,-0.0011973077378591075
0.0,0.0,5.319847145709373,0.0,0.0,-0.0020334481611075073
0.0,0.0,5.040262881149465,0.0,0.0,-0.0024104085676349926
0.0,0.0,5.365547697548366,0.0,0.0,-0.002602791741603075
0.0,0.0,5.369573188011972,-0.005218966192509281,0.0,-0.0019294615937571493
0.0,0.0,5.237804276703092,-0.01162593533761295,0.0,-0.0017249117239167774
0.0,0.0,5.035379267281836,-0.012928188765926113,0.0,-0.004689175253666762
0.0,0.0,4.992036142413403,0.0,0.0,-0.0034749065571193704
0.0,0.0,5.858724121047965,0.0,0.0,-0.0016497803037412808
0.0,0.0,5.716665904988012,0.0,0.0,-0.0012093874393489077
0.0,0.0,5.117651019112124,-0.001394802632933224,0.0,-0.003575573396548908
0.0,0.0,5.339055575173215,-0.00048653567946281925,0.0,-0.0036634422263442483
0.0,0.0,5.658762014889985,0.0,0.0,-0.004628002967763026
0.0,0.0,5.4540320209587145,0.0,0.0,-0.0013947247984503238
0.0,0.0,5.375830043557447,0.0,0.0,-0.002786829567892039
0.0,0.0,5.256505604147993,0.0,0.0,-0.0016943526035777968
0.0,0.0,5.547940877152587,0.0,0.0,-0.0007539368472569845
0.0,0.0,5.684869854354108,0.0,0.0,-0.00033650176916405456
0.0,0.0,5.382427321493976,0.0,0.0,-0.002064526543179808
0.0,0.0,5.506075213259203,-0.006976115964312394,0.0,-0.002962535981623957
0.0,0.0,5.552648993773657,-0.007316785898327011,0.0,-0.0032383378699543746
0.0,0.0,5.466290275748198,-0.005565792033883016,0.0,-0.0036281169709092274
0.0,0.0,5.627403029383667,-0.005201839986446487,0.0,-0.004009231799221002
0.0,0.0,5.535957188106678,-0.008125596231556276,0.0,-0.0027038073975982615
0.0,0.0,5.435246391828884,-0.013089787428729165,0.0,-0.005274435896965797
0.0,0.0,5.916700531295278,0.0,0.0,-0.0044783833512953355
0.0,0.0,5.724656333026564,0.0,0.0,-0.0062070131814147625
0.0,0.0,5.724656333026564,0.0,0.0,-0.0062070131814147625
0.0,0.0,5.094217002371611,-0.006938203528823801,0.0,-0.006877288536804392
0.0,0.0,5.417387392322124,0.0,0.0,-0.0023206233783546804
0.0,0.0,5.417387392322124,0.0,0.0,-0.0023206233783546804
0.0,0.0,5.105950054804951,0.0,0.0,-0.0032236589945538506
0.0,0.0,4.751634225831382,0.0,0.0,-0.003966693615181958
0.0,0.0,5.250413664636272,0.0,0.0,0.0
0.0,0.0,5.5819421928849735,0.0,0.0,0.0
0.0,0.0,5.454793388919983,0.0,0.0,0.0
0.0,0.0,5.456601048974427,0.0,0.0,0.0
0.0,0.0,5.584250869871682,0.0,0.0,0.0
0.0,0.0,5.912603484305653,-0.0006937885425647547,0.0,0.0
0.0,0.0,5.563264036108738,-0.008826782978980287,0.0,0.0
0.0,0.0,5.894410023497679,-0.0061438160291811105,0.0,0.0
0.0,0.0,5.900164874894259,-0.009384545925386498,0.0006695565514722409,0.0
0.0,0.0,5.953789397068329,-0.010805117637342154,0.0,0.0
0.0,0.0,5.98013233793857,-0.005625833169681839,0.0,0.0
0.0,0.0,5.796961043591319,-0.009620062158183472,0.0,0.0
0.0,0.0,5.808005996437642,-0.0076963348583269225,0.0,0.0
0.0,0.0,5.479042853340212,-0.007229944199199935,0.0,0.0
0.0,0.0,5.2278619762947836,-0.0034763258181252353,0.0,0.0
0.0,0.0,5.608729674105949,0.0,0.0,0.0
0.0,0.0,5.340192454395433,-0.009804066983505137,0.0,0.0
0.0,0.0,4.985894827581248,-0.012537499649783016,0.002766504442119628,0.0
0.0,0.0,4.8884033264207165,-0.010694974398299936,0.0026430551252074534,0.0
0.0,0.0,4.9710946365508075,-0.0036679218862429785,0.0,0.0
0.0,0.0,5.303234186891141,0.0,0.0,0.0
0.0,0.0,5.256596555726245,0.0,0.0,0.0
0.0,0.0,5.034672885223061,0.0,0.0,0.0
0.0,0.0,5.347460512143815,0.0,0.0,0.0
0.0,0.0,5.397362377160599,-0.005466889997210836,0.0,0.0
0.0,0.0,5.0488727634316,-0.016912120927643236,0.009043992939677083,0.0
0.0,0.0,5.0975065971025595,-0.020815220143436248,0.0015677397867413143,0.0
0.0,0.0,5.410864612073485,-0.009704590184760113,0.0,0.0
0.0,0.0,5.589923097705673,-0.003661748885762501,0.0,0.0
0.0,0.0,5.358390451796952,-0.0071447939677480215,0.0,0.0
0.0,0.0,5.049306434888383,-0.010853438249052447,0.0013831728823607814,0.0
0.0,0.0,5.345772144017994,-0.0034969647350745494,0.0,0.0
0.0,0.0,5.8569829282089225,-0.00018220703748465846,0.0004697618302554077,0.0
0.0,0.0,5.29336725183881,-0.01676240245019339,0.009839371526360122,0.0
0.0,0.0,4.72991659609824,-0.029816356195482487,0.011725886697673533,0.0
0.0,0.0,5.045569901198126,-0.006589828128953262,0.0008700437025716292,0.0
0.0,0.0,5.44676973953447,0.0,0.0,0.0
0.0,0.0,4.98627260364064,0.0,0.0,0.0
0.0,0.0,4.73831117192556,0.0,0.0,0.0
0.0,0.0,4.8747432495461,0.0,0.0,0.0
0.0,0.0,5.418282629219582,0.0,0.0,0.0
0.0,0.0,5.202492277026136,-0.00330171082036988,0.0,0.0
0.0,0.0,5.0934011905151895,-0.01175313611323466,0.0,0.0
0.0,0.0,5.358038187689533,-0.016219579391201406,0.004400778327074903,0.0
0.0,0.0,5.849668101453776,-0.011677600246952566,0.00468878214048851,0.0
0.0,0.0,5.866974668239282,-0.009414766533773319,0.00048670266003324365,0.0
0.0,0.0,5.450144510349881,-0.014872819047109992,0.004108892114801093,0.0
0.0,0.0,5.51414122826453,-0.010030383687166959,0.00603802883149913,0.0
0.0,0.0,5.869815104761271,-0.006261772960102339,0.010177726995733109,0.0
0.0,0.0,5.432715418134572,-0.015517886463898515,0.011746482685267519,0.0
0.0,0.0,4.873133602107556,-0.014440859557180396,0.008402042575538846,0.0
0.0,0.0,5.101524543746365,-0.001065947369289502,0.0012785029894844479,0.0
0.0,0.0,4.982314490762244,0.0,0.0,0.0
0.0,0.0,5.0009104647559015,0.0,0.0,0.0
0.0,0.0,4.685345165357775,0.0,0.0,0.0
0.0,0.0,4.489479640923568,0.0,0.0,0.0
0.0,0.0,4.679683799747168,0.0,0.0,0.0
0.0,0.0,4.843994879438414,0.0,0.0,0.0
0.0,0.0,4.849939085153402,0.0,0.0,0.0
0.0,0.0,4.837249957277639,-0.008893527707156632,0.0,0.0
0.0,0.0,5.090948648855408,-0.00911743326087119,0.0,0.0
0.0,0.0,5.1017379607500395,-0.010213006159147735,0.0,0.0
0.0,0.0,5.011422516789161,-0.01144882546514971,0.0,0.0
0.0,0.0,4.9163251917802615,-0.01316438147930336,0.0,0.0
0.0,0.0,4.977890477650255,-0.007453578374126621,0.0,0.0
0.0,0.0,4.9651144946196535,-0.01039854655896986,0.0,0.0
0.0,0.0,4.620454887661446,-0.009688777946205884,0.0,0.0
0.0,0.0,4.692151539811015,-0.008120699261468764,0.0,0.0
0.0,0.0,4.738017613056451,0.0,0.0,0.0
0.0,0.0,5.261706465809271,0.0,0.0,0.0
0.0,0.0,5.190569828685201,0.0,0.0,0.0
0.0,0.0,5.270141627003216,0.0,0.0,0.0
0.0,0.0,5.349835165413465,0.0,0.0,0.0
0.0,0.0,5.934057304169602,0.0,0.0,0.0
0.0,0.0,5.687375154224273,-0.00367702914255776,0.0,0.0
0.0,0.0,5.282392138088248,-0.01067176130787078,0.0,0.0
0.0,0.0,5.704491278984002,-0.008511992887515727,0.0,0.0
0.0,0.0,5.805650331747645,-0.011883699746166033,0.0,0.0
0.0,0.0,5.086153125311522,-0.01610060092697823,0.0,0.0
0.0,0.0,5.400209876990433,-0.004656623136902615,0.0,0.0
0.0,0.0,5.1918162359651365,-0.0013167226871821907,0.0,0.0
0.0,0.0,5.194984416317768,0.0,0.0,0.0
0.0,0.0,5.0625267552979185,0.0,0.0,0.0
0.0,0.0,4.812047682100757,0.0,0.0,0.0
0.0,0.0,4.892294424296132,0.0,0.0,0.0
0.0,0.0,4.6588845879264955,0.0,0.0,0.0
0.0,0.0,4.76070448293836,0.0,0.0,0.0
0.0,0.0,5.009481592097243,0.0,0.0,0.0
0.0,0.0,4.514507391361434,0.0,0.0,0.0
0.0,0.0,4.80105712909964,0.0,0.0,0.0
0.0,0.0,4.6345231202130295,-0.0023448619049612246,0.0,0.0
0.0,0.0,4.6120506842471,-0.005062786096970145,0.0,0.0
0.0,0.0,4.764852512390574,0.0,0.0,0.0
0.0,0.0,4.9815076723312535,0.0,0.0,0.0
0.0,0.0,4.983132677486398,-0.00015257860509254644,0.0,0.0
0.0,0.0,4.985748081619914,-0.004295623726132793,0.0,0.0
0.0,0.0,4.885595636738942,-0.007096557725775955,0.0016689701526102368,0.0
0.0,0.0,4.806621617832199,-0.010134279003618255,0.004250862703126087,0.0
0.0,0.0,5.062484915124233,-0.007975480062057273,0.0,0.0
0.0,0.0,4.906093193885281,-0.003349550064376785,0.0018228689800445321,0.0
0.0,0.0,5.106458952333544,0.0,0.0,0.0
0.0,0.0,5.17105331310257,0.0,8.376189567442904e-06,0.0
0.0,0.0,5.267052617551839,-0.001279718540650366,0.0,0.0
0.0,0.0,5.222605821091607,-0.004663396033052163,0.002709575840345287,0.0
0.0,0.0,4.9873469054628154,-0.011244359577527941,0.0023314671132938195,0.0
0.0,0.0,5.301716056233145,-0.01437122274267207,0.006116451405560288,0.0
0.0,0.0,5.091627702572714,-0.01653866441365143,0.001212468489551604,0.0
0.0,0.0,5.037474490797547,-0.014843708020281492,0.0,0.0
0.0,0.0,4.906379176016717,-0.003203485057972645,0.0,0.0
0.0,0.0,5.122176620521153,0.0,0.0,0.0
0.0,0.0,4.7115709043051055,0.0,0.0,0.0
0.0,0.0,4.916547134578536,0.0,0.0,0.0
0.0,0.0,4.5485432011342395,0.0,0.0,0.0
0.0,0.0,4.5485432011342395,0.0,0.0,0.0
0.0,0.0,4.961503600289599,0.0,0.0,0.0
0.0,0.0,5.113160471298875,0.0,0.0,0.0
0.0,0.0,5.268915056565629,0.0,0.0,0.0
0.0,0.0,5.032571561231219,-0.0023747038145770804,0.0,0.0
0.0,0.0,5.157839667783392,-0.012151181848615269,0.002932357283368191,0.0
0.0,0.0,4.7719591980761376,-0.02225649254364535,0.010422706234129723,0.0
0.0,0.0,4.631541036457388,-0.01534179104330427,0.0010268365195774231,0.0
0.0,0.0,4.849471347804036,-0.0010716439972534612,0.0,0.0
0.0,0.0,4.420511490559781,0.0,0.0,0.0
0.0,0.0,4.199092749883415,0.0,0.0,0.0
0.0,0.0,4.688486871659885,0.0,0.0,0.0
0.0,0.0,4.58858372703359,0.0,0.0,0.0
0.0,0.0,4.333609714154333,0.0,0.0,0.0
0.0,0.0,4.463492824889839,0.0,0.0,0.0
0.0,0.0,4.7358504263324885,-0.0006442219956803186,0.0,0.0
0.0,0.0,4.823726250513854,-0.005584743831584395,0.0029152508080702586,0.0
0.0,0.0,4.651588482472851,-0.006666887708922334,0.001454385074277247,0.0
0.0,0.0,4.652314505272695,-0.0018988086173031555,0.0,-0.001263524796262463
0.0,0.0,5.1618678421026924,0.0,0.0,0.0
0.0,0.0,4.7286962772275425,0.0,0.0,-0.0007646477904704114
0.0,0.0,4.765096610275995,0.0,0.0,-0.0033860833583718684
0.0,0.0,4.636075233295142,-0.0007206424684967646,0.00039749194110577977,0.0
0.0,0.0,4.811358876270637,0.0,0.0034307564243269647,-0.0014295649926299664
0.0,0.0,4.937779049999392,0.0,0.0,-0.001373412959064789
0.0,0.0,4.934344408120026,0.0,0.0,-0.0027667210457109495
0.0,0.0,5.065133632101385,0.0,0.000796766242990309,-0.003564704028672276
0.0,0.0,5.44403921071143,0.0,0.0,-0.0036496798383508456
0.0,0.0,5.4344137046355545,0.0,0.0032151785126534648,-0.006044427867650394
0.0,0.0,5.187329581059588,0.0,0.009778656919538211,-0.0035660795037985504
0.0,0.0,4.984863998199866,0.0,0.005006549847602455,-0.006455822744219278
0.0,0.0,5.062176198627592,0.0,0.001495809509070049,-0.006088933133755163
0.0,0.0,5.241990458274792,0.0,0.004336258078762314,-0.0029335333170936984
0.0,0.0,4.662538496829979,0.0,0.006923776087532936,-0.004473639614113812
0.0,0.0,4.4680931192424875,0.0,0.0,-0.0038080159372446258
0.0,0.0,4.958968054675597,0.0,0.0,-0.006155813867211872
0.0,0.0,4.773247276832865,0.0,0.0,-0.00085388874801791
0.0,0.0,4.148807624196531,0.0,0.0,-0.00685426111665439
0.0,0.0,4.269812970591232,0.0,0.0,-0.0044221542903597685
0.0,0.0,4.4741245465004615,0.0,0.0,-0.00466029845072812
0.0,0.0,4.301182564560557,0.0,0.0016803191155670943,-0.00306930859143129
0.0,0.0,4.004886538549117,0.0,0.0041568017058321565,-0.006003508254018105
0.0,0.0,3.8743259396253817,0.0,0.0,-0.004657286997600335
0.0,0.0,4.219951811840472,0.0,0.0,-0.003714621952733184
0.0,0.0,3.81822758352916,0.0,0.0,-0.002115954579368037
0.0,0.0,3.843867295417497,0.0,0.0,-0.008682162828076509
0.0,0.0,3.7920668814656358,0.0,0.0,-0.0038710174923594484
0.0,0.0,3.9888349712539615,0.0,0.0,-0.005835585029766851
0.0,0.0,3.5496005715728365,0.0,0.0005416834223499506,-0.006650617150897925
0.0,0.0,3.5351671893266507,0.0,0.0,-0.00667414283434372
0.0,0.0,3.8022611950666394,0.0,0.0,-0.0039400776529740725
0.0,0.0,3.912137342249126,0.0,0.0,-0.0048358413161985634
0.0,0.0,3.7001481431753795,0.0,0.0,-0.00985642390115363
0.0,0.0,3.6953224340171325,-0.0012973107211869236,0.0,-0.007730096475241764
0.0,0.0,4.170983272380876,0.0,0.0006524073528723746,-0.006999988096293217
0.0,0.0,3.812963225762764,0.0,0.0,-0.008391598318385474
0.0,0.0,3.881710658386685,-0.0005669521644123548,0.0,-0.012809690369557963
0.0,0.0,3.880443340087942,0.0,0.0,-0.00783547578495081
0.0,0.0,4.4621124305567,0.0,0.0,-0.009921930202186647
0.0,0.0,4.157057516103421,0.0,0.0003203598475614712,-0.011784956763180584
0.0,0.0,3.79449940286428,0.0,0.0036011450934866746,-0.013641549667615164
0.0,0.0,3.8685565376292836,-0.0009120026511660332,0.0033643043015104657,-0.014903608058132308
0.0,0.0,3.9798763223998543,0.0,0.004910039666629543,-0.01469114649129632
0.0,0.0,3.6422042923631457,0.0,0.0,-0.012331608396986542
0.0,0.0,4.06893620941908,0.0,0.0,-0.010596733088758666
0.0,0.0,4.496168582636713,0.0,0.0,-0.011697268102087485
0.0,0.0,4.086743896700377,-0.005685420083848194,0.0059515478444952105,-0.013356187253028267
0.0,0.0,3.7191032427797155,-0.021145703660623294,0.014549073216519399,-0.016795602906715685
0.0,0.0,4.010315655357968,-0.01455056273655438,0.00357505740227339,-0.012554528107021266
0.0,0.0,3.9903188690313947,-0.009244391635779236,0.009822472313336836,-0.010382607923730443
0.0,0.0,3.4852453356985675,-0.009425063153125513,0.007960768761714901,-0.009695423175564873
0.0,0.0,3.3159363451989043,0.0,0.0,-0.010939855786386645
0.0,0.0,3.9753369065630677,0.0,0.0,-0.007304659408963415
0.0,0.0,3.60158084734312,0.0,0.0,-0.0035193570097600386
0.0,0.0,3.314244352455122,0.0,0.0,-0.004088273014769125
0.0,0.0,3.126460841198369,0.0,0.0,-0.011874655357353976
0.0,0.0,3.7167507497427428,0.0,0.0,-0.00398488745674828
0.0,0.0,3.8617827154742215,0.0,0.0,-0.002351169353214099
0.0,0.0,3.3478135396479813,0.0,0.0,-0.00502737843734144
0.0,0.0,3.4955548587263863,0.0,0.0,-0.001949477043838701
0.0,0.0,3.4716072989322884,0.0,0.0,0.0
0.0,0.0,3.4374769104596345,-0.0018494722799562522,0.001810894070239114,-0.0003478543800522659
0.0,0.0,2.7861726328827947,-0.01178483154327303,0.004072823555923426,-0.0015768735515711689
0.0,0.0,3.13548403373649,-0.00043683103256331787,0.0,0.0
0.0,0.0,3.5150047898694226,0.0,0.0,0.0
0.0,0.0,3.3280396592270423,-0.0010037145164420943,0.0,0.0
0.0,0.0,3.197395834019051,-0.00028846437566537744,0.0,0.0
0.0,0.0,3.5278071025613875,0.0,0.0,0.0
0.0,0.0,3.857009527348299,0.0,0.00018501720855997414,0.0
0.0,0.0,3.3593358914548235,-0.009590459357913205,0.005041082539412109,0.0
0.0,0.0,3.4273834862761987,-0.0111934202350744,0.0070804674140501084,0.0
0.0,0.0,3.4185483968308894,-0.005829858685561971,0.012437250497873923,0.0
0.0,0.0,3.4636598119702042,-0.002233142920676671,0.010582700157776171,0.0
0.0,0.0,3.1031268919927806,-0.004557815020973856,0.011396477241811382,0.0
0.0,0.0,2.983405445138893,0.0,0.0,0.0
0.0,0.0,3.176444019610657,0.0,0.0,0.0
0.0,0.0,3.4116341095713794,0.0,0.0,0.0
0.0,0.0,2.9502202495182215,0.0,0.0,0.0
0.0,0.0,2.830723708030287,0.0,0.0,0.0
0.0,0.0,3.201504756847065,0.0,0.0,0.0
0.0,0.0,3.355281658404761,0.0,0.0,0.0
0.0,0.0,3.509550182283936,0.0,0.0,0.0
0.0,0.0,3.075837931649183,-0.0037592148472425377,0.0,0.0
0.0,0.0,3.1902645054321384,0.0,0.0,0.0
0.0,0.0,4.046339840491765,0.0,0.0,0.0005364374744108119
0.0,0.0,3.697954993240183,0.0,0.0,0.00015093699482931407
0.0,0.0,3.298869103055207,-0.005223282202744546,0.0,0.0
0.0,0.0,3.4818786682846983,0.0,0.0,0.0004952007364413535
0.0,0.0,3.9334308280281554,0.0,0.0,0.0053467726583955955
0.0,0.0,3.2841363266331447,-0.004697803117405532,0.0,0.004798214601074025
0.0,0.0,3.073878211957044,-0.006352772979798954,0.0,0.0046797353031776635
0.0,0.0,3.2707897055598485,0.0,0.0,0.012359305437455406
0.0,0.0,3.438261493980227,0.0,0.0,0.014995598420984363
0.0,0.0,3.347853178934713,0.0,0.0,0.010821476773477926
0.0,0.0,2.9567123377958424,0.0,0.0,0.015096730883331588
0.0,0.0,3.4084057926260956,0.0,0.0,0.018337037737376542
0.0,0.0,3.4084057926260956,0.0,0.0,0.018337037737376542
0.0,0.0,2.6493901970999043,-0.0109262283451846,0.0004888424544104475,0.011643119334217186
0.0,0.0,2.6493901970999043,-0.0109262283451846,0.0004888424544104475,0.011643119334217186
0.0,0.0,3.428036375658037,0.0,0.0,0.015418743874251389
0.0,0.0,3.428036375658037,0.0,0.0,0.015418743874251389
0.0,0.0,2.7675860344215293,0.0,0.0,0.01421463423777139
0.0,0.0,3.3138670186044505,0.0,0.0,0.015195734161119318
0.0,0.0,3.8030002122781164,0.0,0.0,0.014523873174426216
0.0,0.0,3.6434401449352927,0.0,0.0,0.014213818208804383
0.0,0.0,3.6187863518753196,-0.0009338624766407893,0.0,0.008425974501626623
0.0,0.0,3.774233268902369,-0.0005035125993719446,0.007159900482062822,0.013340993814708185
0.0,0.0,3.855902818643878,-0.004258470979255093,0.008246770099852977,0.012598214563732751
0.0,0.0,3.658567115934143,-0.014487185500074735,0.010170508506413496,0.008009883220468897
0.0,0.0,2.941244037766499,-0.019785872636321398,0.020331923066840032,0.00815271330125616
0.0,0.0,3.3049515185433704,0.0,0.0027627692799871368,0.010116774815324404
0.0,0.0,3.368973655898929,0.0,0.0,0.010926882417413592
0.0,0.0,3.1842577326849435,0.0,0.0,0.008826867694501033
0.0,0.0,2.779223899157215,0.0,0.0,0.00730632503792721
0.0,0.0,3.0964887268614154,0.0,0.0,0.0075709118789935095
0.0,0.0,2.9850934290410103,0.0,0.0,0.010759954460397795
0.0,0.0,3.0023041785665083,0.0,0.0,0.0059478106261228025
0.0,0.0,2.754382349876219,0.0,0.0021008834266964035,0.005937894550671936
0.0,0.0,2.8469472000498057,-0.0017803120793953569,0.006001882176766912,0.0047056826531888364
0.0,0.0,2.953993029600333,0.0,0.0,0.004183710789592373
0.0,0.0,2.976084391910888,0.0,0.0,0.004855920373519297
0.0,0.0,2.802810089753927,0.0,0.0,0.004894756460378059
0.0,0.0,2.650276483667729,0.0,0.0,0.004549243593516418
0.0,0.0,2.759212934569319,0.0,0.0,0.0027954401659500937
0.0,0.0,3.0644217160730713,0.0,0.0,0.005154735866376237
0.0,0.0,3.191844597988318,0.0,0.0,0.0010638533437413806
0.0,0.0,2.9050285877092823,-0.0007393351456865034,0.0,0.0009831007673848599
0.0,0.0,3.305054839346618,0.0,0.0,0.00039043276115517553
0.0,0.0,3.3117282474025367,0.0,9.300437011991389e-05,0.000123094747989627
0.0,0.0,3.205768644676186,-0.0010784575311007765,0.0037241145950173507,0.0
0.0,0.0,2.8861213914543193,-0.0022315874390847765,0.0,0.0
0.0,0.0,3.0078607841315996,0.0,0.0,0.0
0.0,0.0,3.280113265068953,0.0,0.0,0.0
0.0,0.0,2.880938996370657,0.0,0.0,0.0
0.0,0.0,2.657907363043089,0.0,0.0,0.0
0.0,0.0,2.687151360491372,0.0,0.0,0.0
0.0,0.0,3.195953617261697,0.0,0.0,0.0
0.0,0.0,3.313583720240574,0.0,0.0,0.0
0.0,0.0,2.969468885926327,0.0,0.0,0.0
0.0,0.0,3.270774955836911,0.0,0.0,0.0
0.0,0.0,3.6660739793438033,0.0,0.0,0.0
0.0,0.0,3.582477839271499,0.0,0.0,0.0
0.0,0.0,3.2986611931623173,-0.004694159406744124,0.009438421433292838,0.0
0.0,0.0,3.3814230709508584,-0.0016206614359155595,0.005671581594068766,0.0
0.0,0.0,3.7714175842001403,0.0,0.0,0.0
0.0,0.0,3.9156456270585904,0.0,0.0,0.0
0.0,0.0,3.3542901976822797,0.0,0.0025066314537907815,0.0
0.0,0.0,3.0315850699631746,0.0,0.009643238914393209,0.0
0.0,0.0,3.1202025233325847,0.0,0.0,0.0
0.0,0.0,3.065282123074387,0.0,0.0,0.0
0.0,0.0,2.731956853245372,0.0,0.004238780839275892,0.0
0.0,0.0,2.9056202288429174,0.0,0.0013266683812720008,0.0
0.0,0.0,3.1467787505056064,0.0,0.0,-6.422900578483128e-05
0.0,0.0,2.974628890113664,0.0,0.0,-0.0006091859116838705
0.0,0.0,2.8383385582194474,0.0,0.0,-0.006434658381132515
0.0,0.0,2.8299768304190183,0.0,0.006604832341899158,-0.001914854204650687
0.0,0.0,2.933913641582321,0.0,0.003709261501402227,-0.005064552444271784
0.0,0.0,2.578910706500525,0.0,0.0006866713570854954,-0.00689258510149106
0.0,0.0,2.9401918120144037,0.0,0.0,-0.006339236172960579
0.0,0.0,2.7056799500796265,0.0,0.0044425104696554744,-0.004443554664752253
0.0,0.0,2.6835419608502082,0.0,0.0,-0.007380039701985784
0.0,0.0,2.827379204360102,0.0,0.0,-0.006616220637190144
0.0,0.0,3.0073718507804634,0.0,0.0,-0.006506616122078758
0.0,0.0,2.9757879994578174,0.0,0.002555924231891824,-0.010810505952282478
0.0,0.0,2.9491491989803946,0.0,0.003357974388694775,-0.013061832959065888
0.0,0.0,2.9934820191079083,-0.0005995804221511738,0.012285449601493244,-0.013428750001558364
0.0,0.0,2.7504329488697943,-0.0015093398762582896,0.013557872023961998,-0.01670338211305226
0.0,0.0,2.7782509687726193,-0.0022139319377447895,0.018905457709575715,-0.015426502422434018
0.0,0.0,2.169381208527051,-0.0022696959681009327,0.01934705783690013,-0.01638983801766259
0.0,0.0,2.4302851745891396,0.0,0.0,-0.013369658383041471
0.0,0.0,2.4035834662330244,0.0,0.0,-0.01575667001442963
0.0,0.0,2.1405039619297352,0.0,0.0,-0.015476071725960711
0.0,0.0,2.1136952199101495,0.0,0.0,-0.014654065832179033
0.0,0.0,1.9032456312498822,0.0,0.0,-0.01614677219893874
0.0,0.0,1.9280918101284406,0.0,0.0,-0.014334238875670128
0.0,0.0,2.1573580031292265,0.0,0.0,-0.011349957238107774
0.0,0.0,1.9013345859499438,0.0,0.002474110073043339,-0.01521132643767871
0.0,0.0,1.7794950346489518,-0.004077630916602437,0.00777618292558607,-0.014259764946435041
0.0,0.0,2.287701201441537,0.0,0.0,-0.011498066390484969
0.0,0.0,2.4029014664382116,0.0,0.0,-0.012890915963779687
0.0,0.0,2.4216628676012264,0.0,0.0,-0.011605754611152826
0.0,0.0,2.5300600247011795,0.0,0.0,-0.015719541240071362
0.0,0.0,2.461652269875743,0.0,0.0,-0.01110974090889979
0.0,0.0,3.012287380829928,0.0,0.0,-0.011806532902648229
0.0,0.0,2.8605473899669187,0.0,0.0,-0.01171002053311473
0.0,0.0,2.8659913913809523,0.0,0.0022838829906459243,-0.009330315176846762
0.0,0.0,2.81310055607443,-0.001097905263738911,0.012008521727291293,-0.010333081767885435
0.0,0.0,3.0647795618903912,0.0,0.0,-0.008965805297428145
0.0,0.0,3.287732812452012,0.0,0.0,-0.011951498685930765
0.0,0.0,3.2345022339348404,0.0,0.0,-0.012372853457791275
0.0,0.0,2.8235794628938526,-0.002072168199849524,0.005835552455189503,-0.010447852848231224
0.0,0.0,2.688251463666868,0.0,0.0015209082875192828,-0.011543444792729337
0.0,0.0,2.9631057420234947,0.0,0.0,-0.011722746740671693
0.0,0.0,2.4741313849191955,0.0,0.0,-0.007893912952674262
0.0,0.0,2.2477965762950807,0.0,0.0,-0.009627960738851925
0.0,0.0,2.401344446778491,0.0,0.0,-0.01122888639874183
0.0,0.0,2.306854367859206,0.0,0.0,-0.005756062996780097
0.0,0.0,2.3127771462560625,0.0,0.0,-0.00839156995796187
0.0,0.0,2.193199229958329,0.0,0.0,-0.008483149257898682
0.0,0.0,2.585897349087114,0.0,0.0,-0.007476066698494479
0.0,0.0,2.2311973027189835,0.0,0.0,-0.00855641156054104
0.0,0.0,2.0841187670829955,0.0,0.0,-0.006694412616634361
0.0,0.0,2.2024630986390337,0.0,0.0,-0.005374577702786423
0.0,0.0,2.3711752100460552,0.0,0.00025447915698661197,-0.0032204749007740965
0.0,0.0,2.0829788867512375,0.0,0.0019427717877793082,-0.004442762796022065
0.0,0.0,2.0761525900215765,0.0,0.0,-0.001844935522456774
0.0,0.0,2.0975131803280416,0.0,0.0,0.0
0.0,0.0,2.172618991586801,0.0,0.0,0.0
0.0,0.0,2.0409766455788696,0.0,0.0,0.0
0.0,0.0,1.8334052884745762,0.0,0.0,0.0
0.0,0.0,2.0514085578721875,0.0,0.0,0.0
0.0,0.0,1.8938421348612007,0.0,0.0,0.0
0.0,0.0,2.229551235273548,0.0,0.0,0.0
0.0,0.0,1.6884717968470166,-0.0046120668838776965,0.004915576398464733,0.0
0.0,0.0,1.867541449157116,-0.005346461267159473,0.0016765752683466383,0.0
0.0,0.0,1.916706401058132,0.0,0.0,0.0
0.0,0.0,2.078507813398787,0.0,0.0,0.0
0.0,0.0,1.8642227193926497,0.0,0.0,0.0
0.0,0.0,1.6432365009184184,-0.0010901482537047295,0.0,0.0
0.0,0.0,1.7635516153471311,-0.0005850197822856564,0.0,0.0
0.0,0.0,1.7905319115022464,0.0,0.0,0.0
0.0,0.0,1.6945613000388104,-0.004792875857344035,0.0,0.0
0.0,0.0,1.6610015746813958,-0.010326300173626561,0.006068905867096031,0.0
0.0,0.0,1.589574943353515,-0.01348478573507326,0.00961407154617387,0.0
0.0,0.0,1.7390134750875195,-0.0042051384003779155,0.0,0.0
0.0,0.0,1.9358721391961144,0.0,0.0,0.0
0.0,0.0,1.1995133529000632,-0.009898360855426055,0.005628164587671889,0.0
0.0,0.0,1.1841302325509209,-0.006161617021184363,0.0017887875213007513,0.0
0.0,0.0,1.191493329407018,-0.0008661158498884565,0.00027563915895663317,0.0
0.0,0.0,1.0250758408658407,0.0,0.0,0.0
0.0,0.0,1.2856195004488278,0.0,0.0,0.0
0.0,0.0,0.9536243951708154,0.0,0.0,0.0
0.0,0.0,0.8719318543248926,0.0,0.0,1.4642556247286165e-05
0.0,0.0,1.0014020014869536,0.0,0.0,0.0030314811076604655
0.0,0.0,0.9732807025654486,0.0,0.0,0.005535901769895495
0.0,0.0,1.137756293457857,0.0,0.0,0.005616863735430734
0.0,0.0,1.0808231072928483,0.0,0.0,0.0041327463844308895
0.0,0.0,1.0302652286383664,-0.002064468834952337,0.0,0.00019425373296209594
0.0,0.0,1.1253223643326196,-0.0015054224454018213,0.0,0.00020349279505395921
0.0,0.0,1.29121714752379,-0.001996808922541821,0.0,0.000857659104959837
0.0,0.0,1.205642108881046,-0.007438197999268759,0.0,0.0
0.0,0.0,1.0343112783152522,-0.011911540420576409,0.0,0.0
0.0,0.0,1.1392142414500555,-0.006851848053668949,0.0,0.0
0.0,0.0,1.2129752273530114,-0.000507127359311471,0.0,0.0
0.0,0.0,1.0051521320619012,-0.0044295366630106425,0.0,0.0
0.0,0.0,1.1946949561705018,0.0,0.0,0.0
0.0,0.0,1.173989064013415,-0.003890086904105537,0.0,0.0
0.0,0.0,1.0291684026859018,-0.007782357871297145,0.0,0.0
0.0,0.0,1.1061665891119068,-0.013947788826951763,0.003095970530726098,0.0
0.0,0.0,0.9070819633555824,-0.01652271069049463,0.0015594136817465728,0.0
0.0,0.0,1.0712892672594398,-0.010595554777964814,0.0,0.0
0.0,0.0,1.0619923766306119,-0.00967874872200854,0.0,0.0
0.0,0.0,0.8080709688978297,-0.01440506995344552,0.0,0.0
0.0,0.0,0.7525574966766635,-0.001487707594176314,0.0,0.0
0.0,0.0,0.6965894453454504,0.0,0.0,0.0
0.0,0.0,0.5754550714495036,0.0,0.0,0.0005962490212285673
0.0,0.0,0.7192320947280808,0.0,0.0,0.0
0.0,0.0,0.5964223369005872,0.0,0.0,0.00016472433097596985
0.0,0.0,0.4866340995847612,0.0,0.0,0.0011996564106073412
0.0,0.0,0.7362355139647334,-0.0005356067356737725,0.0,0.0
0.0,0.0,0.7389301322316737,-0.004779191821695837,0.0,0.0
0.0,0.0,0.7762996242465035,-0.016620811020574906,0.003113881900480513,0.0
0.0,0.0,0.89395864253188,-0.010228817463044628,0.0,0.0
0.0,0.0,0.9252037556659326,-0.011592086223491378,0.004458807876430991,0.0
0.0,0.0,0.7906010657197735,-0.02487428252586795,0.006822188860665707,0.00015470847487915286
0.0,0.0,0.6228308560173927,-0.022438138138989143,0.00891466645660601,0.0001805733426399396
0.0,0.0,0.691819245685897,-0.0142789263232885,0.001037937091656642,0.0
0.0,0.0,0.6660753431296572,-0.005477887566254551,0.0,0.0
0.0,0.0,0.686057045058386,-0.001384238898845474,0.0,0.0
0.0,0.0,0.5880036206235064,-0.004684064604291795,0.0,0.0
0.0,0.0,0.44817857361721847,-0.011289186720227027,0.0005462193005750107,0.0
0.0,0.0,0.4007718830349464,-0.010945754930008069,0.0024952183960882763,0.0013832161825236534
0.0,0.0,0.3720175478455862,-0.007436069177803413,0.0,0.0
0.0,0.0,0.2943486114291717,-0.006977131605698521,0.0,0.0
0.0,0.0,0.16792468397745347,-0.0056932141646660415,0.0,0.0
0.0,0.0,0.18528133144607767,-0.006188338514715971,0.0,0.0
0.0,0.0,0.3124062777391365,-0.0011550724981186265,0.0,0.0
0.0,0.0,0.21424994221254323,0.0,0.0,0.00022174650153122252
0.0,0.0,0.16638362120314962,-8.600989109701381e-05,0.0,0.0008215300057147629
0.0,0.0,0.17951298826098766,-0.005039471313303552,0.0,0.0
0.0,0.0,0.0,-0.0178980267288728,0.0,0.0
0.0,0.0,0.0,-0.015370627031635558,0.0,0.0
0.0,0.0,0.02721640493932743,-0.008092816107295713,0.0,0.000976737531381331
0.0,0.0,0.015360368525887949,-0.0017856987505393488,0.0,0.0012890411853069387
0.0,0.0,0.1450560338882851,0.0,0.0,0.00044474566047220663
0.0,0.0,0.03380316712559918,-0.005709732434780322,0.0,0.0
0.0,0.0,0.0,-0.019352267101222204,0.0006459436195541242,0.0009856493480973917
0.0,0.0,0.14347117260560777,-0.005301629845125323,0.0,0.0008989324002651001
0.0,0.0,0.06393389459174391,-0.004138369457931335,0.0,0.001780334912168472
0.0,0.0,0.10202999446753913,-0.0055047668476998195,0.0,3.933969343386341e-05
0.0,0.0,0.18638257611351375,-0.016328001294658376,0.0,0.0
0.0,0.0,0.2656657755117091,-0.01629291049042541,0.0,0.0006678681803296486
0.0,0.0,0.1996007190243168,-0.02050861673085472,0.0015841403406408807,0.0015326971774970023
0.0,0.0,0.20274773979149058,-0.02201612999001574,0.0,0.0
0.0,0.0,0.18064353318334664,-0.01615470337409932,0.0,0.0011262621051508766
0.0,0.0,0.0495501516824651,-0.01620328554108825,0.0,0.0026100924958639914
0.0,0.0,0.0,-0.011054672338167832,0.0,0.0003217841931092035
0.0,0.0,0.0,-0.0027823590887559846,0.0,0.000418965065830457
0.0,0.0,0.0,0.0,0.0,0.001451952297827592
0.0,0.0,0.0,0.0,0.0,0.0031404436936544877
0.0,0.0,0.0,0.0,0.0,0.002404349274901118
0.0,0.0,0.0,0.0,0.0,0.001503266869191503
0.0,0.0,0.0,-0.0025549858533459526,0.0,0.0018840589843868532
0.0,0.0,0.0,-0.0107844385671403,0.0,0.004841184517536
0.0,0.0,0.0,-0.03427925437925676,0.003456600833691296,0.0002187482768526659
0.0,0.0,0.0,-0.02985883457189733,0.0018607683266425872,0.0
0.0,0.0,0.026135694549150462,-0.018998228406958417,0.0,0.003899717610997589
0.0,0.0,0.0,-0.009815802626681434,0.0,0.0031667280004595106
0.0,0.0,0.0,-0.013523752113208914,0.0,0.0016459527482713377
0.0,0.0,0.0,-0.013294726110822056,0.0,0.0031891404905888933
0.0,0.0,0.0,-0.006444155726199155,0.0,0.0035868831879066155
0.0,0.0,0.0,-0.0018239156135218878,0.0,0.003076791435173071
0.0,0.0,0.0,-0.0016224664921160987,0.0,0.0031916498251012186
0.0,0.0,0.0,-0.005721314505064507,0.0,0.004170156564792522
0.0,0.0,0.0,-0.006254121243569663,0.0,0.0014408409980444976
0.0,0.0,0.0,-0.007137485786352031,0.0,0.005797380669085378
0.0,0.0,0.0,-0.006888479675705066,0.0,0.005171153508735743
0.0,0.0,0.0,-0.008638848928551837,0.0,0.0033715852712083343
0.0,0.0,0.0,-0.009640267364997419,0.0,0.0054162287406022205
0.0,0.0,0.0,-0.014154167376639677,0.0,0.00400037577626053
0.0,0.0,0.0,-0.019059324750271493,0.0,0.00350173605092617
0.0,0.0,0.0,-0.02855995506339169,0.0,0.0010576161601961493
0.0,0.0,0.0,-0.03177760041448384,0.0,0.0041651636660508555
0.0,0.0,0.0,-0.023700720856607408,0.0,0.004885490932170063
0.0,0.0,0.0,-0.019918950494226196,0.0,0.004160507264749848
0.0,0.0,0.0,-0.021538656889951126,0.0,0.0033388969431577395
0.0,0.0,0.0,-0.01459325255300901,0.0,0.0026174492075257886
0.0,0.0,0.0,-0.012145985604421898,0.0,0.0012880533358767918
0.0,0.0,0.0,-0.011097774072036225,0.0,0.0026652700141214835
0.0,0.0,0.0,-0.007499305471337774,0.0,0.0004210450409377161
0.0,0.0,0.0,-0.0040170404912881616,0.0,0.003038840105257685
0.0,0.0,0.0,-0.004034550798970228,0.0,0.0018268015146620138
0.0,0.0,0.0,-0.0013695000338389825,0.0,0.0
0.0,0.0,0.0,-0.0048400461040602845,0.0,0.0016887298017388744
0.0,0.0,0.0,-0.011346251121153656,0.0,0.0
0.0,0.0,0.0,-0.014862054711651368,0.0,0.0
0.0,0.0,0.0,-0.01559085539997607,0.0,0.0
0.0,0.0,0.0,-0.01346402328792994,0.0,0.0
0.0,0.0,0.0,-0.011605134592760066,0.0,0.0
0.0,0.0,0.0,-0.002692755347783032,0.0,0.0
0.0,0.0,0.0,-0.007002246615096753,0.0,0.0
0.0,0.0,0.0,-0.016257280210439356,0.0,0.0
0.0,0.0,0.0,-0.02734741319772801,0.0,0.0
0.0,0.0,0.0,-0.03490635067605935,0.0,0.0
0.0,0.0,0.0,-0.04639887433548858,0.0028583622262329613,0.0
0.0,0.0,0.0,-0.03861775586335463,0.0005842245484534951,0.0
0.0,0.0,0.0,-0.012068328836377581,0.0,0.0
0,0,0,0,0,0
0,0,0,0,0,0
0,0,0,0,0,0
0.0,0.0,0.0,-0.003516261333442737,0.0,0.0
0.0,0.0,0.0,-0.015550150200881917,0.0,0.0
0.0,0.0,0.0,-0.028039396047836885,0.0,0.0
0.0,0.0,0.0,-0.02732088820298732,0.0,0.0
0.0,0.0,0.0,-0.009038725841151453,0.0,0.0
0,0,0,0,0,0
0,0,0,0,0,0
0,0,0,0,0,0
0.0,0.0,0.0,-0.004461012103492989,0.0,0.0
0.0,0.0,0.0,-0.02336860287931543,0.0,0.0
0.0,0.0,0.0,-0.0435558004132411,0.008153789582730117,-0.0011947047024672796
0.0,0.0,0.0,-0.03839090037337419,0.009328261033480195,-0.0007524742850921926
0.0,0.0,0.0,-0.03173896305327034,0.0006200593819902985,-0.0024623836443468253
0.0,0.0,0.0,-0.015920137149199428,0.0,-0.0022130299170829656
0.0,0.0,0.0,-0.004127875745177128,0.0,-0.0031849690749048386
0.0,0.0,0.0,0.0,0.0,-0.0045057352548033
0.0,0.0,0.0,-0.001355682051838591,0.0,-0.005022886723117185
0.0,0.0,0.0,-0.016474474664594,0.0,-0.005922098488519565
0.0,0.0,0.0,-0.03170797380968845,0.001947126056825273,-0.00812409754627472
0.0,0.0,0.0,-0.03232469859982905,0.0035814310370445106,-0.0080372280633873
0.0,0.0,0.0,-0.008221970010795046,0.0,-0.012509050455855352
0.0,0.0,0.0,-0.008221970010795046,0.0,-0.012509050455855352
0.0,0.0,0.0,0.0,0.0,-0.015613031261697705
0.0,0.0,0.0,0.0,0.0,-0.013328930867318848
0.0,0.0,0.0,0.0,0.0,-0.014738424943422094
0.0,0.0,0.0,-0.010629577019186608,0.0,-0.019321721447157984
0.0,0.0,0.0,-0.02807576129217742,0.0,-0.018495950341673523
0.0,0.0,0.0,-0.03446148997639686,0.0,-0.01947474131716264
0.0,0.0,0.0,-0.03685758029224317,0.0,-0.02401390049761696
0.0,0.0,0.0,-0.025571117399710946,0.0,-0.018983304005171207
0.0,0.0,0.0,-0.018594159946881694,0.0,-0.02013164773426892
0.0,0.0,0.0,-0.016322118680073366,0.0,-0.023995431135233343
0.0,0.0,0.0,-0.01572646851497796,0.0,-0.017442039280141194
0.0,0.0,0.0,-0.018660967133391163,0.0,-0.018402182806398996
0.0,0.0,0.0,-0.018042620817267544,0.0,-0.01735881799866072
0.0,0.0,0.0,-0.027457078731396096,0.0,-0.019579082510796212
0.0,0.0,0.0,-0.03680714682662507,0.0,-0.01880559048806128
0.0,0.0,0.0,-0.02026354049187963,0.0,-0.0192684328195964
0.0,0.0,0.0,-0.016603159506830577,0.0,-0.018563575839652558
0.0,0.0,0.0,-0.008274186168365314,0.0,-0.018171125731576566
0.0,0.0,0.0,-0.0020552975685533435,0.0,-0.013815903704290356
0.0,0.0,0.0,-0.0031644452886702805,0.0,-0.019245015804936854
0.0,0.0,0.0,-0.009641886910865333,0.0,-0.018244843099969016
0.0,0.0,0.0,-0.010934181449348448,0.0,-0.016512604126859322
0.0,0.0,0.0,-0.011691732808353417,0.0,-0.018251210601170124
0.0,0.0,0.0,-0.012063393690813773,0.0,-0.015294663394180268
0.0,0.0,0.0,-0.009168418939992706,0.0,-0.016359533179531156
0.0,0.0,0.0,-0.00795225974895982,0.0,-0.010859997607047693
0.0,0.0,0.0,-0.01235865647797676,0.0,-0.013462290519088732
0.0,0.0,0.0,-0.00812918723280321,0.0,-0.010400623886719813
0.0,0.0,0.0,-0.016071041437398993,0.0,-0.01372549315093996
0.0,0.0,0.0,-0.024051373282925555,0.0,-0.011152024405699283
0.0,0.0,0.0,-0.03643802963327371,0.0,-0.00942924769929479
0.0,-0.02200302455054628,0.0,-0.042722627375729925,0.0,-0.009934770800454781
0.0,-0.0473362767012759,0.0,-0.04684936783296415,0.0,-0.008646438922104123
0.0,0.0,0.0,-0.04283986535988702,0.0,-0.008450741475825254
0.0,0.0,0.0,-0.02772401725532096,0.0,-0.010249372855129528
0.0,0.0,0.0,-0.021176758327744415,0.0,-0.00468068074505636
0.0,0.0,0.0,-0.013577083004235288,0.0,-0.005375762049877479
0.0,0.0,0.0,-0.01638949539197971,0.0,-0.005734017317543527
0.0,0.0,0.0,-0.024591326876308175,0.0,-0.0020193005163670957
0.0,0.0,0.0,-0.02557815804057742,0.0,0.0
0.0,0.0,0.0,-0.01791175652177262,0.0,0.0
0.0,0.0,0.0,-0.023166333057324722,0.0,0.0
0.0,0.0,0.0,-0.014398339002206944,0.0,0.0
0.0,0.0,0.0,-0.007038302595092865,0.0,0.0
0.0,0.0,0.0,-0.009825699399013798,0.0,0.0
0.0,0.0,0.0,-0.007932756160277046,0.0,0.0
0.0,0.0,0.0,-0.005003974087615247,0.0,0.0
0.0,0.0,0.0,-0.011405739477936327,0.0,0.0
0.0,0.0,0.0,-0.014974846142474598,0.0,0.0
0.0,0.0,0.0,-0.015015317481560857,0.0,0.0
0.0,0.0,0.0,-0.017966217200309414,0.0,0.0
0.0,0.0,0.0,-0.021898025682873697,0.0,0.0
0.0,0.0,0.0,-0.023882296797772807,0.0,0.0
0.0,0.0,0.0,-0.028631086054246878,0.0,0.0
0.0,0.0,0.0,-0.030647730409432188,0.0,0.0
0.0,0.0,0.0,-0.028028341302516774,0.0,0.0
0.0,0.0,0.0,-0.028657077705946936,0.0,0.0
0.0,0.0,0.0,-0.03383950655908176,0.0,0.0
0.0,0.0,0.0,-0.03217657683701418,0.0,0.0
0.0,0.0,0.0,-0.033442809000129047,0.0,0.0
0.0,0.0,0.0,-0.02829496999297948,0.0,0.0
0.0,0.0,0.0,-0.02572511492366027,0.0,0.0
0.0,0.0,0.0,-0.01944919457948445,0.0,0.0
0.0,0.0,0.0,-0.01975084933088963,0.0,0.0
0.0,0.0,0.0,-0.01603832441997851,0.0,0.0
0.0,0.0,0.0,-0.01546655575961616,0.0,0.0
0.0,0.0,0.0,-0.019609212563945783,0.0,0.0
0.0,0.0,0.0,-0.01595714306873429,0.0,0.0
0.0,0.0,0.0,-0.016930305177292927,0.0,0.0
0.0,0.0,0.0,-0.013416863857377151,0.0,0.0
0.0,0.0,0.0,-0.016061158443536085,0.0,0.0
0.0,0.0,0.0,-0.015172257832685988,0.0,0.0
0.0,0.0,0.0,-0.017026843455301068,0.0,0.0
0.0,0.0,0.0,-0.025934549703010262,0.0,0.0
0.0,0.0,0.0,-0.03053321445993812,0.0,0.0
0.0,0.0,0.0,-0.03538721979150302,0.0,0.0
0.0,0.0,0.0,-0.03324971973117801,0.0,0.0
0.0,0.0,0.0,-0.03668519928913955,0.0,0.0
0.0,0.0,0.0,-0.03266142614721278,0.0,0.0
0.0,0.0,0.0,-0.02700589728280668,0.0,0.0
0.0,0.0,0.0,-0.03473866366097095,0.0,0.0
0.0,0.0,0.0,-0.03281512809077151,0.0,0.0
0.0,0.0,0.0,-0.03213011510056893,0.0,0.0
0.0,0.0,0.0,-0.03094018519145008,0.0,0.0
0.0,0.0,0.0,-0.02610026751115525,0.0,0.0
0.0,0.0,0.0,-0.024960329171227036,0.0,0.0
0.0,0.0,0.0,-0.023061876532528218,0.0,0.0
0.0,0.0,0.0,-0.021340947915493142,0.0,0.0
0.0,0.0,0.0,-0.013485499973710286,0.0,0.0
0.0,0.0,0.0,-0.01350611658994232,0.0,0.0
0.0,0.0,0.0,-0.016283098044695812,0.0,0.0
0.0,0.0,0.0,-0.02405408703957964,0.0,0.0
0.0,0.0,0.0,-0.026309414017183275,0.0,0.0
0.0,0.0,0.0,-0.028513866973827646,0.0,0.0
0.0,0.0,0.0,-0.029586223256263377,0.0,0.0
0.0,0.0,0.0,-0.034158108484507184,0.0,0.0007244955955325372
0.0,0.0,0.0,-0.03189194630956543,0.0,0.0
0.0,0.0,0.0,-0.031098326212172473,0.0,0.0
0.0,0.0,0.0,-0.031939342925508166,0.0,0.0
0.0,0.0,0.0,-0.031231760353097014,0.0,0.0
0.0,0.0,0.0,-0.033242487235255205,0.0,0.0
0.0,0.0,0.0,-0.03324558288375453,0.0,0.0
0.0,0.0,0.0,-0.027066037086735172,0.0,0.0
0.0,0.0,0.0,-0.023925940331929955,0.0,0.0
0.0,0.0,0.0,-0.022259999006237367,0.0,0.0
0.0,0.0,-0.04349383433021019,-0.023612668061688692,0.0,0.0
0.0,0.0,-0.05091255088749023,-0.02136435588155971,0.0,0.0
0.0,0.0,-0.017046300412836106,-0.019815733622931535,0.0,0.0
0.0,0.0,-0.10669997068498671,-0.028772597429359836,0.0,0.0
0.0,0.0,-0.08331674979858152,-0.019954162980151256,0.0,0.0
0.0,0.0,-0.12669249283550216,-0.022245434594358335,0.0,0.0
0.0,0.0,-0.16204662528939834,-0.019875565953879078,0.0,0.0
0.0,0.0,-0.14452699905373295,-0.01741924693643663,0.0,0.0
0.0,0.0,-0.14052356343065386,-0.023808916728152787,0.0,0.0
0.0,0.0,-0.24878267623159894,-0.024638845110195255,0.0,0.0
0.0,0.0,-0.16034675244737256,-0.027996106287747458,0.0,0.0
0.0,0.0,-0.16330360635141586,-0.028827626710247745,0.0,0.0
0.0,0.0,-0.13647642449719047,-0.030081493852437476,0.0,0.0
0.0,0.0,-0.14840823382569177,-0.03638041950949124,0.0,0.0
0.0,0.0,-0.11400699967773383,-0.028895914577724707,0.0,0.0
0.0,0.0,-0.08749980530759921,-0.027932709673193862,0.0,0.0
0.0,0.0,-0.1761589349875759,-0.02579502007022762,0.0,0.0
0.0,0.0,-0.23173965708949956,-0.02228557402535355,0.0,0.0
0.0,0.0,-0.2702810174831181,-0.020710589986975666,0.0,0.0
0.0,0.0,-0.3556679010671328,-0.023452926165052308,0.0,0.0
0.0,0.0,-0.28036106398868316,-0.016489497698676726,0.0,0.0
0.0,0.0,-0.29104131862992033,-0.01777684307217256,0.0,0.0
0.0,0.0,-0.40172686728350254,-0.014351906743093602,0.0,0.0
0.0,0.0,-0.23232596454197232,-0.010732909951155903,0.0,0.0
0.0,0.0,-0.27682563026493023,-0.009003085127881357,0.0,0.0
0.0,0.0,-0.3158015017599033,-0.00907587672313083,0.0,0.0
0.0,0.0,-0.28087964390545017,-0.015273081317605228,0.0,0.0
0.0,0.0,-0.3829804923652558,-0.019245739284323778,0.0,0.0
0.0,0.0,-0.29814357761109933,-0.017759622366271044,0.0,0.0
0.0,0.0,-0.2538119947065869,-0.01721977014069375,0.0,0.0
0.0,0.0,-0.26333030534300855,-0.018690264657036486,0.0,0.0
0.0,0.0,-0.180967437237658,-0.015253049057128803,0.0,0.0
0.0,0.0,-0.14889665569052674,-0.01824428499810455,0.0,0.0
0.0,0.0,-0.23089218683231394,-0.018634311804211566,0.0,0.0
0.0,0.0,-0.14190337902127798,-0.024292643827799575,0.0,0.0
0.0,0.0,-0.22747548455671698,-0.02491953796469363,0.0,0.0
0.0,0.0,-0.253788849479586,-0.027855400671685855,0.0,0.0
0.0,0.0,-0.13860909728891957,-0.02788746658743474,0.0,0.0
0.0,0.0,-0.17019047740172197,-0.027345026429566287,0.0,0.0
0.0,0.0,-0.209712527556968,-0.023746851821641535,0.0,0.0
0.0,0.0,-0.13436604081280734,-0.02821798036176289,0.0,0.0
0.0,0.0,-0.11430870199427705,-0.026385988099716595,0.0,0.0
0.0,0.0,-0.16210372286492794,-0.031143622216256068,0.0,0.0
0.0,0.0,-0.22892913357138478,-0.02685535161915209,0.0,0.0
0.0,0.0,-0.19888458589921354,-0.027100693527578584,0.0,0.0
0.0,0.0,-0.2503290362879901,-0.024680003114389146,0.0,0.0
0.0,0.0,-0.1075515964729699,-0.018646355625278853,0.0,0.0
0.0,0.0,-0.1684916618381838,-0.02374423507812018,0.0,0.0
0.0,0.0,-0.2079433568171917,-0.013491888645510219,0.0,0.0
0.0,0.0,-0.20673149970805887,-0.015544426133005806,0.0,0.0
0.0,0.0,-0.22753923880849944,-0.016277793525387507,0.0,0.0
0.0,0.0,-0.3638587231253415,-0.020495209515206426,0.0,0.0
0.0,0.0,-0.278322277403136,-0.011087572512962898,0.0,0.0
0.0,0.0,-0.30798242150567334,-0.013701902573955094,0.0,0.0
0.0,0.0,-0.3703373034689373,-0.007754256600863532,0.0,0.0
0.0,0.0,-0.3919088184206811,-0.008183340321991086,0.0,0.0
0.0,0.0,-0.32833465687742697,-0.010131855725685857,0.0,0.0
0.0,0.0,-0.4496155367003237,-0.004099547892782539,0.0,0.0
0.0,0.0,-0.4444698528579646,-0.007400856621063777,0.0,0.0
0.0,0.0,-0.4250423566563085,-0.006311976508306484,0.0,-0.0007086163525378211
0.0,0.0,-0.40500963126547607,-0.008024152258294557,0.0,-0.002648665055607488
0.0,0.0,-0.4369949001844586,-0.008570159726052054,0.0,-0.0024349030292312003
0.0,0.0,-0.4964010478185957,-0.0039161096480801495,0.0,-0.002259787063712035
0.0,0.0,-0.4251668233781426,-0.007901294816407906,0.0,-0.0037316094458913936
0.0,0.0,-0.5264784209182567,-0.006456366769011947,0.0,-0.002484611569441015
0.0,0.0,-0.48919343043093255,-0.006215994889328911,0.0,-0.0022599359465187824
0.0,0.0,-0.4790724661562912,-0.0027936016514333814,0.0,-0.0029168891474367483
0.0,0.0,-0.46719155444795224,-0.0008042625863429702,0.0,-0.005062651486345837
0.0,0.0,-0.2829056552655104,-0.0032908926985127695,0.0,-0.006391088891219714
0.0,0.0,-0.413955859108022,-0.004660398056678272,0.0,-0.008373367365582082
0.0,0.0,-0.3986352147916285,-0.0034329328632721327,0.0,-0.007813442652192403
0.0,0.0,-0.44011414631688794,0.0,0.0,-0.00797314773479028
0.0,0.0,-0.39770595368769407,-0.0007269229358824864,0.0,-0.012911203967384119
0.0,0.0,-0.557008468129185,-7.460050590704604e-05,0.0,-0.01394572893456456
0.0,0.0,-0.5487301751296788,-0.0009505593577946708,0.0,-0.01641041596549676
0.0,0.0,-0.44572892018207577,0.0,0.0,-0.01620240825554297
0.0,0.0,-0.5202326363311001,0.0,0.0,-0.015562898079143198
0.0,0.0,-0.453446340376512,0.0,0.0,-0.0185316791947019
0.0,0.0,-0.4979682666713464,0.0,0.0,-0.020051277899840594
0.0,0.0,-0.49184545698932175,0.0,0.0,-0.01661422876655697
0.0,0.0,-0.475271988366263,0.0,0.0,-0.01777952061559916
0.0,0.0,-0.37403942485223984,0.0,0.0,-0.020313493989462954
0.0,0.0,-0.4278853784383602,0.0,0.0,-0.02045835970747486
0.0,0.0,-0.5052002365488651,0.0,0.0,-0.019235756786453177
0.0,0.0,-0.6189719674343267,0.0,0.0,-0.014625937066173081
0.0,0.0,-0.6703434245684806,0.0,0.0,-0.016202154457921714
0.0,0.0,-0.5923386249273485,0.0,0.0,-0.01371026032999203
0.0,0.0,-0.553755637597511,0.0,0.0,-0.017975259678260035
0.0,0.0,-0.553755637597511,0.0,0.0,-0.017975259678260035
0.0,0.0,-0.5839498124735524,0.0,0.0,-0.016702732094091326
0.0,0.0,-0.6425722041097303,0.0,0.0,-0.016511079861076108
0.0,0.0,-0.6456554230929334,0.0,0.0,-0.01740315297292647
0.0,0.0,-0.6292969583172519,0.0,0.0,-0.015018680338560682
0.0,0.0,-0.6775888767622453,0.0,0.0,-0.014470887044972352
0.0,0.0,-0.6929695976905974,0.0,0.0,-0.017509714871706654
0.0,0.0,-0.5862629351265625,0.0,0.0,-0.014103715047663935
0.0,0.0,-0.5392567047965396,0.0,0.0,-0.013952584941290879
0.0,0.0,-0.6058197775623251,-0.0008517200101668173,0.0,-0.013467038515703772
0.0,0.0,-0.5508315488390407,0.0,0.0,-0.012368057444444127
0.0,0.0,-0.5351239953933162,-0.0010685151911855057,0.0,-0.008788318292764535
0.0,0.0,-0.5920511864711127,0.0,0.0,-0.00524149380304024
0.0,0.0,-0.6184870331655267,0.0,0.0,-0.006470704047737287
0.0,0.0,-0.6250645553975422,0.0,0.0,-0.007663260720886168
0.0,0.0,-0.49124282634012506,0.0,0.0,-0.0026677573146905555
0.0,0.0,-0.5312160634789425,0.0,0.0,-0.0019028009215422287
0.0,0.0,-0.6054602060558094,0.0,0.0,-0.0005663164658420046
0.0,0.0,-0.5510163924869487,0.0,0.0,-0.0010941083780761486
0.0,0.0,-0.5698735036518798,-0.00032800404232083457,0.0,0.0
0.0,0.0,-0.6165884690392787,0.0,0.0,0.0
0.0,0.0,-0.5800549957836657,-0.0002448913326167792,0.0,0.0
0.0,0.0,-0.6451158246006327,-0.0008238954190715622,0.0,0.0
0.0,0.0,-0.6054587137136356,0.0,0.0,0.0
0.0,0.0,-0.6327302898709309,0.0,0.0,0.0
0.0,0.0,-0.5118095061455834,0.0,0.0,0.0
0.0,0.0,-0.5316185635529602,-0.00023357138616687524,0.0,0.0
0.0,0.0,-0.49269766237410967,0.0,0.0,0.0
0.0,0.0,-0.459234635389027,0.0,0.0,0.0
0.0,0.0,-0.49352368520003564,0.0,0.0,0.0
0.0,0.0,-0.5161252363786812,0.0,0.0,0.0
0.0,0.0,-0.5554738542530162,0.0,0.0,0.0
0.0,0.0,-0.4889548275330366,0.0,0.0,0.0
0.0,0.0,-0.4591926049049892,0.0,0.0,0.0
0.0,0.0,-0.5689201505901227,0.0,0.0,0.0
0.0,0.0,-0.5804022913880473,0.0,0.0,0.0
0.0,0.0,-0.5411805335049322,0.0,0.0,0.0
0.0,0.0,-0.5705772825847749,0.0,0.0,0.0
0.0,0.0,-0.5345020275988335,0.0,0.0,0.0
0.0,0.0,-0.5418206358654795,0.0,0.0,0.0
0.0,0.0,-0.5730299269072555,0.0,0.0,0.0
0.0,0.0,-0.5086472984618001,0.0,0.0,0.0
0.0,0.0,-0.41699025709814996,0.0,0.0,0.0
0.0,0.0,-0.394180937903996,0.0,0.0,0.0
0.0,0.0,-0.4104290343868402,0.0,0.0,0.0
0.0,0.0,-0.315483340723096,0.0,0.0,0.0
0.0,0.0,-0.43625828618551077,0.0,0.0,0.0
0.0,0.0,-0.33614998855379696,0.0,0.0,0.0
0.0,0.0,-0.38810732484171917,0.0,0.0,0.0
0.0,0.0,-0.36619449045296715,0.0,0.0,0.0
0.0,0.0,-0.41963322399463054,0.0,0.0,0.0
0.0,0.0,-0.4126277949590101,0.0,0.0,0.0
0.0,0.0,-0.28702143048922274,0.0,0.0,0.0
0.0,0.0,-0.3312312358189552,0.0,0.0,0.0
0.0,0.0,-0.29038062581417207,0.0,0.0,0.0
0.0,0.0,-0.2521992206463646,0.0,0.0,0.0
0.0,0.0,-0.2520628086729898,0.0,0.0,0.0
0.0,0.0,-0.17883277827424887,0.0,0.0,0.0
0.0,0.0,-0.26287533900773624,0.0,0.0,0.0
0.0,0.0,-0.2678914235481332,0.0,0.0,0.0
0.0,0.0,-0.2668237030481573,0.0,0.0,0.0
0.0,0.0,-0.3088003556003277,0.0,0.0,0.0
0.0,0.0,-0.37055727429987384,0.0,0.0,0.0
0.0,0.0,-0.3536920074745148,0.0,0.0,0.0
0.0,0.0,-0.25290852293774624,0.0,0.0,0.0
0.0,0.0,-0.2899604270803092,0.0,0.0,0.0
0.0,0.0,-0.33446364237669435,0.0,0.0,0.0
0.0,0.0,-0.4012062956687436,0.0,0.0,0.0
0.0,0.0,-0.35177210567167755,0.0,0.0,0.0
0.0,0.0,-0.2799329316145537,0.0,0.0,0.0
0.0,0.0,-0.2564570997016154,0.0,0.0,0.0
0.0,0.0,-0.18592063435821402,0.0,0.0,0.0
0.0,0.0,-0.27160392535770334,0.0,0.0,0.0
0.0,0.0,-0.19513733818324627,0.0,0.0,0.0
0.0,0.0,-0.23369840239771947,0.0,0.0,0.0
0.0,0.0,-0.2369580889679756,0.0,0.0,0.0
0.0,0.0,-0.23253096694137146,0.0,0.0,0.0
0.0,0.0,-0.142957478217229,0.0,0.0,0.0
0.0,0.0,-0.1275685737907351,0.0,0.0,0.0
0.0,0.0,-0.07105885590434982,0.0,0.0,0.0
0.0,0.0,-0.07495508661855496,0.0,0.0,0.0
0.0,0.0,-0.04692628668359517,0.0,0.0,0.0
0.0,0.0,-0.018162612310784317,0.0,0.0,0.0
0,0,0,0,0,0
0,0,0,0,0,0
0,0,0,0,0,0
0.0,0.0,-0.04587466213261013,0.0,0.0,0.0
0,0,0,0,0,0
0,0,0,0,0,0
0.0,0.0,-0.008764157996848524,0.0,0.0,0.0
0,0,0,0,0,0
0,0,0,0,0,0
0,0,0,0,0,0
0,0,0,0,0,0
0,0,0,0,0,0
0,0,0,0,0,0
0,0,0,0,0,0
0,0,0,0,0,0
0,0,0,0,0,0
0,0,0,0,0,0
0,0,0,0,0,0
0,0,0,0,0,0
0,0,0,0,0,0
0,0,0,0,0,0
0,0,0,0,0,0
0,0,0,0,0,0
0,0,0,0,0,0
0,0,0,0,0,0
0,0,0,0,0,0
0,0,0,0,0,0
0,0,0,0,0,0
0,0,0,0,0,0
0,0,0,0,0,0
0,0,0,0,0,0
0,0,0,0,0,0
0,0,0,0,0,0
0,0,0,0,0,0
0,0,0,0,0,0
0,0,0,0,0,0
0,0,0,0,0,0
0,0,0,0,0,0
0,0,0,0,0,0
0,0,0,0,0,0
0,0,0,0,0,0
0,0,0,0,0,0
0,0,0,0,0,0
0,0,0,0,0,0
0,0,0,0,0,0
0,0,0,0,0,0
0,0,0,0,0,0
0,0,0,0,0,0
0,0,0,0,0,0
0,0,0,0,0,0
0,0,0,0,0,0
0,0,0,0,0,0
0,0,0,0,0,0
0,0,0,0,0,0
0,0,0,0,0,0
0,0,0,0,0,0
0,0,0,0,0,0
0,0,0,0,0,0
0,0,0,0,0,0
0,0,0,0,0,0
0,0,0,0,0,0
0,0,0,0,0,0
0,0,0,0,0,0
0,0,0,0,0,0
0,0,0,0,0,0
0,0,0,0,0,0
0,0,0,0,0,0
0,0,0,0,0,0
0,0,0,0,0,0
0,0,0,0,0,0
0,0,0,0,0,0
0,0,0,0,0,0
0,0,0,0,0,0
0,0,0,0,0,0
0,0,0,0,0,0
0,0,0,0,0,0
0,0,0,0,0,0
0,0,0,0,0,0
0,0,0,0,0,0
0,0,0,0,0,0
0,0,0,0,0,0
0,0,0,0,0,0
0,0,0,0,0,0
0,0,0,0,0,0
0,0,0,0,0,0
0,0,0,0,0,0
0,0,0,0,0,0
0,0,0,0,0,0
0,0,0,0,0,0
0,0,0,0,0,0
0,0,0,0,0,0
0,0,0,0,0,0
0,0,0,0,0,0
0,0,0,0,0,0
0,0,0,0,0,0
0,0,0,0,0,0
0,0,0,0,0,0
0,0,0,0,0,0
0,0,0,0,0,0
0,0,0,0,0,0
0,0,0,0,0,0
0,0,0,0,0,0
0,0,0,0,0,0
0,0,0,0,0,0
0,0,0,0,0,0
0,0,0,0,0,0
0,0,0,0,0,0
0,0,0,0,0,0
0,0,0,0,0,0
0,0,0,0,0,0
0,0,0,0,0,0
0,0,0,0,0,0
0,0,0,0,0,0
0,0,0,0,0,0
0,0,0,0,0,0
0,0,0,0,0,0
0,0,0,0,0,0
0,0,0,0,0,0
0,0,0,0,0,0
0,0,0,0,0,0
0,0,0,0,0,0
0,0,0,0,0,0
0,0,0,0,0,0
0,0,0,0,0,0
0,0,0,0,0,0
0,0,0,0,0,0
0,0,0,0,0,0
0,0,0,0,0,0
0,0,0,0,0,0
0,0,0,0,0,0
0,0,0,0,0,0
0,0,0,0,0,0
0,0,0,0,0,0
0,0,0,0,0,0
0,0,0,0,0,0
0,0,0,0,0,0
0,0,0,0,0,0
0,0,0,0,0,0
0,0,0,0,0,0
0,0,0,0,0,0
0,0,0,0,0,0
0,0,0,0,0,0
0,0,0,0,0,0
0,0,0,0,0,0
0,0,0,0,0,0
0,0,0,0,0,0
0,0,0,0,0,0
0,0,0,0,0,0
0,0,0,0,0,0
0,0,0,0,0,0
0,0,0,0,0,0
0,0,0,0,0,0
0,0,0,0,0,0
0,0,0,0,0,0
0,0,0,0,0,0
0,0,0,0,0,0
0,0,0,0,0,0
0,0,0,0,0,0
0,0,0,0,0,0
0,0,0,0,0,0
0,0,0,0,0,0
0,0,0,0,0,0
0,0,0,0,0,0
0,0,0,0,0,0
0,0,0,0,0,0
0,0,0,0,0,0
0,0,0,0,0,0
0,0,0,0,0,0
0,0,0,0,0,0
0,0,0,0,0,0
0,0,0,0,0,0
0,0,0,0,0,0
0,0,0,0,0,0
0,0,0,0,0,0
0,0,0,0,0,0
0,0,0,0,0,0
0,0,0,0,0,0
0,0,0,0,0,0
0,0,0,0,0,0
0,0,0,0,0,0
0,0,0,0,0,0
0,0,0,0,0,0
0,0,0,0,0,0
0,0,0,0,0,0
0,0,0,0,0,0
0,0,0,0,0,0
0,0,0,0,0,0
0,0,0,0,0,0
0,0,0,0,0,0
0,0,0,0,0,0
0,0,0,0,0,0
0,0,0,0,0,0
0,0,0,0,0,0
0,0,0,0,0,0
0,0,0,0,0,0
0,0,0,0,0,0
0,0,0,0,0,0
0,0,0,0,0,0
0,0,0,0,0,0
0,0,0,0,0,0
0,0,0,0,0,0
0,0,0,0,0,0
0,0,0,0,0,0
0,0,0,0,0,0
0,0,0,0,0,0
0,0,0,0,0,0
0,0,0,0,0,0
0,0,0,0,0,0
0,0,0,0,0,0
0,0,0,0,0,0
0,0,0,0,0,0
0,0,0,0,0,0
0,0,0,0,0,0
0,0,0,0,0,0
0,0,0,0,0,0
0,0,0,0,0,0
0,0,0,0,0,0
0,0,0,0,0,0
0,0,0,0,0,0
0,0,0,0,0,0
0,0,0,0,0,0
0,0,0,0,0,0
0,0,0,0,0,0
0,0,0,0,0,0
0,0,0,0,0,0
0,0,0,0,0,0
0,0,0,0,0,0
0,0,0,0,0,0
0,0,0,0,0,0
0,0,0,0,0,0
0,0,0,0,0,0
0,0,0,0,0,0
0,0,0,0,0,0
0,0,0,0,0,0
0,0,0,0,0,0
0,0,0,0,0,0
0,0,0,0,0,0
0,0,0,0,0,0
0,0,0,0,0,0
0,0,0,0,0,0
0,0,0,0,0,0
0,0,0,0,0,0
0,0,0,0,0,0
0,0,0,0,0,0
0,0,0,0,0,0
0,0,0,0,0,0
0,0,0,0,0,0
0,0,0,0,0,0
0,0,0,0,0,0
0,0,0,0,0,0
0,0,0,0,0,0
0,0,0,0,0,0
0,0,0,0,0,0
0,0,0,0,0,0
0,0,0,0,0,0
0,0,0,0,0,0
0,0,0,0,0,0
0,0,0,0,0,0
0,0,0,0,0,0
0,0,0,0,0,0
0,0,0,0,0,0
0,0,0,0,0,0
0,0,0,0,0,0
