0,0,0,0,0,0
0.0,0.0,0.0,0.0,0.0005539927128796135,0.0
0.0,0.0,0.0,0.0,0.0035504820418568095,0.0
0.0,0.0,0.0,0.0,0.005721349699033189,0.0
-0.07251854216561529,0.0,0.0,0.0,0.004290281108260388,0.0
-0.1303841144816567,0.0,0.0,0.0,0.006140727896619549,0.0
-0.2445067707128994,0.0,0.0,0.0,0.007465149350055843,0.0
-0.3313633792112163,0.0,0.0,0.0,0.00741381217439088,0.0
-0.41404943954965345,0.0,0.0,0.0,0.008055406002012279,0.0
-0.4880076381801374,0.0,0.0,0.0,0.00922920546743788,0.0
-0.4880076381801374,0.0,0.0,0.0,0.00922920546743788,0.0
-0.44322759743799967,0.0,0.0,0.0,0.00816672026232039,0.0
-0.36142788682084553,0.0,0.0,0.0,0.009193731292748827,0.0
-0.3372597528940755,0.0,0.0,0.0,0.009335539636197277,0.0
-0.4747170620058122,0.0,0.0,0.0,0.006618782496202111,0.0
-0.2552524250191903,0.0,0.0,0.0,0.009405383568416012,0.0
-0.3452769334905062,0.0,0.0,0.0,0.004282310012818986,0.0
-0.17660170030635453,0.0,0.0,0.0,0.003237193034672633,0.0
-0.17814047399524544,0.0,0.0,0.0,0.0005766532310564185,0.0
-0.031255085305976954,0.0,0.0,0.0,0.0025887547490529295,0.0
0.0,0.0,0.0,0.0,0.0028488228766825564,0.0
0.0,0.0,0.0,0.0,0.001023877779268275,0.0
0,0,0,0,0,0
0,0,0,0,0,0
0,0,0,0,0,0
0,0,0,0,0,0
0,0,0,0,0,0
0.0,0.0,0.037651468453935966,0.0,0.0,0.0
0.0,0.0,0.08935313746884513,0.0,0.0,0.0
0.0,0.0,0.14015114118086475,0.0,0.0,0.0
0.0,0.0,0.16184036019618156,0.0,0.0,0.0
0.0,0.0,0.41172346696848805,0.0,0.0,0.0
0.0,0.0,0.44054047512494215,0.0,0.0,0.0
0.0,0.0,0.44054047512494215,0.0,0.0,0.0
0.0,0.0,0.43929130389367843,0.0,0.0,0.0
0.0,0.0,0.41408146555260783,0.0,0.0,0.0
0.0,0.0,0.5547633418982645,0.0,0.0,0.0
0.0,0.0,0.5586502057959761,0.0,0.0,0.0
0.0,0.0,0.592631205872765,0.0,0.0,0.0
0.0,0.0,0.580485645591775,0.0,0.0,0.0
0.0,0.0,0.7340382855188107,0.0,0.0,0.0
0.0,0.0,0.8712408945261527,0.0,0.0,0.0
0.0,0.0,0.9837510127931743,0.0,0.0,0.0
0.0,0.0,1.0981523094575,0.0,0.0,0.0
0.0,0.0,1.1728666777967673,0.0,0.0,0.0
0.0,0.0,1.4526540182064929,0.0,0.0,0.0
0.0,0.0,1.4144023998959707,0.0,0.0,0.0
0.0,0.0,1.5755960579258468,0.0,0.0,0.0
0.0,0.0,1.886071709218482,0.0,0.0,0.0
0.0,0.0,1.8729206476113476,0.0,0.0,0.0
0.0,0.0,1.9261431448221153,0.0,0.0,0.0
0.0,0.0,2.2239239109289377,0.0,0.0,0.0
0.0,0.0,2.3044783914483267,0.0,0.0,0.0
0.0,0.0,2.392805522191968,0.0,0.0,0.0
0.0,0.0,2.5723245605853724,0.0,0.0,0.0
0.0,0.0,2.652120571680892,0.0,0.0,0.0
0.0,0.0,2.89292145384385,0.0,0.0,0.0
0.0,0.0,3.079750975846694,0.0,0.0,0.0
0.0,0.0,3.168560034001949,0.0,0.0,0.0
0.0,0.0,3.293193522333555,0.0,0.0,0.0
0.0,0.0,3.4246063799570954,0.0,0.0,0.0
-0.0313153661125392,0.0,3.61501374168517,0.0,0.0,0.0
0.0,0.0,3.696342914949154,0.0,0.0,0.0
0.0,0.0,3.866955574314145,0.0,0.0,0.0
0.0,0.0,3.826632055292653,0.0,0.0,0.0
-0.06344760269030542,0.0,3.9003928962256103,0.0,0.0,0.0
0.0,0.0,4.1185498395628315,0.0,0.0,0.0
0.0,0.0,4.323224275938588,0.0,0.0,0.0
0.0,0.0,4.484368261115982,0.0,0.0,0.0
-0.07383929506942591,0.0,4.726144285787435,0.0,0.0,0.0
0.0,0.0,5.033010798435559,0.0,0.0,0.0
0.0,0.0,5.154910313960744,0.0,0.0,0.0
0.0,0.0,5.413648859837636,0.0,0.0,0.0
0.0,0.0,5.5975490024798,0.0,0.0,0.0
-0.14414589040358988,0.0,5.833579554404998,-0.0014530641542035857,0.0,0.0
-0.14039634354898894,0.0,5.938463387859025,-0.005674083287000202,0.0,0.0
0.0,0.0,6.153912393706425,-0.0051113686139402075,0.0,0.0
-0.00017245998345877584,0.0,6.34788294352002,-0.0039299300402629205,0.0,0.0
0.0,0.0,6.304241044330322,-0.0035135338952169614,0.0,0.0
0.0,0.0,6.276654566278689,-0.002790278659300179,0.0,0.0
0.0,0.0,6.419116909306044,-0.002447790421252768,0.0,0.0
0.0,0.0,6.648311004951924,-0.0031827349933105363,0.0,0.0
0.0,0.0,6.815459005576757,-0.0026776141692877492,0.0,0.0
0.0,0.0,6.955320010309819,-0.004816164718418771,0.0,0.0
0.0,0.0,6.870289263303621,-0.006189921355051884,0.0,0.0
0.0,0.0,6.949721397117111,-0.00513344507520068,0.0,0.0
0.0,0.0,7.239246968428998,-0.003942396621208963,0.0,0.0
0.0,0.0,7.421500409243933,-0.0029284727186053767,0.0,0.0
0.0,0.0,7.3844869611448205,-0.006122679542744049,0.0,0.0
0.0,0.0,7.753035509619099,-0.005641302450623392,0.0,0.0
0.0,0.0,8.086106380031016,-0.012805033298504848,0.0,0.0
0.0,0.0,7.989921145532557,-0.015585101717016187,0.0,0.0
0.0,0.0,8.232283707560212,-0.017988858861068775,0.0,0.0
0.0,0.0,8.396961742410499,-0.01311726487255765,0.0,0.0
0.0,0.0,8.634486511820302,-0.016260920001573316,0.0,0.0
0.0,0.0,8.55768349032934,-0.021455850879613228,0.0,0.0
0.0,0.0,8.65213793926153,-0.023144904162823283,0.0,0.0
0.0,0.0,8.803490848967083,-0.024437525990089807,0.0,0.0
0.0,0.0,8.945406206663945,-0.01783148875252743,0.0,0.0
0.0,0.0,9.067870531031167,-0.018470386485206606,0.0,0.0
0.0,0.0,8.947536766841976,-0.010235427911715474,0.0,0.0
0.0,0.0,9.199115290093768,-0.008276494195370816,0.0,0.0
0.0,0.0,9.19873322399916,-0.009096550947794255,0.0,0.0
0.0,0.0,9.217882679563463,-0.009141213852068649,0.0,0.0
0.0,0.0,9.369420412437586,-0.014257964890204625,0.0,0.0
0.0,0.0,9.669902151016933,-0.021805409545558534,0.0,0.0
0.0,0.0,9.702938661124957,-0.027860060389750158,0.0,0.0
0.0,0.0,10.020011271983229,-0.04338039141194987,0.0,0.0
0.0,0.0,10.018787323258014,-0.051371420536162685,0.0,0.0
0.0,0.0,10.100167427978649,-0.04039286619105728,0.0,0.0
0.0,0.0,10.554873165193657,-0.030333931658650604,0.0,0.0
0.0,0.0,10.488099611259543,-0.02188971104427299,0.0,0.0
0.0,0.0,10.414668613244494,-0.01899420503149104,0.0,0.0
0.0,0.0,10.745285235027076,-0.022558986406560084,0.0,0.0
0.0,0.0,10.537252873812935,-0.025845099401772008,0.0,0.0
0.0,0.0,10.803049513894305,-0.019936192060465624,0.0,0.0
0.0,0.0,11.10022614331409,-0.03145075390534293,0.0,0.0
0.0,0.0,11.069751383056754,-0.03842673247474789,0.0005572225396987855,0.0
0.0,0.0,11.082044532395907,-0.049741783460952635,0.010384274584856069,0.0
0.0,0.0,11.077888569542633,-0.04757171980645463,0.006362295047508469,0.0
0.0,0.0,11.307637214308688,-0.030072796587641608,0.00027638362036156675,0.0
0.0,0.0,11.496966510081753,-0.012394010839810924,0.0,0.0
0.0,0.0,11.580444989420744,-0.011952714114194452,0.0,0.0
0.0,0.0,11.608701305744859,-0.01856129523869588,0.0,0.0
0.0,0.0,11.367224183943247,-0.03647898103694931,0.0,0.0
0.0,0.0,11.492079969540752,-0.05216287415072024,0.0018142998194946073,0.0
0.0,0.0,11.871131961749011,-0.05194523171210737,0.007678566852518313,0.0
0.0,0.0,11.742840643021236,-0.05017351445630094,0.012823051233700061,0.0
0.0,0.0,11.213635284088308,-0.0471558551568467,0.006834950023152139,0.0
0.0,0.0,12.0708889562769,0.0,0.0,-0.0002928745751599344
0.0,0.0,11.930838653217684,-0.0011767808435220034,0.0,0.0
0.0,0.0,11.615501853356674,-0.013765876589013671,0.0,-0.0016639748428465384
0.0,0.0,11.590745964956218,-0.03557884524836212,0.0027052131148974207,-0.0016387986645995326
0.0,0.0,11.849180460329823,-0.04971729028908167,0.012154314821237003,-0.004498688396545629
0.0,0.0,11.964469714338204,-0.052703869496251866,0.011782314617560715,-0.005668830558903014
0.0,0.0,11.761315337209846,-0.03088103373543764,0.0,-0.007423578040242178
0.0,0.0,11.986170301790253,-0.008334327336905348,0.0,-0.008523218169829844
0.0,0.0,12.492840639290636,0.0,0.0,-0.006755956390111344
0.0,0.0,12.385228342671537,-0.0027674624978704285,0.0,-0.00529584124328112
0.0,0.0,12.316310761324079,-0.022809523806601367,0.0,-0.008838095704568293
0.0,0.0,12.563098752195266,-0.038146591766762286,0.0,-0.010488223678849848
0.0,0.0,13.103729278041987,-0.04025602574480376,0.0,-0.013831862116564373
0.0,0.0,13.197138155122815,-0.0458134661996574,0.0,-0.010367781281674664
0.0,0.0,12.884707701156955,-0.06877142846863686,9.605252148205572e-05,-0.015420759825621194
0.0,0.0,12.284874658257923,-0.0673116343267119,0.002623572279578305,-0.015737431982696223
0.0,0.0,12.551330575988688,-0.04990763010683645,0.0,-0.016652236603058767
0.0,0.0,12.639881653032067,-0.038332050471265165,0.0,-0.017450503579879192
0.0,0.0,11.802594450847112,-0.034122018891352746,0.0,-0.01671697555966343
0.0,0.0,11.788401776868549,-0.03240062254457008,0.0,-0.020161645746669028
0.0,0.0,11.640910140999962,-0.03450091651613914,0.0,-0.02125435051119012
0.0,0.0,11.419058046068505,-0.0435019034958905,0.0,-0.018126713692191904
0.0,0.0,11.66545790589525,-0.05938462522038666,0.0,-0.022340508890899353
0.0,0.0,10.822804520295362,-0.06898896826048473,0.0,-0.021892659638481464
0.0,0.0,10.83109706175728,-0.04353210370434061,0.0,-0.02213429942956863
0.0,0.0,11.12718645510969,-0.011195927148254316,0.0,-0.0157541387856217
0.0,0.0,11.338765545949071,-0.005564444689347055,0.0,-0.01682133494800147
0.0,0.0,11.159205568827414,-0.011971107951624354,0.0,-0.02204583005630505
0.0,0.0,10.60973129747541,-0.028320199197309916,0.0,-0.025234138406782854
0.0,0.0,10.858093525207556,-0.027944775921807552,0.0,-0.021299132797390537
0.0,0.0,11.02973406556822,-0.03511719050379296,0.0,-0.01920834105592978
0.0,0.0,10.648116491395674,-0.04596791866010132,0.0,-0.019812703723406596
0.0,0.0,10.00187032470782,-0.05134479424038914,0.0,-0.024229344830653657
0.0,0.0,9.713894423075349,-0.03581228529385498,0.0,-0.020058425131484096
0.0,0.0,9.5721559015671,-0.005128665428784205,0.0,-0.016568271182809853
0.0,0.0,9.92903020688696,0.0,-0.003377093274953079,-0.01639373800298986
0.0,0.0,9.344056093816727,-0.002421361694189864,0.0,-0.017426997201358922
0.0,0.0,8.921178802782205,-0.01617985648384851,0.0,-0.017087949837184133
0.0,0.0,9.205027964141484,-0.021661873891403317,0.0,-0.017282787689769957
0.0,0.0,9.385519348443585,-0.020657476260530126,0.0,-0.010794680269571451
0.0,0.0,9.767222810003354,-0.025463394029958935,0.0,-0.01662457095977707
0.0,0.0,9.702129555902225,-0.04683735172579767,0.0,-0.015542158528328364
0.0,0.0,9.317151690210988,-0.04805028449500391,0.0,-0.010952849337038264
0.0,0.0,9.759724276181206,-0.035412537330869985,0.0,-0.01579431562021267
0.0,0.0,10.019242720209917,-0.025837068876958868,0.0,-0.012097309771659228
0.0,0.0,10.264043473164602,-0.025952741259227762,0.0,-0.010650146951693345
0.0,0.0,9.684544345273219,-0.05752385481924847,0.0,-0.01516901192047149
0.0,0.0,10.11592518939241,-0.060466423972783255,0.0,-0.012781354602351701
0.0,-0.013540086337816523,10.4264670471692,-0.06071565739650374,0.0,-0.012680141657125315
0.0,-0.29446793396096826,10.131941136817094,-0.08426331518611756,0.0,-0.012098168029810638
0.0,0.0,9.200597847120472,-0.08294867803745472,0.0,-0.013827452116629179
0.0,0.0,10.033349888451879,-0.0474925189503827,0.0,-0.012427144068753778
0.0,0.0,10.530796589098953,-0.026055363003319,0.0,-0.010516254375959815
0.0,0.0,9.741993149032442,-0.04748773013284561,0.0,-0.013106999510219205
0.0,0.0,8.363710302430075,-0.06377337163751623,0.0,-0.014198024332367148
0.0,0.0,9.169564672757335,-0.04383464988862248,0.0,-0.013244079228643688
0.0,0.0,9.787397107921704,-0.027877984141263572,0.0,-0.01152857557006618
0.0,0.0,8.58221860012469,-0.054665897528668475,0.0,-0.009735206176174674
0.0,0.0,7.832590549068978,-0.07114773077345134,0.0,-0.014581533877347572
0.0,0.0,8.49139569007575,-0.04169765923085339,0.0,-0.011052417044083648
0.10392955939412882,0.0,8.795787399928425,-0.01746950968827585,-0.005316431518285214,-0.00869386069177297
0.022696217798557104,0.0,8.065413111890186,-0.025898053533566563,-0.004237823210477368,-0.007855069060089218
0.09070110759755935,0.0,7.604954937736965,-0.0351524178845109,-0.0032990686214238243,-0.006491408006724303
0.06719832526641013,0.0,7.365760678879669,-0.03203521147588345,-0.0033412864648893537,-0.003575570138812581
0.054287173629724426,0.0,7.955809989794181,-0.021264136793135942,-0.009078273724556586,-0.0035783080325130423
0.0,0.0,8.21951504575491,-0.0210742325698963,0.0,0.0
0.026356778215249076,0.0,7.6025031532132505,-0.04296030064659123,0.0,0.0
0.0,0.0,7.654022427714348,-0.04784009006087371,-0.0023160723866572142,-0.003116716600644271
0.07578411557279116,0.0,8.253575945458678,-0.029518971321699637,-0.007781786024157041,0.0
0.15404696129160347,0.0,8.596223195962743,-0.032878663449840306,-0.005943540014173361,0.0
0.1369440889756114,0.0,7.580938504805262,-0.04307117936512703,-0.01187484538886743,0.0
0.3039328996036051,0.0,7.371412622057822,-0.042972242562624385,-0.009348902634408126,0.0
0.0,0.0,8.29928386624361,-0.056055816290179916,0.0,0.0
0.0,0.0,8.29928386624361,-0.056055816290179916,0.0,0.0
0.0,-0.1860239540748729,7.254568461832376,-0.07660670951491087,0.0,0.0
0.036990143108431704,0.0,8.214698971602331,-0.04683236472196115,-0.0009495587078410077,0.0
0.19277427831462143,0.0,7.9829454266419635,-0.037165841085621806,0.0,0.0
0.19455224774730512,0.0,7.2895123642787585,-0.03809730131161899,-0.009267508334913955,0.0
0.21333685112050796,0.0,6.9490093104294575,-0.03416089487985326,-0.005748370160564363,0.0
0.0,0.0,7.346821561794135,-0.04173204213939129,0.0,0.0
0.0,0.0,7.340815805089882,-0.03893520411770017,0.0,0.0
0.0,0.0,6.81390618243442,-0.045106462067208204,0.0,0.0
0.0,0.0,6.435861919589158,-0.057409237195319915,0.0,0.0
0.0,0.0,6.872877515168135,-0.05036608831725057,0.0,0.0
0.0,0.0,7.2856655485582165,-0.03654772489400278,-0.00026446534511346924,0.0
0.0,0.0,6.449560270749863,-0.03557753469002684,0.0,0.0
0.0,0.0,6.312676014113363,-0.047332875979681555,0.0,0.0
0.0,0.0,6.1278289124740954,-0.043767758939536126,0.0,0.0
0.5382619931914852,0.0,6.379401277798132,-0.01908719507867513,-0.0159055363091939,0.0
0.6791470367003631,0.0,6.136549495425705,-0.021612815768553614,-0.01949812077322221,0.0
1.0380451653037635,0.0,5.805935320725321,-0.01985396025077569,-0.018035044473344714,0.0
0.660320253648987,0.0,5.812689032337997,-0.022280927026701074,-0.019062573628142204,0.0
0.5116441137152012,0.0,5.764960251048271,-0.023306408546861404,-0.019130857624237003,0.0
0.6118109845521983,0.0,5.652162495859293,-0.03127180700011306,-0.01328879556217447,0.0
0.583370812039347,0.0,6.010048032965898,-0.026671281076947086,-0.015392109038411492,0.0
0.6284474022861333,0.0,6.351445981138795,-0.02566406008774092,-0.010138760960776117,0.0
0.8394794514067604,0.0,6.213010865734927,-0.025088626398664705,-0.013118689149639956,0.0
0.9214381851377367,0.0,6.556288198016094,-0.01347059112654469,-0.02846866888741113,0.0
0.8258776685288804,0.0,6.892972554615225,-0.019772706284538397,-0.024337052031923653,0.0
0.9389850988268705,0.0,7.14739679656748,-0.020886850667247086,-0.02200782369427034,0.0
0.20456168723236354,0.0,7.050847106271171,-0.04076353344163787,-0.011747886730592596,0.0
0.0,0.0,7.033979018708239,-0.06619667528348724,0.0,0.0
0.0,0.0,7.0031760297319625,-0.05086659799740569,-0.002391671426711053,-0.001662261292591095
0.05092757132720267,0.0,6.8667293578216375,-0.038400323351671366,-0.003836550892127133,-0.0019634779392830393
0.1234851302070706,0.0,6.868755381103225,-0.027983840276763493,-0.005706971973970108,0.0
0.47865185285655504,0.0,6.623724764572255,-0.016026535433206653,-0.009261109705780448,-0.0004582897729410272
0.39986512417732956,0.0,6.445323848281821,-0.010044039379175964,-0.011242295188519057,-0.004734016749574835
0.05673668747480483,0.0,7.065961789123757,-0.016691630769142197,-0.00663545810860879,-0.0021745516162359506
0.0,0.0,6.688975522942923,-0.02780689785325744,0.0,-0.0008230896347186879
0.0,0.0,6.3543084278299045,-0.045110270459776274,0.0,-0.005296634596849157
0.0,0.0,6.546109794768155,-0.04306349640237956,0.0,-0.005307370830741308
0.0,0.0,6.950121982664845,-0.025044135835470077,0.0,-0.0015197362761320897
0.0,0.0,7.077387083042953,-0.018510316870384652,0.0,-0.006692460069817838
0.0,0.0,7.128289935356885,-0.014320375513143977,0.0,-0.005876551545228568
0.0,0.0,7.33406717797577,-0.015975797526452364,0.0,-0.003684508071446979
0.0,0.0,7.370384894842104,-0.018652461821197237,0.0,-0.006177633909198895
0.0,0.0,7.288341562898317,-0.019678025213249524,0.0,-0.006068175927483895
0.0,0.0,7.450906103155421,-0.023950034724689907,0.0,-0.010533280703273107
0.0,0.0,7.125077398270103,-0.03246391622061265,0.0,-0.009579828157121353
0.0,0.0,6.671240568071258,-0.0226542951353096,0.0,-0.012556097216073685
0.0,0.0,7.043876242425142,-0.012494914372610267,0.0,-0.0075552613567132065
0.0,0.0,6.780398988306182,-0.010761056093982053,0.0,-0.006587478362760087
0.0,0.0,6.889486895177795,-0.009123174441544247,0.0,-0.006869819712849387
0.0,0.0,6.839754965177794,-0.01477885889632743,0.0,-0.010097990733395918
0.0,0.0,6.334731984666048,-0.029166462848707803,0.0,-0.009799730164381166
0.0,0.0,6.986117493396135,-0.02404286835884569,0.0,-0.010807261388250621
0.0,0.0,6.720454706277413,-0.03356924022530791,0.0,-0.010893221407782084
0.0,0.0,6.304341978981389,-0.03454504308086651,0.0,-0.01253472001333093
0.0,0.0,6.858582048749783,-0.025531755620440615,0.0,-0.010367497908883319
0.0,0.0,6.413360083853829,-0.023645726624984573,0.0,-0.012093931762727331
0.0,0.0,6.454355299447374,-0.022297262697399296,0.0,-0.013134495248391104
0.0,0.0,6.191471103995012,-0.019961560113923908,0.0,-0.012882177854939442
0.0,0.0,6.24803181048152,-0.014262597423598705,0.0,-0.010954061369892843
0.0,0.0,6.003605818529541,-0.021187776191557175,0.0,-0.01445395288710485
0.0,0.0,6.0216963088402515,-0.019035544433484073,0.0,-0.01239390244108295
0.0,0.0,6.116550104004517,-0.023863950450057854,0.0,-0.014138539666188582
0.0,0.0,6.043430706513313,-0.020384179549212907,0.0,-0.011725425362821435
0.0,0.0,6.12865101696349,-0.009403588911804619,0.0,-0.013313568269725382
0.0,0.0,6.603672716957502,-0.003182251721396271,0.0,-0.01070690449403188
0.0,0.0,6.569194939496263,-0.00973005391255057,0.0,-0.012407301327244196
0.0,0.0,6.563961558674481,-0.02098368264195328,0.0,-0.011650598422992212
0.0,0.0,6.746456956388222,-0.022977774659604874,0.0,-0.008766564380009773
0.0,0.0,6.867888914769661,-0.04371733690079987,0.004372080648484206,-0.011124965629585726
0.0,0.0,6.958454199039298,-0.032963795482161794,0.0,-0.008994988160254744
0.0,0.0,7.568542029999614,-0.031002767694551663,0.0,-0.009393906763275152
0.0,0.0,7.754711756145744,-0.03339648377072797,0.0,-0.006072514663456164
0.0,0.0,7.099108228927088,-0.038958538439130094,0.0060996803369690305,-0.0075422894250125995
0.0,0.0,7.5933795478054105,-0.028672731068237693,0.0,-0.007036778521746142
0.0,0.0,7.463485964423432,-0.04071932801367552,0.0076974458152889195,-0.0036791290093362767
0.0,0.0,6.802729893646527,-0.041536257385014444,0.0093723137331615,-0.0016386199898763103
0.0,0.0,6.928804345578411,-0.02066158891258946,0.0,-0.0022725870699652076
0.0,0.0,7.155644810443481,-0.010298830721959222,0.0,0.0
0.0,0.0,7.30352525578309,-5.984507842904053e-05,0.0,0.0
0.0,0.0,7.123716514565804,-0.007825486948056288,0.002486892908730589,0.0
-0.09836599373072025,0.0,6.886549244081688,-0.01980870966045537,0.016602818435109145,0.0
-0.22429412569349036,0.0,6.667314831023923,-0.028011548777230715,0.021135206827898396,0.0
-0.2368921142741925,0.0,6.76806019276021,-0.031504821939988645,0.020122506993178493,0.0
0.0,0.0,6.24580367147305,-0.02655155335097058,0.009102426925462984,0.0
0.0,0.0,6.1579869193522585,-0.018572452179865105,0.004970807428852553,0.0
0.0,0.0,5.759858744290097,-0.005451204723237228,0.001728665851328872,0.0
0.0,0.0,5.865198955078179,0.0,0.0,0.0
0.0,0.0,6.093503254287568,0.0,0.0,0.0
0.0,0.0,5.873270039148677,0.0,0.0,0.0
0.0,0.0,5.568334737584486,0.0,0.0,0.0
0.0,0.0,6.349319605616538,0.0,0.0,0.0
0.0,0.0,6.6129040110755835,0.0,0.0,0.0
0.0,0.0,6.418638467847353,-0.012958540976530528,0.0,0.0
0.0,0.0,6.587534022306403,-0.020093113458534772,0.0006062777995730735,0.0
0.0,0.0,7.005993142268265,-0.026888789982287924,0.007239228978737203,0.0
0.0,0.0,6.709127073203281,-0.03579575001998448,0.007635540517455295,0.0
0.0,0.0,6.748958491669673,-0.03716105801047676,0.009767347441723393,0.0
0.0,0.0,6.84685698669451,-0.025165826432741907,0.0007609141572997748,0.0
0.0,0.0,6.906507512902442,-0.022502127864417527,0.0009034457753116555,0.0
0.0,0.0,7.00871295865633,-0.009661092203359329,0.0,0.0
0.0,0.0,6.922046044458156,-0.02250320989116566,0.0016606697612150296,0.0
0.0,0.0,6.7742684023431226,-0.03758686826155484,0.004830042951613824,0.0
0.0,0.0,6.383518712717703,-0.03395637055488071,0.0034144957637130477,0.0
0.0,0.0,6.791369220971537,-0.023278863979867077,0.002726306851066389,0.0
0.0,0.0,6.464905562232746,-0.02327232514838422,0.007018087277302597,0.0
0.0,0.0,6.138936835727656,-0.012968414227697355,0.0,0.0
0.0,0.0,5.827742928150511,-0.011799173861102144,0.0016048386986286522,0.0
0.0,0.0,5.631797928070647,0.0,0.0,0.0
0.0,0.0,6.022091850348572,0.0,0.0,0.0
0.0,0.0,5.284025953435202,0.0,0.0,0.0
0.0,0.0,5.159647041099408,0.0,0.0,0.0
0.0,0.0,5.539745753117964,0.0,0.0,0.0
0.0,0.0,5.539745753117964,0.0,0.0,0.0
0.0,0.0,5.507224069954123,0.0,0.0,0.0
0.0,0.0,5.643703382059328,-0.00023733524540769393,0.0,0.0
0.0,0.0,5.461433147041019,-0.0033320482141033824,0.0,0.0
0.0,0.0,5.7236289524021595,0.0,0.0,0.0
0.0,0.0,5.447722981448941,0.0,0.0,0.0
0.0,0.0,5.9700718171697265,0.0,0.0,0.0
0.0,0.0,6.007502684069701,-0.0010451522504669494,0.0,0.0
0.0,0.0,5.422853977065873,-0.01638637344150632,0.0065495724267051695,0.0
0.0,0.0,5.4583177840250965,-0.0009225890125120099,0.0,0.0
0.0,0.0,6.106003217119605,0.0,0.0,0.0
0.0,0.0,6.0722813701330125,0.0,0.0,0.0
0.0,0.0,5.669285571833621,-0.00303722770137945,0.0,0.0
0.0,0.0,5.812310356010645,-0.0022386429986098284,0.0,0.0
0.0,0.0,5.942137083655652,-0.003723989388507871,0.0029942428414512327,0.0
0.0,0.0,6.4775015044469075,0.0,0.0,0.0
0.0,0.0,5.569496393692967,-0.013139650269987521,0.0020548316617928263,0.0
0.0,0.0,5.651000929142534,-0.017680861392709753,0.004281829021988669,0.0
0.0,0.0,6.3015838133071735,0.0,0.0,0.0
0.0,0.0,6.072154494660571,-0.0046719126750052195,0.00048594380069626533,0.0
0.0,0.0,5.349343404169888,-0.004255573828946607,0.0002552443570698479,0.0
0.0,0.0,5.589127107096553,0.0,0.0,0.0
0.0,0.0,5.655030177733695,0.0,0.0,0.0
0.0,0.0,5.667461989097744,0.0,0.0,0.0
0.0,0.0,5.627287562666959,0.0,0.000452325108883989,0.0
0.0,0.0,4.751919344930303,-0.013941532093578738,0.016381536242771257,0.0
0.0,0.0,5.346104513106846,-0.007760161807224832,0.020837945797224193,0.0
0.0,0.0,5.242121623284332,-0.0019845420086534054,0.010452875525353265,0.0
0.0,0.0,5.009091121924984,0.0,0.0,0.0
0.0,0.0,5.119533376829393,0.0,0.0,0.0
0.0,0.0,4.924615956184092,0.0,0.0,0.0
0.0,0.0,4.723738699352281,0.0,0.0,0.0
0.0,0.0,4.895893306631217,0.0,0.0,0.0
0.0,0.0,4.512808207308617,0.0,0.0,0.0
0.0,0.0,4.830988127368995,0.0,0.0,0.0
0.0,0.0,4.975792338767747,0.0,0.0,0.0
0.0,0.0,4.408176874854319,-0.0004719848045303069,0.007282126367388513,0.0
0.0,0.0,4.185336514566918,-0.000533292994363021,0.004253970649965066,0.0
0.0,0.0,4.710026816967615,0.0,0.004087967939766889,0.0
0.0,0.0,4.600767175492037,0.0,0.0,0.0
0.0,0.0,4.411597278193439,0.0,0.0,0.0
0.0,0.0,4.67807698037244,0.0,0.0,0.0
0.0,0.0,4.670778336876449,0.0,0.0011774989179616387,0.0
0.0,0.0,4.755548276475955,0.0,0.006707777766217611,0.0
0.0,0.0,4.174924323110467,-0.002954013670837444,0.009738195865809872,0.0
0.0,0.0,4.293845341183929,-0.0009280723497019593,0.016633006275665094,0.0
0.0,0.0,4.530635349120255,0.0,0.006184492011544243,0.0
0.0,0.0,3.9976995672500335,-0.0007206520947304291,0.008096748288258598,0.0
0.0,0.0,3.718964341760363,0.0,0.001906485472420863,0.0
0.0,0.0,4.04167139881993,0.0,0.0,0.0
0.0,0.0,3.899970147954707,0.0,0.0,0.0
0.0,0.0,3.992954559977387,0.0,0.0,0.0
0.0,0.0,3.992954559977387,0.0,0.0,0.0
0.0,0.0,3.9090269572343153,0.0,0.0,0.0
0.0,0.0,4.054553125298794,0.0,0.0026186055125793925,0.0
0.0,0.0,4.054553125298794,0.0,0.0026186055125793925,0.0
0.0,0.0,4.360065555862713,0.0,0.0,0.0
0.0,0.0,4.376095425808471,0.0,0.0,0.0
0.0,0.0,4.246856309122496,0.0,0.0,0.0
0.0,0.0,4.53935129603507,0.0,0.0,0.0
0.0,0.0,4.100942455909626,0.0,0.005762539801611434,0.0
0.0,0.0,4.332913029035746,0.0,0.0,0.0
0.0,0.0,4.8220519300568885,0.0,0.0,0.0
0.0,0.0,4.602450635713712,0.0,0.0,0.0
0.0,0.0,4.6036451126277615,0.0,0.005641822876567695,0.0
0.0,0.0,5.060022897838645,0.0,0.0,0.0
0.0,0.0,5.222185419069175,0.0,0.005316395360032714,0.0
0.0,0.0,5.053519945667013,0.0,0.012788971815101963,0.0
0.0,0.0,4.900338759344943,0.0,0.016210693329464104,0.0
-0.1518511271801536,0.0,4.8377672442179955,0.0,0.016064274404574117,0.0
0.0,0.0,5.022275441651944,0.0,0.006589162967874426,0.0
0.0,0.0,5.124937294394561,0.0,0.001632279326130953,0.0
0.0,0.0,4.807952659791221,0.0,0.0,0.0
0.0,0.0,4.804993209178134,0.0,0.0,0.0
0.0,0.0,4.996228912720739,0.0,0.0007110788933070917,0.0
0.0,0.0,4.996228912720739,0.0,0.0007110788933070917,0.0
-0.06038565282282623,0.0,4.337910265369919,0.0,0.015972337324489994,0.0
0.0,0.0,4.263267666412501,0.0,0.015832829946951787,0.0
0.0,0.0,3.9616035985663927,0.0,0.008956053670847083,0.0
0.0,0.0,4.015221935454093,0.0,0.003087733071254676,0.0
0.0,0.0,3.826827263813365,0.0,0.0,0.0
0.0,0.0,3.4282875458547033,0.004160347823843645,0.0,0.0
0.0,0.0,3.980797722084931,0.015958705432583185,0.0,0.0
0.0,0.0,3.964815489435092,0.007472476768746919,0.0,0.0
0.0,0.0,3.2433644206559733,0.0,0.0,0.0
0.0,0.0,3.6020711457286474,0.0,0.0,0.0
0.0,0.0,3.7187518383742733,0.0,0.001023398668580334,0.0
0.0,0.0,3.616656291793363,0.0,0.0014736726292384626,0.0
0.0,0.0,3.9327368768466124,0.0,0.0,0.0
0.0,0.0,3.751136722674483,0.0,0.0,0.0
0.0,0.0,4.200777402928386,0.00778496001175458,0.0,0.0
0.0,0.0,4.769836851006387,0.008975135849291497,0.0,0.0
0.0,0.0,4.451824225883909,0.0,0.0,0.0
0.0,0.0,3.902791292284077,-0.0013351916564392486,0.015948774082063105,0.0
0.0,0.0,4.632121411753964,0.0,0.016697416902755686,0.0
0.0,0.0,4.581219388855252,-0.004980322855629916,0.0268524202396771,0.0
0.0,0.0,3.991705867053549,-0.006860167821725332,0.019153464428816668,0.0
0.0,0.0,3.894467887996882,0.0,0.0,0.0
0.0,0.0,4.0655055576073025,0.0,0.0,0.0
0.0,0.0,3.9497705570378265,0.0,0.0,0.0
0.0,0.0,3.788572322178536,0.0,0.0,0.0
0.0,0.0,3.776356693076817,0.0,0.0,0.0
0.0,0.0,3.660357884484468,0.0,0.00662181256255392,0.0
0.0,0.0,3.472623894720326,0.0,0.008257100003257455,0.0
0.0,0.0,3.328691315706583,0.0,0.007859938721671235,0.0
0.0,0.0,3.458108179239944,0.0,0.004312347470163401,0.0
0.0,0.0,3.438829866187157,0.0,0.0032253109483428855,0.0
0.0,0.0,3.342799081620094,0.0,0.0,0.0
0.0,0.0,3.4778367224155,0.0012934552387223275,0.0,0.0
0.0,0.0,3.453406540059145,0.0,0.0022212585521035988,0.0
0.0,0.0,3.2567055602266906,0.0,0.01211987475527311,0.0
0.0,0.0,3.6719604705820474,0.0,0.0021179578782747894,0.0
0.0,0.0,3.7070879534205092,0.0,0.01401220068349979,0.0
0.0,0.0,3.4259445175328467,0.0,0.01891081025667932,0.0
0.0,0.0,3.5961271243795836,0.0,0.010825391038759267,0.0
0.0,0.0,3.7109170509049134,0.0,0.010973393799445322,0.0
0.0,0.0,3.550341299209928,0.0,0.009347244413806525,0.0
0.0,0.0,3.3961415616186925,0.0,0.006827017384965481,0.0
0.0,0.0,3.5046325412419295,0.0,0.006981876830726384,0.0
0.0,0.0,3.0609856469554964,0.0,0.020485756731400608,0.0
0.0,0.0,3.360448919004161,0.0,0.007600721939931302,0.0
0.0,0.0,3.649149141508365,0.0,0.010886760426269215,0.0
0.0,0.0,3.1804818066011826,0.0,0.016807971248112567,0.0
0.0,0.0,3.1804818066011826,0.0,0.016807971248112567,0.0
-0.04557788197318593,0.0,3.510297993253051,-0.00022970553733707614,0.021366195207808678,0.0
-0.07021673054876423,0.0,3.0424920799960433,-0.007483022120974421,0.031047326303917294,0.0
0.0,0.0,3.105681194860414,0.0,0.022908832345703563,0.0
0.0,0.0,3.391974662190112,0.0,0.014483673684440599,0.0
0.0,0.0,3.388979161169776,0.0,0.004323782910998503,0.0
0.0,0.0,3.1784214811806017,0.0,0.0,0.0
0.0,0.0,3.465312895042774,0.0,0.0,0.0
0.0,0.0,3.4714282549187723,0.0,0.0028826830744953036,0.0
0.0,0.0,3.1312926271100308,0.0,0.011959874652307386,0.0
0.0,0.0,3.348148946586284,0.0,0.008644093419005761,0.0
0.0,0.0,3.391928005640003,0.0,0.01406873976748225,0.0
0.0,0.0,2.9398128534285752,0.0,0.018399697260633036,0.0
0.0,0.0,3.2171645454829383,0.0,0.0005219491864094607,0.0
0.0,0.0,3.6490493046582295,0.00116704564031488,0.0,0.0
0.0,0.0,3.926958150916839,0.0,0.0,0.0
0.0,0.0,3.6176808531904046,0.0,0.0063313004602105,0.0
0.0,0.0,3.401755467843575,-0.008690499584876802,0.012180942080345983,0.0
0.0,0.0,3.7689781683823242,-0.005446435181580912,0.013621537413488755,0.0
0.0,0.0,3.8545679937841593,-0.008333118391226153,0.025894855163041637,0.0
0.0,0.0,3.2719794688734773,-0.009019345781691664,0.021475444866414634,0.0
0.0,0.0,3.4078274366011976,0.0,0.001492336533358222,0.0
0.0,0.0,3.7419160483754625,0.0,0.004066595418519307,0.0
0.0,0.0,3.4927311442321147,0.0,0.0,0.0
0.0,0.0,3.4469132348785116,0.0,0.0,0.0
0.0,0.0,3.593111414328335,0.0,0.0,0.0
0.0,0.0,3.3620462824435933,0.0,0.016405302611536426,0.0
0.0,0.0,3.2514007801177853,0.0,0.008702327584630168,0.0
0.0,0.0,3.40342303627859,0.0,0.010656793744427077,0.0
0.0,0.0,2.997616741612384,-0.0032339622111881424,0.022914349731779103,0.0
0.0,0.0,3.2208058136685316,0.0,0.018257224600274805,0.0
0.0,0.0,3.0994492879811646,0.0,0.004872391158139073,0.0
0.0,0.0,3.3935371280269377,0.0,0.0006998259685671445,0.0
0.0,0.0,3.2385464211794095,0.0,0.00812192551935571,0.0
0.0,0.0,3.186269351929181,-0.00357719671624561,0.01502088804314082,0.0
0.0,0.0,3.2379400820102355,-0.010307015407201437,0.02564551002198347,0.0
-0.15282398365075306,-0.056781454468360096,3.503665124329968,-0.016736411268687617,0.03968673048101591,0.0
-0.1523250220748991,-0.22542063124812922,3.2570071648922543,-0.01775974340031918,0.039743873298584385,0.0
0.0,0.0,3.4007568504932295,-0.00882873813790706,0.028006902209895927,0.0
0.0,0.0,3.908628828858755,-0.00013749141136442348,0.016842944752009453,0.0
0.0,0.0,3.693575468225569,-0.00025016610149181096,0.02018238807713606,0.0
0.0,0.0,3.3372667081139746,0.0,0.01829821702337258,0.0
0.0,0.0,3.756240779762816,0.0,0.008814612503731714,0.0
0.0,0.0,3.8935595082461076,0.0,0.02207187627942505,0.0
-0.3829462179969533,0.0,3.358295775308627,-0.010786784361460473,0.052387868457901485,0.0
-0.4824953530140454,0.0,3.2476040001799182,-0.012581862792966353,0.04311130107719187,0.0
0.0,0.0,3.7963558388577487,-0.0016525087709708883,0.03666233787296329,0.0
0.0,0.0,4.009524339051073,0.0,0.025387724024521507,0.0
0.0,0.0,3.9813973701511713,-0.004185356957613293,0.02753041391703721,0.0
-0.2053467589343661,0.0,3.511088589816832,-0.017722036213285434,0.0246225040071446,0.0
-0.1814321360425116,0.0,3.6444385733721547,-0.017345135539706753,0.03048289048968166,0.0
-0.1814321360425116,0.0,3.6444385733721547,-0.017345135539706753,0.03048289048968166,0.0
-0.3695484078662324,0.0,2.9124874401480105,-0.02958268093686084,0.04586487588978228,0.0
0.0,0.0,2.5774842899190165,-0.012722712644303816,0.034881734637509855,0.0
0.0,0.0,3.050723938613042,0.0,0.011292527551787312,0.0
0.0,0.0,3.050723938613042,0.0,0.011292527551787312,0.0
0.0,0.0,2.2593441336417555,0.0,0.008572685494217334,0.0
0.0,0.0,2.4613906811539676,0.0,0.020233872338038045,0.0
0.0,0.0,2.4613906811539676,0.0,0.020233872338038045,0.0
0.0,0.0,1.9710211850440025,-0.012827423468345017,0.02124799776951821,0.0
0.0,0.0,2.073271369193436,0.0,0.013345335319268231,0.0
0.0,0.0,2.574041679830119,0.0,0.010737289707090633,0.0
0.0,0.0,2.5843900677275053,0.0,0.006375598922662333,0.0
0.0,0.0,2.4421160993495166,0.0,0.006461994494008598,0.0
0.0,0.0,2.8517919860890277,0.0,0.0036263915060266447,0.0
0.0,0.0,3.549087586269157,-0.00881686321483956,0.02346653085828198,0.0
-0.6756826496758763,-0.5870946732647491,2.669480263691034,-0.06609568175917521,0.06002700221270366,0.0
-0.5619354578218059,-1.0267603422287397,2.3687223488159637,-0.0819579225244383,0.0645075802716179,0.0
-0.1597575742554785,-0.25790716014543213,2.996309849701049,-0.04803649477669279,0.053174769454361816,0.0
0.0,0.0,3.160513916152838,-0.023226868144034376,0.038809105329714357,0.0
0.0,0.0,2.3516768836828645,-0.015300630475809457,0.02720486728962415,0.0
0.0,0.0,2.238702873905522,0.0,0.0064024188424531255,0.0
0.0,0.0,2.721736854866036,0.0,0.005433166042164948,0.0
0.0,0.0,2.6488715795638953,0.0,0.011839945881844656,0.0
0.0,0.0,2.164472799226714,-0.005369165233465214,0.02605004568431054,0.0
0.0,0.0,1.7303214839767918,-0.02403040916160961,0.026259671038722766,0.0
0.0,0.0,2.80272614984737,-0.007366227541514586,0.025262959470697205,0.0
0.0,0.0,2.433146423004273,-0.019410984896259253,0.04050042454776895,0.0
-0.014147638926719672,0.0,1.9536242018554977,-0.02963826081386221,0.0353099796011131,0.0
0.0,0.0,2.2457190006436734,-0.0037274817568230187,0.011228758404280236,0.0
0.0,0.0,3.020370678204532,0.0,0.008284086346196677,0.0
0.0,0.0,2.6838425024175825,0.0,0.005638120958276174,0.0
0.0,0.0,2.257754278087534,-0.0034346408625399046,0.008706000536132566,0.0
0.0,0.0,2.499494673035736,-0.016520402828813535,0.02093800730333907,0.0
-0.0033624503162231214,0.0,2.7648324819583454,-0.020991097372358308,0.0438741711613025,0.0
0.0,0.0,2.43623621849821,-0.03575598409007569,0.040870365785159866,0.0
-0.017737015672483647,0.0,2.4030019652044303,-0.025107276099500885,0.0372552287611395,0.0
0.0,0.0,2.591050644105846,-0.0208388611387143,0.03368115314481742,0.0
0.0,0.0,2.638155087703616,-0.0029726014562434086,0.025814137638815203,0.0
0.0,0.0,2.507636279533009,0.0,0.010514524190696765,0.0
0.0,0.0,2.4892734558695686,0.0,0.014937324354038781,0.0
0.0,0.0,2.1878610832086967,-0.006861182999628709,0.03482757112555837,0.0
0.0,0.0,2.083386810434913,-0.00928716879898793,0.03480714297130362,0.0
0.0,0.0,2.0728644981320867,-0.011665940632717812,0.03619645818338804,0.0
0.0,0.0,1.983497124492874,-0.00746194575117762,0.032962398782788824,0.0
0.0,0.0,2.248847435646492,-0.002580887305370614,0.027843932361149536,0.0
0.0,0.0,2.321751553932144,0.0,0.01246090759953875,0.0
0.0,0.0,2.5736780819560208,0.0,0.0,0.0
0.0,0.0,2.6491625594402755,0.0,0.01184043566003717,0.0
0.0,0.0,2.563206072908943,-0.010585453325596395,0.027243957408049004,0.0
-0.28649077549996665,0.0,2.4660929766301325,-0.029875337270785347,0.04979281423462817,0.0
-0.46947468976504636,0.0,2.145388663958743,-0.03486696482018253,0.06253943311180381,0.0
-0.016840450181643103,0.0,2.4227521071263913,-0.011418007557838672,0.04634516866006181,0.0
0.0,0.0,2.687270573968478,-0.002290394928103511,0.036948517262148005,0.0
0.0,0.0,2.1969850755429277,0.0,0.0243837971687558,0.0
0.0,0.0,2.487458036854247,0.0,0.01194000169002462,0.0
0.0,0.0,2.8205316952723716,0.0,0.00834068534740219,0.0
0.0,0.0,2.6400283335768813,0.0,0.0171049149898882,0.0
0.0,0.0,2.4236993508503497,-0.021325297333972003,0.04058369941364591,0.0
-0.27596442796220383,0.0,2.0283034050792996,-0.04747722393520139,0.05709019475421549,0.0
-0.044965871009538194,0.0,2.4011856092661144,-0.025833782064158872,0.04669800491630936,0.0
0.0,0.0,2.5983527048299653,-0.008311107677797091,0.030849181266065673,0.0
0.0,0.0,2.153730072669524,-0.003897308489378489,0.026203563638943696,0.0
0.0,0.0,1.962863429700203,0.0,0.010018494114405738,0.0
0.0,0.0,2.19824037641133,0.0,0.0,0.0
0.0,0.0,2.512259865359914,0.0,0.0,0.0
0.0,0.0,2.4639983575634483,0.0,0.006871413444754048,0.0
0.0,0.0,2.181617378017829,-0.020327286030609286,0.03066831951029428,0.0
-0.10483664740002727,-0.017018243119521534,1.9106409495469474,-0.04027258103601065,0.05141714907637439,0.0
0.0,0.0,2.1812345986431128,-0.030350442574569363,0.048944592521564995,0.0
0.0,0.0,2.316764404884277,-0.017235828348108627,0.033531356867880585,0.0
0.0,0.0,2.0648151927988914,-0.010113251373058558,0.021954634649659948,0.0
0.0,0.0,2.224044019359086,0.0,0.004959442246620435,0.0
0.0,0.0,2.3132563189518898,0.0,0.0,0.0
0.0,0.0,2.350527076968921,0.0,0.0,0.0
0.0,0.0,2.156729297756304,0.0,0.00032918593215314787,0.0
0.0,0.0,2.3954956836565926,0.0,0.008909918646148724,0.0
0.0,0.0,2.5571841598921945,-0.01663644320703482,0.030464771222542895,0.0
0.0,0.0,2.3047562843099594,-0.03656403937496341,0.033741331063753266,0.0
0.0,0.0,2.433129754842505,-0.031842357847685375,0.03649441893837973,0.0
0.0,0.0,2.4999320621203505,-0.01619510503868073,0.012954787838176548,0.0
0.0,0.0,2.450064238442027,-0.003904278341354897,0.00583918274813164,0.0
0.0,0.0,2.4280919004458967,-0.0030640237205815084,0.0024485984958957188,0.0
0.0,0.0,2.5579183503238005,-0.001956961413863717,0.0043718102293858795,0.0
0.0,0.0,2.1692693009127,-0.009018281516261387,0.020053894594756757,0.0
0.0,0.0,1.8722716447221106,-0.03125767458640001,0.03754581814785445,0.0
-0.01602297388478738,0.0,1.7960598800600294,-0.04007895720820028,0.04456053275765542,0.0
0.0,0.0,1.784484595314101,-0.01968227844658997,0.03209447280190316,0.0
0.0,0.0,2.006929089399864,-0.0027838770266151803,0.014454765023844265,0.0
0.0,0.0,2.1593906984226026,0.0,0.0027102122465971434,0.0
0.0,0.0,1.942718885900868,0.0,0.005284126592073126,0.0
0.0,0.0,1.813966796614011,-0.004870905007547871,0.01019585953198727,0.0
0.0,0.0,1.8113527215668168,-0.008390411969375285,0.021773970933561208,0.0
0.0,0.0,1.6360197491846198,-0.02513752006954545,0.041506711516478265,0.0
-0.007791785329524378,0.0,1.746658733648255,-0.027066460679078468,0.03828846101937957,0.0
-0.007703064289992489,0.0,2.006151439421898,-0.0212063242458854,0.046314892079914426,0.0
0.0,0.0,1.62980961128542,-0.023163282965250623,0.039100279252995515,0.0
0.0,0.0,1.872160925612515,-0.006645207726927974,0.02472176256450096,0.0
0.0,0.0,1.9694887525607108,0.0,0.014012151926092158,0.0
0.0,0.0,2.115328972479538,0.0,0.010359600283242018,0.0
0.0,0.0,2.3289960653464052,-0.0013912430845371133,0.018415680301111,0.0
0.0,0.0,2.2551746227246787,-0.01876486625589547,0.03236443300855625,0.0
0.0,0.0,2.0277474986128916,-0.03204935727221752,0.04108033556105615,0.0
0.0,0.0,2.0748272148760054,-0.02830210344004886,0.03903626868820596,0.0
-0.205045938329875,0.0,1.8368667905098601,-0.03894563052978704,0.04752003745160559,0.0
-0.0460426464500552,0.0,1.4895990724748263,-0.032263336811115186,0.04945900706749247,0.0
0.0,0.0,1.5931294868539634,-0.010612176783988691,0.03602385178201843,0.0
0.0,0.0,1.4984563582231283,0.0,0.0164313169509721,0.0
0.0,0.0,1.5750906821216113,0.0,0.0,0.0
0.0,0.0,1.4671622527096106,0.0,0.0,4.447226403922011e-06
0.0,0.0,1.067527918528794,0.0,0.0015243970910812324,0.00199590499524092
0.0,0.0,1.078590918793167,-0.0037261406640388935,0.007678099144379789,0.000915939967838589
0.0,0.0,1.0941221887986827,-0.010164030703566692,0.008883014723334533,0.001215800242639144
0.0,0.0,0.8079249160063375,-0.019078915177526336,0.016093635909125242,0.0034393221473275988
0.0,0.0,0.8257178914292075,-0.014209357154691401,0.015219723084728614,0.001111451533241365
0.0,0.0,0.866064016952089,-0.011731836640293102,0.015286079795612579,0.001977769343240575
0.0,0.0,0.788846161385664,-0.005041989933610129,0.009684153951325465,0.002884726760879545
0.0,0.0,0.7877932974018638,0.0,0.0003424869206280397,0.006624785547937396
0.0,0.0,0.6797401340683125,0.0,0.0,0.0071647244200809005
0.0,0.0,0.5763285497244116,0.0,0.0,0.004943220795665856
0.0,0.0,0.8557980498727165,0.0,0.0,0.008204458720219705
0.0,0.0,0.5805178227539491,-0.009579570010754036,0.008832378789897424,0.006219362760536029
0.0,0.0,0.7368276532665519,-0.012318879158750844,0.014687761615343737,0.006963033186963388
0.0,0.0,0.7304643289691637,-0.024199474773053894,0.023200405875756128,0.005684802261685917
0.0,0.0,0.6057917100598116,-0.03351016694023788,0.02523727011663519,0.005571521440938386
0.0,0.0,0.6329521566711589,-0.018963963330176803,0.01898834584856251,0.003971241080381281
0.0,0.0,0.6186917657961406,-0.01622510267517983,0.012721041711347487,0.006590055281428524
0.0,0.0,0.592029708419081,-0.0016379293853322323,0.0018946952019199663,0.005488264463480341
0.0,0.0,0.5769830247155378,0.0,0.0,0.007021506227022555
0.0,0.0,0.45392718703209256,0.0,0.0,0.00864275409949759
0.0,0.0,0.35230289320156116,0.0,0.0,0.008035067307421128
0.0,0.0,0.5395995560953551,0.0,0.0,0.010183666772617098
0.0,0.0,0.32706996283008605,-0.00865796886929847,0.012757535709361589,0.00823947483253719
0.0,0.0,0.32706996283008605,-0.00865796886929847,0.012757535709361589,0.00823947483253719
0.0,0.0,0.5879651405353447,-0.0026349777804827463,0.0020789848053078307,0.00853501758087235
0.0,0.0,0.7148132029486712,0.0,0.0,0.009468017524801513
0.0,0.0,0.5489945913844916,-0.0028978388521550946,0.004371524712704535,0.008533453088649149
0.0,0.0,0.574458797022855,-0.01061327892214459,0.005031573685028379,0.008052885974339523
0.0,0.0,0.6258454104988822,-0.014399635142715767,0.012765684856269905,0.008498403853601828
0.0,0.0,0.44269295803235,-0.02085144421840625,0.015791149179188897,0.00886736279096522
0.0,0.0,0.3583437921856055,-0.01675318873854684,0.017849665753392908,0.006027746277127934
0.0,0.0,0.48466822423474215,-0.009316808962793747,0.009341954348024793,0.007891461488313597
0.0,0.0,0.3421653015241558,-0.007432774105535072,0.008074883998790281,0.004996054758425154
0.0,0.0,0.3207941877896071,-0.002277173869266518,0.004124629428845347,0.007824285465528637
0.0,0.0,0.15052686886102645,-0.0043519896142920475,0.010196551118632031,0.006544811398869696
0.0,0.0,0.08793012396002511,-0.010600747784392066,0.016161034036154286,0.008730242426071714
0.0,0.0,0.18285094383793532,-0.0072299272363457985,0.008388733077546302,0.007072962321163674
0.0,0.0,0.24519166306081108,-0.0028724430001405834,0.005948800851442179,0.006732669416410724
0.0,0.0,0.1353697239570113,-0.015717663445449025,0.018172731486039297,0.008757248530524533
0.0,0.0,0.11421258054495313,-0.019164868853311624,0.022870188739065288,0.0040194163645315886
0.0,0.0,0.09228387982501136,-0.02455670739996235,0.024334076623294284,0.005250493616575738
0.0,0.0,0.008610059756580862,-0.018886038000960507,0.024969290176248122,0.004627027504502295
0.0,0.0,0.0,-0.005369618714113559,0.009942827864331384,0.0033321049494371715
0.0,0.0,0.0,0.0,0.0023703607779639877,0.005270016123967451
0.0,0.0,0.0,0.0,0.0,0.004610934318995833
0.0,0.0,0.0,0.0,0.0015140237480033856,0.0035361071725834373
0.0,0.0,0.0,0.0,0.006482455718439105,0.0024841215160348222
0.0,0.0,0.0,-0.0027534187806121635,0.011125350056462676,0.0039012242109817998
0.0,0.0,0.0,-0.005172809492289412,0.0108163143742638,0.00033700623025783086
0.0,0.0,0.0,-0.004892380107955872,0.011241220077384206,0.0008533528454070796
0.0,0.0,0.0,-0.010028638284407832,0.010148852454130197,0.0012343342281277898
0.0,0.0,0.023317661510932487,-0.009046281166893568,0.010387376586694034,0.0
0.0,0.0,0.0,-0.011323493221134054,0.0175187571546314,0.0
0.0,0.0,0.08516426141862807,-0.014748607995364935,0.017929974060691585,0.0
0.0,0.0,0.08881074343066489,-0.016066327533214627,0.013669908694368358,0.0
0.0,0.0,0.03950026946932348,-0.011382790630259024,0.008349472696536273,0.0
0.0,0.0,0.0,-0.005669281999255838,0.0016822393400424914,0.0
0.0,0.0,0.0,-0.0005872530835997854,0.0,0.0
0.0,0.0,0.0,-0.0017782425741590252,0.003535815446488047,0.0
0.0,0.0,0.0,-0.003953884915123678,0.0019220912089357705,0.0
0.0,0.0,0.0,-0.003953884915123678,0.0019220912089357705,0.0
0,0,0,0,0,0
0,0,0,0,0,0
0.0,0.0,0.0,-0.0037256970601926937,0.0013177569511166735,0.0
0.0,0.0,0.0,-0.01197770818288325,0.001985650280810309,0.0
0.0,0.0,0.0,-0.01286140599114403,0.00346641267749495,0.0
0.0,0.0,0.0,-0.00895778478664144,0.0002865746810921397,0.0
0.0,0.0,0.0,-0.0012197150207578227,0.0,0.0
0,0,0,0,0,0
0,0,0,0,0,0
0,0,0,0,0,0
0,0,0,0,0,0
0.0,0.0,0.0,-0.012495251709358684,0.00040322623567004806,0.0
0.0,0.0,0.0,-0.01466908261403205,0.0011083900538062133,0.0
0.0,0.0,0.0,-0.007368339216526019,0.0,0.0
0.0,0.0,0.0,-0.0001966822273692952,0.0,0.0
0.0,0.0,0.0,-0.0002567562001616325,0.0,0.0
0.0,0.0,0.0,-0.0009846646438615404,0.0,0.0
0.0,0.0,0.0,-0.0050406241445400245,0.0,0.0
0.0,0.0,0.0,-0.013151585339532096,0.0020630839033900384,-0.0007442880175544645
0.0,0.0,0.0,-0.030956657466793335,0.005518890059437535,-0.0030994857147712378
0.0,0.0,0.0,-0.030267035593560844,0.0,-0.00893685762509605
0.0,0.0,0.0,-0.00885821067819674,0.0,-0.004546666925028126
0.0,0.0,0.0,0.0,0.0,-0.010047850498987536
0.0,0.0,0.0,0.0,0.0,-0.007986868826192421
0.0,0.0,0.0,0.0,0.0,-0.010691756937187144
0.0,0.0,0.0,0.0,0.0,-0.008925704579579937
0.0,0.0,0.0,0.0,0.0,-0.010656724696802981
0.0,0.0,0.0,-0.005855177126808347,0.0,-0.00983910790795816
0.0,0.0,0.0,-0.008001422183329924,0.0,-0.01160057477496789
0.0,0.0,0.0,-0.004947231724305246,0.0,-0.009187454556271043
0.0,0.0,0.0,-0.0017936417557169065,0.0,-0.012375703350990834
0.0,0.0,0.0,-0.0005198386578347243,0.0,-0.012247179374635254
0.0,0.0,0.0,-0.0018996535487567378,0.0,-0.008332748570939078
0.0,0.0,0.0,-0.010002895459800749,0.0,-0.01031105459176284
0.0,0.0,0.0,-0.02692174945733349,6.909210942450465e-05,-0.014057805193804607
0.0,-0.18594649482416667,0.0,-0.028752340801151584,0.004644271086176988,-0.01181548919204182
0.0,-0.20030821456593956,0.0,-0.0310109603573491,0.0056750148165593175,-0.012436695028704528
0.0,-0.1517534985103648,0.0,-0.03062302429538616,0.009315018017505625,-0.00948244468368991
0.0,0.0,0.0,-0.021645449506080987,0.00033521786724535275,-0.011331011439017293
0.0,0.0,0.0,-0.012618992237216515,0.0,-0.015489128437839002
0.0,0.0,0.0,-0.004792951126931504,0.0,-0.011201447570013226
0.0,0.0,0.0,-0.0017126675902573037,0.0,-0.009416222507751261
0.0,0.0,0.0,-0.0028052774151970613,0.0,-0.00946302233283435
0.0,0.0,0.0,-0.006572942529260201,0.0,-0.01313319476880529
0.0,0.0,0.0,-0.006253605880474043,0.0,-0.011805067260366339
0.0,0.0,0.0,-0.007864026731112705,0.0,-0.00963607558088486
0.0,0.0,0.0,-0.006949383273545257,0.0,-0.013707862497550924
0.0,0.0,0.0,-3.161110401598625e-05,0.0,-0.011685951048816156
0.0,0.0,0.0,-0.0008544702399203545,0.0,-0.01093797279847514
0.0,0.0,0.0,-0.006196436781982229,0.0,-0.016150582588403753
0.0,0.0,0.0,-0.004824429609803032,0.0,-0.009272390042057323
0.0,0.0,0.0,-0.017058292600541404,0.0,-0.013018410144433779
0.0,0.0,0.0,-0.022266433361728198,0.0005235457915750924,-0.012040339567221104
0.0,0.0,0.0,-0.029252080315566427,0.002578511548459045,-0.010522348219302684
0.0,0.0,0.0,-0.02494969425739843,0.0,-0.009016646785828761
0.0,0.0,0.0,-0.013413258427682068,0.0,-0.010064423529990991
0.0,0.0,0.0,-0.01097286398960263,0.0,-0.009946910202380308
0.0,0.0,0.0,-0.004821979732648115,0.0,-0.010111310368773007
0.0,0.0,0.0,-0.003155148662768865,0.0,-0.010253325200534267
0.0,0.0,0.0,-0.0049243474205063215,0.0,-0.007473268483085963
0.0,0.0,0.0,-0.007990273957416284,0.0,-0.009069775866664773
0.0,0.0,0.0,-0.010731964714258517,0.0,-0.00976008708383005
0.0,0.0,0.0,-0.0033372156060080954,0.0,-0.007886094791792374
0.0,0.0,0.0,-0.0033372156060080954,0.0,-0.007886094791792374
0.0,0.0,0.0,-0.006340611111093214,0.0,-0.005720610201119782
0.0,0.0,0.0,-0.0069886090805265505,0.0,-0.006451259398824567
0.0,0.0,0.0,-0.014542225490762613,0.0,-0.008753156390059007
0.0,0.0,0.0,-0.023009467860802917,0.0,-0.005727302716474975
0.0,0.0,0.0,-0.03066401540973468,0.0,-0.009034301244216001
0.0,0.0,0.0,-0.03316213614568212,0.0,-0.008451319233668361
0.0,-0.036767045372258986,0.0,-0.031046816052168486,0.0,-0.0063464975454651145
0.0,0.0,0.0,-0.025689646917571383,0.0,-0.009999301756906168
0.0,0.0,0.0,-0.011040600536816717,0.0,-0.00784898438502105
0.0,0.0,0.0,-0.0037326253559052626,0.0,-0.004769267313516424
0.0,0.0,0.0,-0.004006123094739464,0.0,-0.004666258802888093
0.0,0.0,0.0,-0.005319768412993519,0.0,-0.004235182059607323
0.0,0.0,0.0,-0.004235257157827804,0.0,-0.004230079301361596
0.0,0.0,0.0,-0.009008391320564009,0.0,-0.004279797854923889
0.0,0.0,0.0,-0.011909232325612062,0.0,-0.003959867632728733
0.0,0.0,0.0,-0.018600602665412427,0.0,-0.00539923708901873
0.0,0.0,0.0,-0.017398204993820304,0.0,-0.0021119257802769205
0.0,0.0,0.0,-0.008204999792101394,0.0,-6.36871876152302e-05
0.0,0.0,0.0,-0.009130425665973592,0.0,0.0
0.0,0.0,0.0,-0.0016576863324053472,0.0,0.0
0.0,0.0,0.0,-0.00477237419526876,0.0,0.0
0.0,0.0,0.0,-0.006158602870918279,0.0,0.0
0.0,0.0,0.0,-0.02573882522694908,0.0,0.0
0.0,-0.03301632787679831,0.0,-0.04037617778470827,0.0033082338651708823,0.0
0.0,-0.11854967712243983,0.0,-0.05336853000418752,0.006988249064965724,0.0
0.0,-0.16357426541635772,0.0,-0.04327838147407359,0.0054366663026327745,0.0
0.0,0.0,0.0,-0.034105118895758305,0.001678031204667408,0.0
0.0,0.0,0.0,-0.025003137915055273,0.0,0.0
0.0,0.0,0.0,-0.01199714308582488,0.0,0.0
0.0,0.0,0.0,-0.001350976624323395,0.0,0.0
0,0,0,0,0,0
0.0,0.0,0.0,-0.0015120062260200985,0.0,0.0
0.0,0.0,0.0,-0.009576948825929292,0.0,0.0
0.0,0.0,0.0,-0.01754220155249107,0.0,0.0
0.0,0.0,0.0,-0.025392404504118893,0.0,0.0
0.0,0.0,0.0,-0.022077568296532263,0.0,0.0
0.0,0.0,0.0,-0.015516457365245092,0.0,0.0
0.0,0.0,0.0,-0.01039426299962887,0.0,0.0
0.0,0.0,0.0,-0.005676849644437579,0.0,0.0
0.0,0.0,0.0,-0.006876702034043445,0.0,0.0
0.0,0.0,0.0,-0.014420582665431817,0.0,0.0
0.0,0.0,0.0,-0.01800076012753265,0.0,0.0
0.0,0.0,0.0,-0.019861793616677857,0.0,0.0
0.0,0.0,0.0,-0.019512142140151133,0.0,0.0
0.0,0.0,0.0,-0.026678533254704623,0.0,0.0
0.0,0.0,0.0,-0.025598593849060425,0.001691969052525038,0.0
0.0,0.0,0.0,-0.027574711779556726,0.01028901013937585,0.0
0.0,0.0,0.0,-0.029562182311327467,0.012827971694059952,0.0
0.0,0.0,0.0,-0.03633162718459336,0.011932655412943752,0.0
0.0,0.0,0.0,-0.028700658355418525,0.009328385977862109,0.0
0.0,0.0,0.0,-0.027270161008570604,0.007886567414351498,0.0
0.0,0.0,0.0,-0.024491415560342858,0.0024484232944133257,0.0
0.0,0.0,-0.04961069289559521,-0.01277272659686186,0.0,0.0
0.0,0.0,-0.1332669152641996,-0.005510464286635118,0.0,0.0
0.0,0.0,-0.24266587756674407,-0.00271417168443762,0.0,0.0
0.0,0.0,-0.3127833413057128,0.0,0.0,0.0005336137530426637
0.0,0.0,-0.3801767202229366,-0.0034971246454534254,0.0,0.0
0.0,0.0,-0.43354087998276525,-0.011396061453638511,0.0,0.0
0.0,0.0,-0.47421443538059105,-0.022288321551604904,0.0,0.0
0.0,0.0,-0.48610921336225354,-0.022550055388603146,0.0,0.0
0.0,0.0,-0.41229344531975765,-0.02200067205816257,0.0029497302089744335,0.0
0.0,0.0,-0.4336978835787907,-0.023134027648901392,0.006816143982279534,0.0
0.0,0.0,-0.4330525043322232,-0.0225237357572542,0.008662917323208324,0.0
0.0,0.0,-0.3400248083987317,-0.019657238196882133,0.008590587640180444,0.0
0.0,0.0,-0.35929817557460136,-0.01821869090307401,0.0058438991434712805,0.0012370058799068763
0.0,0.0,-0.27839732605002887,-0.018514919028969783,0.0,0.00019807338892962575
0.0,0.0,-0.33145165492579054,-0.017980825057406974,0.0,0.0005874367532756204
0.0,0.0,-0.352495530470631,-0.022436061639443925,0.0,0.0007448134026397425
0.0,0.0,-0.43990375989877234,-0.030906806006185106,0.0032171939405218975,0.0
0.0,0.0,-0.43990375989877234,-0.030906806006185106,0.0032171939405218975,0.0
0.0,0.0,-0.4624552948419319,-0.03045029605844472,0.008315487467529368,0.0
0.0,0.0,-0.5186488094471945,-0.019917197355333295,0.007611374294914802,0.0007466119734979892
0.0,0.0,-0.4560889263814366,-0.016972710860370006,0.00240975042501109,0.0015979331609552315
0.0,0.0,-0.46087903757175636,-0.010892663209176836,0.0021411268150141197,0.0011411524930160268
0.0,0.0,-0.5045858996361738,-0.013445383614019913,0.0,0.0005247601613510911
0.0,0.0,-0.4433913950638237,-0.011747892231805626,0.0015016010666578689,0.0
0.0,0.0,-0.5433373504585286,-0.01665035605839637,0.0021927332449823344,0.0
0.0,0.0,-0.5288354330837283,-0.02446404367282486,0.0008095220852933768,0.0
0.0,0.0,-0.5012881075035567,-0.027724660056510465,0.0014739843451085106,0.0
0.0,0.0,-0.5225083994497821,-0.028565284510424626,0.0046064129708977405,0.0
0.0,0.0,-0.4145391014917621,-0.01707936266123274,0.003223893967993027,0.0
0.0,0.0,-0.4806517410972143,-0.0146187445853974,0.003989994558671882,0.0
0.0,0.0,-0.4448084500007467,-0.012345071566174188,0.00040582097040994965,0.0
0.0,0.0,-0.593900006659372,-0.015945394237899396,0.0,0.0
0.0,0.0,-0.5749225062647122,-0.012220521454997151,0.0,0.0
0.0,0.0,-0.6694856985384894,-0.01531086958897969,0.0,0.0
0.0,0.0,-0.5913220019727505,-0.011954810556006315,0.0,0.0
0.0,0.0,-0.7209091027381472,-0.01357791004741588,0.0,0.0
0.0,0.0,-0.856153279861247,-0.014617372727598301,0.0,0.0
0.0,0.0,-0.6714872662522812,-0.01457633819600369,0.0,0.0
0.0,0.0,-0.6571884232442382,-0.015475042746509285,0.0023537272089615806,0.0
0.0,0.0,-0.5707569940004646,-0.016519208287802106,0.0058239211087586906,0.0
0.0,0.0,-0.6071656396337807,-0.02926555024436615,0.007021432630917273,0.0
0.0,0.0,-0.6741205126524845,-0.024291621962263577,0.008872119688273339,0.0
0.0,0.0,-0.6063443338037652,-0.02069776665558607,0.0015329876392541238,0.0
0.0,0.0,-0.5834700909114512,-0.022783017807113972,0.0016723619306370703,0.0
0.0,0.0,-0.5828291813719658,-0.019923001430380775,0.0010386744596664818,0.0
0.0,0.0,-0.556423700233942,-0.016784735362367475,0.0001444256878964606,0.0
0.0,0.0,-0.6443829400312485,-0.012975347539567033,0.0,0.0
0.0,0.0,-0.705229532381394,-0.011105467434554817,0.0,0.0
0.0,0.0,-0.7273075622787789,-0.009271597038041321,0.0,0.0
0.0,0.0,-0.7250839517698946,-0.013961938186571021,0.0,0.0
0.0,0.0,-0.7933010341535262,-0.0172911622855666,0.0007530840932674281,0.0
0.0,0.0,-0.7178891505326737,-0.018809575455339348,0.0008688950470434846,0.0
0.0,0.0,-0.7688184080174585,-0.01792626757400328,0.0015608493598541532,0.0
0.0,0.0,-0.6252205371213062,-0.017120378649641145,0.0007017822219095649,0.0
0.0,0.0,-0.7167802768822095,-0.011592780614968505,0.002234102241224067,0.0
0.0,0.0,-0.7578683910724803,-0.010769060149377714,0.0025787109388134702,0.0
0.0,0.0,-0.6060000651419066,-0.01592462843756768,0.0016088231066414154,0.0
0.0,0.0,-0.7043533158293394,-0.019178295417103988,0.002517199609781574,0.0
0.0,0.0,-0.6631078324405798,-0.016466585825429432,0.0031635567923370537,0.0
0.0,0.0,-0.771695360842594,-0.01998126993535441,0.003219518047160922,0.0
0.0,0.0,-0.8363170456735107,-0.025415465561625772,0.005473368079844108,0.0
0.0,0.0,-0.9075950985430952,-0.023364976418910385,0.0070056456264952025,0.0
0.0,0.0,-0.806213536531442,-0.02876114877193948,0.003368456662334085,0.0
0.0,0.0,-0.797284907764254,-0.014706294523312236,0.00033032788312519314,0.0
0.0,0.0,-0.9597756770260808,-0.013761921883661673,0.0003015858541826111,0.0
0.0,0.0,-0.9700161741091522,-0.011689101773862065,0.0,0.0
0.0,0.0,-1.087861280981406,-0.01246314733482286,0.0,0.0
0.0,0.0,-1.076512216596855,-0.007294050544924625,0.0,0.0
0.0,0.0,-1.165215682751785,-0.007238091053597127,0.0,0.0
0.0,0.0,-1.18890283499372,-0.004443413393814995,0.0,0.0
0.0,0.0,-1.2614583323113968,-0.004215360240408384,0.0,0.0
0.0,0.0,-1.354591236002141,-0.0032868980415472517,0.0,0.0
0.0,0.0,-1.2595563596535446,-0.00508798989275546,0.0009272048953914445,0.0
0.0,0.0,-1.222912100623902,-0.009728520804441289,0.0,0.0
0.0,0.0,-1.204591142177208,-0.006327227956003852,0.0,0.0
0.0,0.0,-1.0501373923318746,-0.01094437268882661,0.0,0.0
0.0,0.0,-1.0947693616920722,-0.006703559304776658,0.0,0.0
0.0,0.0,-1.1291874877274999,-0.01196346565176076,0.0,0.0
0.0,0.0,-1.1773121750464302,-0.01123684610741336,0.0,0.0
0.0,0.0,-1.107409922046704,-0.004472235378581199,0.0,0.0
0.0,0.0,-1.0958153681439544,-0.009453359955305218,0.0,0.0
0.0,0.0,-1.0342118300462309,-0.0107063203563391,0.0,0.0
0.0,0.0,-1.115441400571981,-0.012101000243716591,0.0012813577190352646,0.0
0.0,0.0,-0.9067444922920475,-0.01560290656481716,0.004983720614854466,0.0
0.0,0.0,-0.9504013503601311,-0.015599947208399825,0.00651815449086697,0.0
0.0,0.0,-0.9221742110124731,-0.016412923604842207,0.0037457265963551727,0.0
0.0,0.0,-1.0006063598136288,-0.01598155950994272,0.006325087409913457,0.0
0.0,0.0,-1.0897644571487795,-0.013785047918892984,0.0013652582737573166,0.0
0.0,0.0,-1.1089008687006106,-0.013373040017371694,0.0009185047579671725,0.0
0.0,0.0,-1.1025372587121256,-0.012932977691362622,0.0014713700014242742,0.0
0.0,0.0,-1.2237591803614851,-0.01242679003696184,0.0,0.0
0.0,0.0,-1.2770150740061283,-0.013192899547220601,0.0,0.0
0.0,0.0,-1.1799881594190622,-0.009335957280230494,0.0,0.0
0.0,0.0,-1.3569275509233067,-0.008643168362304696,0.0008802673656035669,0.0
0.0,0.0,-1.466636342984628,-0.005102600110987621,0.0,0.0
0.0,0.0,-1.3851444287099233,-0.005229177150531113,0.0,0.0
0.0,0.0,-1.352883726403956,-0.00494015308003658,0.0,0.0
0.0,0.0,-1.4298282295528542,-0.0034768671121170507,0.0,0.0
0.0,0.0,-1.3717480132895825,-0.005264836991915862,0.0,0.0
0.0,0.0,-1.4700268972226107,-0.007482950690904036,0.0,0.0
0.0,0.0,-1.5356843632129322,-0.0038158127047510275,0.0,0.0
0.0,0.0,-1.5820166414123829,-0.007081007433352403,0.0,0.0
0.0,0.0,-1.5137276264924333,-0.0023001518637558857,0.0,0.0
0.0,0.0,-1.5645072710687036,-0.004402624779090246,0.0,0.0
0.0,0.0,-1.473583888877243,-0.0049116649871886586,0.0,0.0
0.0,0.0,-1.3177921541821784,-0.006081930689747209,0.0,0.0
0.0,0.0,-1.4278067570372521,-0.0018472207878177335,0.0,0.0
0.0,0.0,-1.5094160330085113,-0.006400245522796363,0.0,0.0
0.0,0.0,-1.5006419067609196,-0.007852059290744598,0.0,0.0
0.0,0.0,-1.3611861653356105,-0.0030176092010889464,0.0,0.0
0.0,0.0,-1.4643163663899992,-0.00435347444290729,0.0,0.0
0.0,0.0,-1.5381475034902208,-0.002465431856134858,0.0,0.0
0.0,0.0,-1.4862390496358002,-0.0012695479604916825,0.0,0.0
0.0,0.0,-1.3717239448262677,-0.0034988571499406824,0.0,0.0
0.0,0.0,-1.2168608203615603,-0.0005958262760735244,0.0,0.0
0.0,0.0,-1.3123938825867962,-0.002306345981498599,0.0,0.0
0.0,0.0,-1.2705437533637804,-0.0014606402957769563,0.0,0.0
0.0,0.0,-1.1622829974556486,-0.0008176720693580823,0.0,0.0
0.0,0.0,-1.2794287595104172,-0.005305314436480286,0.0,0.0
0.0,0.0,-1.228345738442909,-0.0031133970641937726,0.0,0.0
0.0,0.0,-1.2117320885911878,-0.001381664884090058,0.0,0.0
0.0,0.0,-1.1429928854715796,-0.001068590926010321,0.0,0.0
0.0,0.0,-1.1872320493298374,0.0,0.0,-5.995027267754568e-05
0.0,0.0,-1.0962552907073762,0.0,0.0,0.0
0.0,0.0,-1.2500426052887446,0.0,0.0,0.0
0.0,0.0,-1.1352151528814476,-0.0005930691910968957,0.0,-0.00023380124791094409
0.0,0.0,-1.2264279438101644,-0.0013131639768182365,0.0,-0.002555409715572885
0.0,0.0,-1.211196136442028,0.0,0.0,-0.0024148417824004765
0.0,0.0,-1.1602232222149653,0.0,0.00041743434233524327,-0.000867366930031499
0.0,0.0,-1.1248856606887678,0.0,1.1054977657109806e-05,-0.0038056970663029313
0.0,0.0,-0.9732921180322638,0.0,0.0,-0.0038176101787613854
0.0,0.0,-0.9262414624106345,0.0,0.0,-0.0019826186139455864
0.0,0.0,-0.8855470433118737,0.0,0.0,-0.002869246323698214
0.0,0.0,-0.8891812543697359,0.0,0.0,-0.005722358916491093
0.0,0.0,-0.8026672211733621,0.0,0.0,-0.0072721001619590695
0.0,0.0,-0.8237553058714987,0.0,0.0,-0.006279178795306603
0.0,0.0,-0.8186045014949265,0.0,0.0,-0.0059878873181363835
0.0,0.0,-0.8468970079163863,-0.0004343867148189482,0.0,-0.008022719029576183
0.0,0.0,-0.6792851790845349,0.0,0.0,-0.009799969050803275
0.0,0.0,-0.6793466176187051,-0.0010758330454500786,0.0,-0.008871604944262127
0.0,0.0,-0.5614070442573192,-0.001077392726921491,0.0,-0.007167518276465433
0.0,0.0,-0.6018502067855949,-0.004741266026950687,0.0,-0.006878275638641097
0.0,0.0,-0.5014755230039282,-0.0017413421505245164,0.0,-0.009884429266991738
0.0,0.0,-0.38126575941245855,-0.007764647292170736,0.0,-0.006659542074955636
0.0,0.0,-0.4018740980610363,-0.0040027148596675395,0.0,-0.009974221461709409
0.0,0.0,-0.38303822716368513,-0.007326106386796813,0.0,-0.011734730731157788
0.0,0.0,-0.4131149210150583,-0.005570839519507059,0.0,-0.009571064427509669
0.0,0.0,-0.3908871445001434,-0.0029801243708635805,0.0,-0.009615897635915046
0.0,0.0,-0.37557524297349365,-0.0011654194035547658,0.0,-0.005903182003705615
0.0,0.0,-0.35252304617176483,0.0,0.0,-0.008010249338488604
0.0,0.0,-0.45651775037938724,-0.00043057345622300855,0.0,-0.008063044465904232
0.0,0.0,-0.3059413047264171,0.0,0.0,-0.005692950022395078
0.0,0.0,-0.278470208295412,-0.0013882119035685805,0.0,-0.0074402513298894605
0.0,0.0,-0.25127269528658785,0.0,0.0,-0.00493174429267733
0.0,0.0,-0.24360020391814832,0.0,0.0,-0.007226981121325045
0.0,0.0,-0.14902402467079684,0.0,0.0,-0.002986488384827284
0.0,0.0,-0.14461357118165358,0.0,0.0,-0.005818279115979017
0.0,0.0,-0.07917471026406754,0.0,0.0,-0.006792207267610909
0.0,0.0,-0.11029829761862579,-0.0025718953185033793,0.0,-0.006382235241167081
0.0,0.0,0.0,-0.0032508681132480703,0.0,-0.004520423422511035
0.0,0.0,-0.01272231910163838,0.0,0.0,-0.005385549631271007
0.0,0.0,0.0,-0.001311963483097574,0.0,-0.005956808782624386
0.0,0.0,-0.014882073420310402,-0.00011535225429940008,0.0,-0.003545829854463397
0.0,0.0,0.0,-0.0006363052913458183,0.0,-0.005776874133345786
0.0,0.0,0.0,0.0,0.0,-0.0049399782755020615
0.0,0.0,0.0,-0.0014683387889366478,0.0,-0.0035813234532011337
0.0,0.0,0.0,0.0,0.0,-0.0014911652366434624
0.0,0.0,0.0,-0.0004015503127376933,0.0,-0.00422380129932063
0.0,0.0,0.0,-0.001254472302809069,0.0,-0.001205077971605487
0.0,0.0,0.0,-1.8463623837558541e-06,0.0,-0.0012058211388120273
0,0,0,0,0,0
0.0,0.0,0.0,0.0,0.0,-0.001420625096857513
0.0,0.0,0.0,0.0,0.0,-0.000999343806834804
0,0,0,0,0,0
0,0,0,0,0,0
0,0,0,0,0,0
0,0,0,0,0,0
0,0,0,0,0,0
0,0,0,0,0,0
0,0,0,0,0,0
0,0,0,0,0,0
0,0,0,0,0,0
0,0,0,0,0,0
0,0,0,0,0,0
0,0,0,0,0,0
0,0,0,0,0,0
0,0,0,0,0,0
0,0,0,0,0,0
0,0,0,0,0,0
0,0,0,0,0,0
0,0,0,0,0,0
0,0,0,0,0,0
0,0,0,0,0,0
0,0,0,0,0,0
0,0,0,0,0,0
0,0,0,0,0,0
0,0,0,0,0,0
0,0,0,0,0,0
0.0,0.0,0.0,0.0,5.9502521445911204e-05,0.0
0,0,0,0,0,0
0,0,0,0,0,0
0,0,0,0,0,0
0,0,0,0,0,0
0,0,0,0,0,0
0,0,0,0,0,0
0,0,0,0,0,0
0,0,0,0,0,0
0,0,0,0,0,0
0,0,0,0,0,0
0,0,0,0,0,0
0,0,0,0,0,0
0,0,0,0,0,0
0,0,0,0,0,0
0,0,0,0,0,0
0,0,0,0,0,0
0,0,0,0,0,0
0,0,0,0,0,0
0,0,0,0,0,0
0,0,0,0,0,0
0,0,0,0,0,0
0,0,0,0,0,0
0,0,0,0,0,0
0,0,0,0,0,0
0,0,0,0,0,0
0,0,0,0,0,0
0,0,0,0,0,0
0,0,0,0,0,0
0,0,0,0,0,0
0,0,0,0,0,0
0,0,0,0,0,0
0,0,0,0,0,0
0,0,0,0,0,0
0,0,0,0,0,0
0,0,0,0,0,0
0,0,0,0,0,0
0,0,0,0,0,0
0,0,0,0,0,0
0,0,0,0,0,0
0,0,0,0,0,0
0,0,0,0,0,0
0,0,0,0,0,0
0,0,0,0,0,0
0,0,0,0,0,0
0,0,0,0,0,0
0,0,0,0,0,0
0,0,0,0,0,0
0,0,0,0,0,0
0,0,0,0,0,0
0,0,0,0,0,0
0,0,0,0,0,0
0,0,0,0,0,0
0,0,0,0,0,0
0,0,0,0,0,0
0,0,0,0,0,0
0,0,0,0,0,0
0,0,0,0,0,0
0,0,0,0,0,0
0,0,0,0,0,0
0,0,0,0,0,0
0,0,0,0,0,0
0,0,0,0,0,0
0,0,0,0,0,0
0,0,0,0,0,0
0,0,0,0,0,0
0,0,0,0,0,0
0,0,0,0,0,0
0,0,0,0,0,0
0,0,0,0,0,0
0,0,0,0,0,0
0,0,0,0,0,0
0,0,0,0,0,0
0,0,0,0,0,0
0,0,0,0,0,0
0,0,0,0,0,0
0,0,0,0,0,0
0,0,0,0,0,0
0,0,0,0,0,0
0,0,0,0,0,0
0,0,0,0,0,0
0,0,0,0,0,0
0,0,0,0,0,0
0,0,0,0,0,0
0,0,0,0,0,0
0,0,0,0,0,0
0,0,0,0,0,0
0,0,0,0,0,0
0,0,0,0,0,0
0,0,0,0,0,0
0,0,0,0,0,0
0,0,0,0,0,0
0,0,0,0,0,0
0,0,0,0,0,0
0,0,0,0,0,0
0,0,0,0,0,0
0,0,0,0,0,0
0,0,0,0,0,0
0,0,0,0,0,0
0,0,0,0,0,0
0,0,0,0,0,0
0,0,0,0,0,0
0,0,0,0,0,0
0,0,0,0,0,0
0,0,0,0,0,0
0,0,0,0,0,0
0,0,0,0,0,0
0,0,0,0,0,0
0,0,0,0,0,0
0,0,0,0,0,0
0,0,0,0,0,0
0,0,0,0,0,0
0,0,0,0,0,0
0,0,0,0,0,0
0,0,0,0,0,0
0,0,0,0,0,0
0,0,0,0,0,0
0,0,0,0,0,0
0,0,0,0,0,0
0,0,0,0,0,0
0,0,0,0,0,0
0,0,0,0,0,0
0,0,0,0,0,0
0,0,0,0,0,0
0,0,0,0,0,0
0,0,0,0,0,0
0,0,0,0,0,0
0,0,0,0,0,0
0,0,0,0,0,0
0,0,0,0,0,0
0,0,0,0,0,0
0,0,0,0,0,0
0,0,0,0,0,0
0,0,0,0,0,0
0,0,0,0,0,0
0,0,0,0,0,0
0,0,0,0,0,0
0,0,0,0,0,0
0,0,0,0,0,0
0,0,0,0,0,0
0,0,0,0,0,0
0,0,0,0,0,0
0,0,0,0,0,0
0,0,0,0,0,0
0,0,0,0,0,0
0,0,0,0,0,0
0,0,0,0,0,0
0,0,0,0,0,0
0,0,0,0,0,0
0,0,0,0,0,0
0,0,0,0,0,0
0,0,0,0,0,0
0,0,0,0,0,0
0,0,0,0,0,0
0,0,0,0,0,0
0,0,0,0,0,0
0,0,0,0,0,0
0,0,0,0,0,0
0,0,0,0,0,0
0,0,0,0,0,0
0,0,0,0,0,0
0,0,0,0,0,0
0,0,0,0,0,0
0,0,0,0,0,0
0,0,0,0,0,0
0,0,0,0,0,0
0,0,0,0,0,0
0,0,0,0,0,0
0,0,0,0,0,0
0,0,0,0,0,0
0,0,0,0,0,0
0,0,0,0,0,0
0,0,0,0,0,0
0,0,0,0,0,0
0,0,0,0,0,0
0,0,0,0,0,0
0,0,0,0,0,0
0,0,0,0,0,0
0,0,0,0,0,0
0,0,0,0,0,0
0,0,0,0,0,0
0,0,0,0,0,0
0,0,0,0,0,0
0,0,0,0,0,0
0,0,0,0,0,0
0,0,0,0,0,0
0,0,0,0,0,0
0,0,0,0,0,0
0,0,0,0,0,0
0,0,0,0,0,0
0,0,0,0,0,0
0,0,0,0,0,0
0,0,0,0,0,0
0,0,0,0,0,0
0,0,0,0,0,0
0,0,0,0,0,0
0,0,0,0,0,0
0,0,0,0,0,0
0,0,0,0,0,0
0,0,0,0,0,0
0,0,0,0,0,0
0,0,0,0,0,0
0,0,0,0,0,0
0,0,0,0,0,0
0,0,0,0,0,0
0,0,0,0,0,0
0,0,0,0,0,0
0,0,0,0,0,0
0,0,0,0,0,0
0,0,0,0,0,0
0,0,0,0,0,0
0,0,0,0,0,0
0,0,0,0,0,0
0,0,0,0,0,0
0,0,0,0,0,0
0,0,0,0,0,0
0,0,0,0,0,0
0,0,0,0,0,0
0,0,0,0,0,0
0,0,0,0,0,0
0,0,0,0,0,0
0,0,0,0,0,0
0,0,0,0,0,0
0,0,0,0,0,0
0,0,0,0,0,0
0,0,0,0,0,0
0,0,0,0,0,0
0,0,0,0,0,0
0,0,0,0,0,0
0,0,0,0,0,0
0,0,0,0,0,0
0,0,0,0,0,0
0,0,0,0,0,0
0,0,0,0,0,0
0,0,0,0,0,0
0,0,0,0,0,0
0,0,0,0,0,0
0,0,0,0,0,0
0,0,0,0,0,0
0,0,0,0,0,0
0,0,0,0,0,0
0,0,0,0,0,0
0,0,0,0,0,0
0,0,0,0,0,0
0,0,0,0,0,0
0,0,0,0,0,0
0,0,0,0,0,0
0,0,0,0,0,0
0,0,0,0,0,0
0,0,0,0,0,0
0,0,0,0,0,0
0,0,0,0,0,0
0,0,0,0,0,0
0,0,0,0,0,0
0,0,0,0,0,0
0,0,0,0,0,0
0,0,0,0,0,0
0,0,0,0,0,0
0,0,0,0,0,0
0,0,0,0,0,0
0,0,0,0,0,0
0,0,0,0,0,0
0,0,0,0,0,0
0,0,0,0,0,0
0,0,0,0,0,0
0.0,0.0,0.0,0.0,0.0073623545176776896,0.0
0.0,0.0,0.0,0.0,0.0076617061208967925,0.0
0,0,0,0,0,0
0,0,0,0,0,0
0,0,0,0,0,0
0,0,0,0,0,0
0,0,0,0,0,0
0,0,0,0,0,0
0,0,0,0,0,0
0,0,0,0,0,0
0,0,0,0,0,0
0,0,0,0,0,0
0,0,0,0,0,0
0,0,0,0,0,0
0,0,0,0,0,0
0,0,0,0,0,0
0,0,0,0,0,0
0,0,0,0,0,0
0,0,0,0,0,0
0,0,0,0,0,0
0.0,0.0,0.0,-0.0003833598275762381,0.0,0.0
0,0,0,0,0,0
0,0,0,0,0,0
0,0,0,0,0,0
0,0,0,0,0,0
0,0,0,0,0,0
0,0,0,0,0,0
0,0,0,0,0,0
0,0,0,0,0,0
0,0,0,0,0,0
0.0,0.0,0.0,0.0,0.0016503664253664195,0.0
0,0,0,0,0,0
0,0,0,0,0,0
0,0,0,0,0,0
0,0,0,0,0,0
0,0,0,0,0,0
0,0,0,0,0,0
0,0,0,0,0,0
0,0,0,0,0,0
0,0,0,0,0,0
0,0,0,0,0,0
0,0,0,0,0,0
0,0,0,0,0,0
0,0,0,0,0,0
0,0,0,0,0,0
0,0,0,0,0,0
0,0,0,0,0,0
0,0,0,0,0,0
0,0,0,0,0,0
0,0,0,0,0,0
0,0,0,0,0,0
0,0,0,0,0,0
0,0,0,0,0,0
0,0,0,0,0,0
0,0,0,0,0,0
0,0,0,0,0,0
0,0,0,0,0,0
0,0,0,0,0,0
0,0,0,0,0,0
0,0,0,0,0,0
0,0,0,0,0,0
0,0,0,0,0,0
0,0,0,0,0,0
0,0,0,0,0,0
0,0,0,0,0,0
0,0,0,0,0,0
0,0,0,0,0,0
0,0,0,0,0,0
0,0,0,0,0,0
0,0,0,0,0,0
0,0,0,0,0,0
0,0,0,0,0,0
0,0,0,0,0,0
0,0,0,0,0,0
0,0,0,0,0,0
0,0,0,0,0,0
0,0,0,0,0,0
0,0,0,0,0,0
0,0,0,0,0,0
0,0,0,0,0,0
0,0,0,0,0,0
0,0,0,0,0,0
0,0,0,0,0,0
0,0,0,0,0,0
0,0,0,0,0,0
0,0,0,0,0,0
0,0,0,0,0,0
0,0,0,0,0,0
0,0,0,0,0,0
0,0,0,0,0,0
0,0,0,0,0,0
0,0,0,0,0,0
0,0,0,0,0,0
0,0,0,0,0,0
0,0,0,0,0,0
0,0,0,0,0,0
0,0,0,0,0,0
0,0,0,0,0,0
0,0,0,0,0,0
0,0,0,0,0,0
0,0,0,0,0,0
0,0,0,0,0,0
0,0,0,0,0,0
0,0,0,0,0,0
0,0,0,0,0,0
0,0,0,0,0,0
0,0,0,0,0,0
0,0,0,0,0,0
0,0,0,0,0,0
0,0,0,0,0,0
0,0,0,0,0,0
0,0,0,0,0,0
0,0,0,0,0,0
0,0,0,0,0,0
0,0,0,0,0,0
0,0,0,0,0,0
0,0,0,0,0,0
0,0,0,0,0,0
0,0,0,0,0,0
0,0,0,0,0,0
0,0,0,0,0,0
0,0,0,0,0,0
0,0,0,0,0,0
0,0,0,0,0,0
0,0,0,0,0,0
0,0,0,0,0,0
0,0,0,0,0,0
0,0,0,0,0,0
0,0,0,0,0,0
0,0,0,0,0,0
0,0,0,0,0,0
0,0,0,0,0,0
0,0,0,0,0,0
0,0,0,0,0,0
0,0,0,0,0,0
0,0,0,0,0,0
0,0,0,0,0,0
0,0,0,0,0,0
0,0,0,0,0,0
0,0,0,0,0,0
0,0,0,0,0,0
0,0,0,0,0,0
0,0,0,0,0,0
0,0,0,0,0,0
0,0,0,0,0,0
0,0,0,0,0,0
0,0,0,0,0,0
0,0,0,0,0,0
0,0,0,0,0,0
0,0,0,0,0,0
0,0,0,0,0,0
0,0,0,0,0,0
0,0,0,0,0,0
0,0,0,0,0,0
0,0,0,0,0,0
0,0,0,0,0,0
0,0,0,0,0,0
0,0,0,0,0,0
0,0,0,0,0,0
0,0,0,0,0,0
0,0,0,0,0,0
0,0,0,0,0,0
0,0,0,0,0,0
0,0,0,0,0,0
0,0,0,0,0,0
0,0,0,0,0,0
0,0,0,0,0,0
0,0,0,0,0,0
0,0,0,0,0,0
0,0,0,0,0,0
0,0,0,0,0,0
0,0,0,0,0,0
0,0,0,0,0,0
0,0,0,0,0,0
0,0,0,0,0,0
0,0,0,0,0,0
0,0,0,0,0,0
0,0,0,0,0,0
0,0,0,0,0,0
0,0,0,0,0,0
0,0,0,0,0,0
0,0,0,0,0,0
0,0,0,0,0,0
0,0,0,0,0,0
0,0,0,0,0,0
0,0,0,0,0,0
0,0,0,0,0,0
0,0,0,0,0,0
0,0,0,0,0,0
0,0,0,0,0,0
0,0,0,0,0,0
0,0,0,0,0,0
0,0,0,0,0,0
0,0,0,0,0,0
0,0,0,0,0,0
0,0,0,0,0,0
0,0,0,0,0,0
0,0,0,0,0,0
0,0,0,0,0,0
0,0,0,0,0,0
0,0,0,0,0,0
0,0,0,0,0,0
0,0,0,0,0,0
0,0,0,0,0,0
0,0,0,0,0,0
0,0,0,0,0,0
0,0,0,0,0,0
0,0,0,0,0,0
0,0,0,0,0,0
0,0,0,0,0,0
0,0,0,0,0,0
0,0,0,0,0,0
0,0,0,0,0,0
0,0,0,0,0,0
0,0,0,0,0,0
0,0,0,0,0,0
0,0,0,0,0,0
0,0,0,0,0,0
0,0,0,0,0,0
0,0,0,0,0,0
0,0,0,0,0,0
0,0,0,0,0,0
0,0,0,0,0,0
0,0,0,0,0,0
0,0,0,0,0,0
0,0,0,0,0,0
0,0,0,0,0,0
0,0,0,0,0,0
0,0,0,0,0,0
0,0,0,0,0,0
0,0,0,0,0,0
0,0,0,0,0,0
0,0,0,0,0,0
0,0,0,0,0,0
0,0,0,0,0,0
0,0,0,0,0,0
0,0,0,0,0,0
0,0,0,0,0,0
0,0,0,0,0,0
0,0,0,0,0,0
0,0,0,0,0,0
0,0,0,0,0,0
0,0,0,0,0,0
0,0,0,0,0,0
0,0,0,0,0,0
0,0,0,0,0,0
0,0,0,0,0,0
0,0,0,0,0,0
0,0,0,0,0,0
0,0,0,0,0,0
0,0,0,0,0,0
0,0,0,0,0,0
0,0,0,0,0,0
0,0,0,0,0,0
0,0,0,0,0,0
0,0,0,0,0,0
0,0,0,0,0,0
0,0,0,0,0,0
0,0,0,0,0,0
0,0,0,0,0,0
0,0,0,0,0,0
0,0,0,0,0,0
0,0,0,0,0,0
