0,0,0,0,0,0
0,0,0,0,0,0
0,0,0,0,0,0
0,0,0,0,0,0
0,0,0,0,0,0
0,0,0,0,0,0
0,0,0,0,0,0
0,0,0,0,0,0
0,0,0,0,0,0
0,0,0,0,0,0
0,0,0,0,0,0
0,0,0,0,0,0
0,0,0,0,0,0
0,0,0,0,0,0
0,0,0,0,0,0
0,0,0,0,0,0
0,0,0,0,0,0
0,0,0,0,0,0
0,0,0,0,0,0
0,0,0,0,0,0
0,0,0,0,0,0
0,0,0,0,0,0
0,0,0,0,0,0
0,0,0,0,0,0
0,0,0,0,0,0
0,0,0,0,0,0
0,0,0,0,0,0
0,0,0,0,0,0
0,0,0,0,0,0
0,0,0,0,0,0
0,0,0,0,0,0
0,0,0,0,0,0
0,0,0,0,0,0
0,0,0,0,0,0
0,0,0,0,0,0
0,0,0,0,0,0
0,0,0,0,0,0
0,0,0,0,0,0
0,0,0,0,0,0
0,0,0,0,0,0
0,0,0,0,0,0
0,0,0,0,0,0
0,0,0,0,0,0
0,0,0,0,0,0
0,0,0,0,0,0
0,0,0,0,0,0
0,0,0,0,0,0
0,0,0,0,0,0
0,0,0,0,0,0
0,0,0,0,0,0
0,0,0,0,0,0
0,0,0,0,0,0
0,0,0,0,0,0
0,0,0,0,0,0
0,0,0,0,0,0
0,0,0,0,0,0
0,0,0,0,0,0
0,0,0,0,0,0
0,0,0,0,0,0
0,0,0,0,0,0
0,0,0,0,0,0
0,0,0,0,0,0
0,0,0,0,0,0
0,0,0,0,0,0
0,0,0,0,0,0
0,0,0,0,0,0
0,0,0,0,0,0
0,0,0,0,0,0
0,0,0,0,0,0
0,0,0,0,0,0
0,0,0,0,0,0
0,0,0,0,0,0
0,0,0,0,0,0
0,0,0,0,0,0
0,0,0,0,0,0
0,0,0,0,0,0
0,0,0,0,0,0
0,0,0,0,0,0
0,0,0,0,0,0
0,0,0,0,0,0
0,0,0,0,0,0
0,0,0,0,0,0
0,0,0,0,0,0
0,0,0,0,0,0
0,0,0,0,0,0
0,0,0,0,0,0
0,0,0,0,0,0
0,0,0,0,0,0
0,0,0,0,0,0
0,0,0,0,0,0
0,0,0,0,0,0
0,0,0,0,0,0
0,0,0,0,0,0
0,0,0,0,0,0
0,0,0,0,0,0
0,0,0,0,0,0
0,0,0,0,0,0
0.0,0.0,0.0,0.0,0.00022456994617914774,0.0
0,0,0,0,0,0
0.0,0.0,0.0,0.0,0.006219060898518873,0.0
0.0,0.0,0.0,0.0,0.005450076309304418,0.0
0.0,0.0,0.0,0.0,0.007629399997902969,0.0
0.0,0.0,0.0,0.0,0.010654672932515704,0.0
-0.05990427689572068,0.0,0.0,0.0,0.008660396470542944,0.0
-0.02356993584274162,0.0,0.0,0.0,0.013706929953449718,0.0
-0.15564722486210789,0.0,0.0,0.0,0.014956503049379186,0.0
-0.08248808935606432,0.0,0.0,0.0,0.021807803992451552,0.0
-0.15861603989068615,0.0,0.0,0.0,0.024058502618094,0.0
-0.2905927247966561,0.0,0.0,0.0,0.025895120451065862,0.0
-0.38372976555307603,0.0,0.0,0.0,0.028357202791690544,0.0
-0.5179111118922954,0.0,0.0,0.0,0.03477164027886549,0.0
-0.4612943944396194,0.0,0.0,0.0,0.03512566148263006,0.0
-0.5367142073570694,0.0,0.0,0.0,0.03183540120822884,0.0
-0.3572375729510765,0.0,0.0,0.0,0.03402958005922993,0.0
-0.40854966178221297,0.0,0.0,0.0,0.037665504004991926,0.0
-0.49331726011888505,0.0,0.0,0.0,0.03953250498842047,0.0
-0.2813083399654279,0.0,0.0,0.0,0.04447071076182655,0.0
-0.2705382672519457,0.0,0.0,0.0,0.03981118053845789,0.0
-0.40387156531220053,0.0,0.0,0.0,0.035862177530710304,0.0
-0.1607725967845386,0.0,0.0,0.0,0.039737153847013915,0.0
-0.14050596424570522,0.0,0.0,0.0,0.03838195726845354,0.0
-0.017890881932578928,0.0,0.0,0.0,0.040332415166014476,0.0
-0.21551347178625613,0.0,0.0,0.0,0.034250823683741646,0.0
-0.12364556047251754,0.0,0.0,0.0,0.046704922010615074,0.0
-0.18631458981029395,0.0,0.0,0.0,0.05389046554590956,0.0
-0.22539866773467465,0.0,0.0,0.0,0.046889768857771776,0.0
-0.07702568736913144,0.0,0.0,0.0,0.03785383706642861,0.0
-0.025372426188188475,0.0,0.0,0.0,0.03241761471688384,0.0
0.0,0.0,0.0,0.0,0.03325175034292734,0.0
0.0,0.0,0.0,0.0,0.037964905037773285,0.0
0.0,0.0,0.0,0.0,0.03889449059141513,0.0
0.0,0.0,0.0,0.0,0.038445233692396906,0.00031145119277905576
0.0,0.0,0.0,0.0,0.03619565480714016,0.0002561882194458696
0.0,0.0,0.0,0.0,0.03551995758943289,0.006350803497399614
0.0,0.0,0.0,0.0,0.02638045543695085,0.024788413447961684
0.0,0.0,0.0,0.0,0.024545794600876684,0.029226346716393674
0.0,0.0,0.0,0.0,0.024003677042298235,0.035064826789736006
0.0,0.0,0.05121203810677451,0.0,0.023663128656451624,0.038100432595307064
0.0,0.0,0.13294846375632624,0.0,0.021342383045759798,0.038894982133679465
0.0,0.0,0.1648812677734193,0.0,0.019606732699696705,0.03843352774641477
0.0,0.0,0.20160303749890046,0.0,0.019380462380997644,0.039867669093282695
0.0,0.0,0.2535273966637308,0.0,0.01692376979062225,0.0438962426157549
0.0,0.0,0.2795197061781184,0.0,0.014174222853942629,0.044874010859893794
0.0,0.0,0.28545763590324136,0.0,0.016130676993482668,0.04537615356265033
0.0,0.0,0.38231378275948036,0.0,0.013027513567289881,0.04616108084445013
0.0,0.0,0.4422853629640455,0.0,0.014545390948087197,0.04825178271928812
0.0,0.0,0.4686224992080521,0.0,0.013174001510847248,0.05412177712904359
0.0,0.0,0.4504550871005886,0.0,0.011636140666441233,0.051244938490739314
0.0,0.0,0.586556153654809,0.0,0.010793586736099654,0.05476756636643796
0.0,0.0,0.6710591076880292,0.0,0.008615141792926374,0.049391534497218316
0.0,0.0,0.6338997066468721,0.0,0.012060483029367455,0.05406041756068051
0.0,0.0,0.6878415982123464,0.0,0.01352733113084226,0.04831678218521558
0.0,0.0,0.7251995427211931,0.0,0.012899339886116107,0.04198840581174441
0.0,0.0,0.9334884963367454,0.0,0.010635496621038562,0.032892500876486507
0.0,0.0,0.9398893196677385,0.0,0.014022389585234099,0.0175041040130631
0.0,0.0,1.0134684918045316,0.0,0.013987787456165576,0.008507552734539816
0.0,0.0,1.0860134952073395,0.0,0.014214909169553305,0.004823962870323923
0.0,0.0,1.1715779599341363,0.0,0.015141812576448626,0.015298972457009268
0.0,0.0,1.2437679466352682,0.0,0.017987350076443826,0.01523325954839527
0.0,0.0,1.3700835273242034,0.0,0.02112337413990132,0.014234028813775213
0.0,0.0,1.3413213739795458,0.0,0.019438704669079362,0.013950517105094502
0.0,0.0,1.2895474812661822,0.0,0.024618498292362415,0.017005154784557257
0.0,0.0,1.3007520589249497,0.0,0.020903908982182202,0.01389671579486095
0.0,0.0,1.596681206134756,0.0,0.021873471507653376,0.018155447707087997
0.0,0.0,1.5778651557373575,0.0,0.02321550513866133,0.016486008319706508
0.0,0.0,1.5384344822628528,0.0,0.025811314365607,0.01846638375943314
0.0,0.0,1.546312231267787,0.0,0.030418283850579337,0.01860761327406179
0.0,0.0,1.5761872298394601,0.0,0.03234477998918189,0.02018961664843378
0.0,0.0,1.7096830572324406,0.0,0.03327284982821632,0.017586325851513818
0.0,0.0,1.697732108689717,0.0,0.04171635067353511,0.017270454690044148
0.0,0.0,1.696762607128716,0.0,0.03844865203519353,0.0167553268015578
0.0,0.0,1.9129943561275282,0.0,0.04600951412358818,0.01757412587715291
0.0,0.0,1.98322095136575,0.0,0.042218915862145205,0.016727188247114378
0.0,0.0,1.9184170861496366,0.0,0.05077011815471979,0.01841446357525032
0.0,0.0,1.9184170861496366,0.0,0.05077011815471979,0.01841446357525032
-0.00478899086898051,0.0,2.1085656069639516,0.0,0.048746645736009876,0.015926198531024022
0.0,0.0,1.9715154388151557,0.0,0.0527142826145713,0.015794139703553683
-0.02868767368128337,0.0,2.005090865355947,0.0,0.05118446140081282,0.016958221232288434
0.0,0.0,2.1172944654239467,0.0,0.057558171637766185,0.014632673793409262
0.0,0.0,2.252825624378856,0.0,0.052378847824283904,0.013582047789509815
-0.05894915115657329,0.0,2.294597928080943,0.0,0.05190114598021285,0.013500035645685646
0.0,0.0,2.439816425857052,0.0,0.0580497105565579,0.014669410691570933
0.0,0.0,2.5509129520942047,0.0,0.060245691666146836,0.010065352762899809
-0.12480943409100806,0.0,2.8834170464211852,0.0,0.05683051861098204,0.007835608284994338
-0.19667922187870976,0.0,3.017846065353729,0.0,0.05681109792833918,0.007491216554546612
-0.0660457974527294,0.0,3.12328269141133,0.0,0.06133612683363936,0.006929785738131145
-0.09731150744435535,0.0,3.228022351763596,0.0,0.06003342363079471,0.007015896865470532
-0.13844086374636738,0.0,3.417087284120612,0.0,0.05858967995264662,0.006021696582516131
-0.14251443832762722,0.0,3.559273730696332,0.0,0.06441137383703077,0.005590995134802255
-0.03161604737672157,0.0,3.760304961088228,0.0,0.06555230352201227,0.004945058684063948
-0.10097848536111378,0.0,4.036633988191253,0.0,0.0639596852674187,0.0058526136092731705
-0.15039882873119587,0.0,3.959928337386559,0.0,0.06384422061495888,0.0033942341512966947
-0.0782936286105355,0.0,4.101501584712039,0.0,0.060372913041315424,0.0014671216651942498
-0.06374632950264411,0.0,4.314200474484285,0.0,0.05245562128974214,0.0006072379536570785
-0.10302303332277721,0.0,4.265927697137354,0.0,0.04626693454574601,0.0
-0.03458433104164819,0.0,4.529665597625657,0.0,0.05800076358030474,0.0002414699296359066
-0.09697187788403888,0.0,4.490480345034215,0.0,0.06475938997992373,0.0
-0.19398208114049525,0.0,4.807416895642998,0.0,0.06603304623660908,0.0
-0.4045398830448209,0.0,4.616131191793608,0.0,0.06616699834449043,0.0
-0.43059197837777685,0.0,4.572434954998149,0.0,0.07413249083226241,0.0
-0.23629745496674506,0.0,4.67547021178973,0.0,0.0696177483632311,0.0002191721957800977
-0.14009984605657808,0.0,4.939698534723797,0.0,0.06365284693026425,0.0
-0.19569485969237904,0.0,5.067750975970418,0.0,0.06501087040728591,0.0
-0.25617099530790083,0.0,4.959513796689025,0.0,0.07958949991835675,0.0
-0.4432484992759934,0.0,5.063276405865412,0.0,0.08068795922729102,0.0
-0.3560645633947016,0.0,5.208803939201081,0.0,0.0787694956735147,0.0
-0.3754762238317244,0.0,5.464954327813589,0.0,0.07014996686803011,0.0
-0.25224999384163044,0.0,5.501173612231115,0.0,0.062399606022169894,0.0
-0.09781040066085936,0.0,5.66812515051674,0.0,0.06005682885087429,0.0
-0.02303637434542304,0.0,5.79157862040414,0.0,0.061803780904776486,0.0
-0.11333208573103351,0.0,6.0426168168851415,0.0,0.062104488028262815,0.0
-0.13914070706217763,0.0,6.024077623777271,0.0,0.06662767037907107,0.0
-0.34127671539349197,0.0,6.132348303351505,0.0,0.0643625255573842,0.0
-0.23091546563946733,0.0,6.255839074149982,0.0,0.07443088521569693,0.00024324292019689323
-0.378411842150893,0.0,6.273416138759279,0.0,0.07224697373908698,0.0019970751516395647
-0.27955475502564714,0.0,6.402132552698868,0.0,0.07845774157339945,0.0016951747012612882
-0.34440306064713394,0.0,6.671027987451123,0.0,0.07943516993839339,0.0010964242044264546
-0.4762732039517651,0.0,6.56677827240839,0.0,0.07747458015751162,0.0018104236142915022
-0.4197566795820175,0.0,6.897869098453667,0.0,0.0784193003679166,0.003929860817483947
-0.4562476077176078,0.0,6.886624472011308,0.0,0.07890327375035314,0.0012358173787596967
-0.34141757455730004,0.0,6.82463206598139,0.0,0.08265380250807224,0.0020880676773017497
-0.43838312160284065,0.0,7.044981795950724,0.0,0.07741001474625028,0.002618126932562198
-0.3636203840558497,0.0,7.029969649271472,0.0,0.07713944313687304,0.0023823092384442726
-0.2009655770474752,0.0,7.220658530357653,0.0,0.07770519921362189,0.004519724193590861
-0.42389454022314893,0.0,7.477025548260504,0.0,0.07327623532196026,0.00357704905344583
-0.3264343194945511,0.0,7.459033032280317,0.0,0.0846304939902037,0.00593516678139344
-0.34185501885850506,0.0,7.544835105617315,0.0,0.09161658125313339,0.0034959252494382786
-0.4650506810276755,0.0,7.40380324771426,0.0,0.09313865547963728,0.006333731585914801
-0.5145729596382888,0.0,7.295962295111484,0.0,0.09111942668519285,0.0044076098415503934
-0.45470237351444176,0.0,7.503720519601698,0.0,0.0875150310851646,0.0031060834978952298
-0.2867691471205014,0.0,7.528599153335351,0.0,0.08413416812160193,0.0036378735966303534
-0.3982839795761965,0.0,7.550680851859956,0.0,0.08172293447768517,0.0032270359761036086
-0.36708758561947213,0.0,7.845519877904488,0.0,0.08135069706463802,0.003228484362220623
-0.5029540080605128,0.0,7.8411845814312455,0.0,0.07962662123023884,0.001226738241414162
-0.31775965237753784,0.0,7.837193237111552,0.0,0.08113000367388402,0.0013415762282433785
-0.2910777249312737,0.0,7.901010375002892,-0.0005206900517808213,0.07701516254634985,0.0013726457373413547
-0.2910777249312737,0.0,7.901010375002892,-0.0005206900517808213,0.07701516254634985,0.0013726457373413547
-0.11669059592216038,0.0,8.036538536205413,-0.0037290616601750224,0.07068445721006064,0.0018001707189808814
-0.06943393461777855,0.0,8.391837409228584,-0.005374851199918028,0.07849728713195339,0.000924591475211251
-0.11808940661474636,0.0,8.426805367634234,-0.008393742573315963,0.0774153571627983,0.0
-0.34170067832759426,0.0,8.36942648393784,-0.009702223489093713,0.06657503778726652,0.0022547560292495612
0.0,0.0,8.48445293306657,-0.0009844151954714387,0.06550885744303907,0.0006825002480437086
0.0,0.0,8.978972645605538,0.0,0.05477294426544456,0.0010967719567011149
0.0,0.0,8.624469716733303,-0.007945444864337,0.052906708314957016,0.0033494082431121037
0.0,0.0,8.558585523158841,-0.009202212891108104,0.04984353009636917,0.0038406788732918175
0.0,-0.03247409642303342,8.561722148518513,-0.014264847674803663,0.044218607897766396,0.0034456180086260254
0.0,0.0,8.695172268065324,-0.013696687444975578,0.03785885932601439,0.0012213671385127712
0.0,0.0,8.338889778332554,-0.01770223412178063,0.03156057672454371,0.0022603455568498943
0.0,0.0,8.114997783067967,-0.014130645042184548,0.023431554921733506,0.002916775803056331
0.0,0.0,8.289002170985782,-0.007732287654869954,0.01846211574165138,0.0036032576931462694
0.0,0.0,8.362255833910558,-0.010891355883985168,0.015597163498915673,0.00358412517004555
0.0,-0.00042647488043843297,8.081139014482435,-0.02083010468818037,0.015515349011432419,0.002140001346448991
0.0,-0.08313282340164349,8.013191945658244,-0.0208388385378115,0.023608691646819505,0.0020849500875949464
0.0,0.0,8.089928981380385,-0.023251845496334828,0.020036997967570094,0.000757556227684977
0.0,-0.06147282683149985,7.779098249286834,-0.021879861688384163,0.018961446838505126,0.00220570444749593
0.0,-0.3328329637756481,7.7241321971985375,-0.021896924015941215,0.021280582963498863,0.0014931461987563528
0.0,-0.04800522909544067,7.634342620751058,-0.026796289033792407,0.010571614828307645,0.0018369219296891456
0.0,-0.17699518857355206,7.465531157673313,-0.021030458902862377,0.007502668153892898,7.767124838961718e-05
0.0,-0.031912638981955,7.487658328903946,-0.02229528887120099,0.0038433488962177674,0.003702716788309439
0.0,0.0,7.662775721029116,-0.016759067129861006,0.0028711813789985617,0.0004171408589295356
0.0,0.0,7.592520969735114,-0.012500051921914376,0.0038392313692931293,0.0
0.0,0.0,7.589292084179162,-0.013325930288312105,0.006321952570644489,0.0
0.0,0.0,7.681540859782283,-0.01036732437413768,0.008546978404787466,0.0015417622087214756
0.0,0.0,7.94295137478411,-0.016234104231343412,0.016842524814471092,0.002194255764702921
0.0,0.0,8.203361559914374,-0.026955767455815897,0.017729929359384555,0.0
0.0,-0.3460554051365943,8.2240266945217,-0.03729132651540312,0.025702126698158655,0.0
0.0,-0.4769165294033523,8.628655097381259,-0.04133339253192919,0.03067873434690131,0.0
0.0,-0.1919828489947145,8.786116607082995,-0.047716193338535794,0.025927631226171984,0.0
0.0,-0.16361183184878353,9.038534424874431,-0.03504507996639503,0.02670041894870817,0.0
0.0,-0.17986455556056363,9.099292649008975,-0.025139497146554342,0.030144295625219513,0.0
0.0,0.0,9.179407185708,-0.021848366854779377,0.025298012712339772,0.0
0.0,0.0,9.113407825976596,-0.020468463915121582,0.02342475508361695,0.0
0.0,-0.0014701887436588585,9.110921216750409,-0.025194230821482567,0.032423772500127346,0.0
0.0,-0.2064035566243337,9.03670303035938,-0.02740092445454915,0.03353821154844463,0.0
0.0,-0.1388280017730938,9.218141016074041,-0.029987986915469788,0.035429616921625245,0.0
0.0,-0.3078212604930143,9.313980153165836,-0.040025050776199875,0.040067012294108174,0.0
0.0,-0.4512659239598283,8.846245576706533,-0.04415059735875866,0.0485960839019486,0.0
0.0,-0.4042916891691036,8.709174531618025,-0.040619888329739444,0.047398940616009654,0.0
0.0,0.0,8.508260711337254,-0.02563811047981504,0.025613756981045382,0.0
0.0,0.0,8.537345797017526,-0.006364943363072355,0.010865274777755788,0.0
0.0,0.0,8.816843825459788,0.0,0.0012498052773357664,0.0
0.0,0.0,8.570341425952702,-0.005321599640415612,0.01650213679341964,0.0006458733775357272
0.0,0.0,8.590831227664891,-0.011884306767792554,0.031074425933671657,6.756304324285175e-05
0.0,0.0,8.674358162879546,-0.012968052292613403,0.051455839020463925,0.0017826881943442847
0.0,0.0,8.627035366065877,-0.012884797588311042,0.04970604381283802,0.0011838234872644808
0.0,0.0,8.32502595918512,-0.008571361800017262,0.041253444451160304,0.0013588620210319118
0.0,0.0,8.258210042453141,0.0,0.020871550472037127,0.003100071542306977
0.0,0.0,8.293046417433157,0.0,0.0053941583444479324,0.0036208168828730366
0.0,0.0,8.350394109509189,0.0,0.006727910814801683,0.004140844865396386
0.0,0.0,8.447657590278606,0.0,0.019336186374920322,0.0026091604852673785
0.0,0.0,8.245740870656501,-0.010491615935598993,0.03888935542431537,0.0008547952320463915
0.0,0.0,8.479085335839914,-0.02003248546129021,0.06365044136313817,0.0030235325980745176
0.0,0.0,8.370381718280942,-0.019915963218592785,0.06369085779211357,0.0004425181057553652
0.0,0.0,8.423523751913184,-0.007874111354441674,0.03896768282150932,0.0008832290934002319
0.0,0.0,8.634453020116009,0.0,0.0067938231489212565,0.0
0.0,0.0,8.383165486536196,0.0,0.0037485398205454592,0.0020874268758287826
0.0,0.0,8.323887966396681,0.0,0.006009562898045337,0.0029630729679802313
0.0,0.0,8.375403759976678,-0.0026260114827706396,0.01924228192581664,0.0
0.0,0.0,8.558012175634655,-0.009891088547608859,0.037237862058177744,0.0
0.0,0.0,8.408238127626209,-0.016726009555205732,0.04854722545231292,0.0
0.0,0.0,8.477184466669787,-0.01014901272518085,0.04712344963231406,0.0
0.0,0.0,8.348573639173505,0.0,0.027662484055781943,0.0
0.0,0.0,8.326074689494494,0.0,0.01247242608775074,0.0014055232514984884
0.0,0.0,8.310066083248755,0.0,0.0062546363542545415,0.0
0.0,0.0,8.389938372146693,0.0,0.0020893062854840266,0.0
0.0,0.0,8.34945739778761,-0.0022018760477619235,0.010798160670760122,0.0
0.0,0.0,8.286303159460067,-0.0035577268263081913,0.016505285147048437,0.0001459668999684402
0.0,0.0,8.480887209258945,0.0,0.012786465224528507,0.001605669490190837
0.0,0.0,8.335200395251288,-0.004153852179180691,0.010185845356982897,0.0
0.0,0.0,8.439434295726208,0.0,0.003734101076842543,0.0018756793925475354
0.0,0.0,8.469931136852981,0.0,0.004116063781764342,0.001033674309090783
0.0,0.0,8.249090143233303,0.0,0.0026518935263908344,0.003488484453220432
0.0,0.0,8.007692622250016,0.0,0.0,0.003458509531686825
0.007475472817871013,0.0,8.280090045321844,0.0,0.0,0.007950940830965444
0.0,0.0,8.598812497466437,0.0,0.0,0.008420716757627233
0.0,0.0,8.504485594083182,0.0,0.0,0.005914460765696626
0.0,0.0,8.034159252885617,0.0,0.0030430662340515807,0.008652618247693337
0.0,0.0,8.370858458982145,0.0,0.001118420211926675,0.008339081478161264
0.0,0.0,8.807876955153153,0.0,0.0,0.009098597143143308
0.0,0.0,8.406732793355069,0.0,0.0,0.014100235089280485
0.0,0.0,7.832651329340209,0.0,0.0,0.010677758499801163
0.0,0.0,8.30737477030987,0.0,0.0,0.010376489431102701
0.0,0.0,7.911886584721262,0.0,0.0,0.01648431084703158
0.17431046915532655,0.0,7.6581952543583585,0.0,0.0,0.013910048258638938
0.4722067930841904,0.0,7.818942535078776,0.0,0.0,0.011341007522475974
0.1675014710428592,0.0,7.960335451079004,0.0,0.0,0.011158153943711597
0.0,0.0,7.549454160568199,0.0,0.0,0.014620751749980298
0.0,0.0,7.432249678968742,0.0,0.0,0.012375217321164792
0.0,0.0,7.438538363245469,0.0,0.0,0.011752460664127511
0.18143761329875988,0.0,7.560925449521703,0.0,0.0,0.013419401125645505
0.005428761988078129,0.0,8.041053414535003,0.0,0.0,0.012119117679444177
0.0,0.0,7.818435202402293,0.0,0.0,0.014260623883302672
0.0,0.0,7.245442987860575,0.0,0.0,0.013354227962119677
0.0,0.0,7.68569601533043,0.0,0.0,0.01016798401486425
0.13849709424664222,0.0,8.245628939690775,0.0016400313351254106,0.0,0.014066202797953783
0.14318889502670146,0.0,8.25561188624177,0.0,0.0,0.01690855511542478
0.0,0.0,7.8178735943879305,0.0,0.0,0.012959065807629452
0.11764209052116772,0.0,7.904195365491008,0.0,0.0,0.017838817488272204
0.40164376892556347,0.0,8.456716591581118,0.0,0.0,0.014498240385893202
0.5003797664106153,0.0,8.758822295937522,0.0016888473747761277,0.0,0.01651764621374823
0.14771269658328837,0.0,8.418422900840394,0.0,0.0,0.013329071323089553
0.0,0.0,8.15787008971449,0.0,0.0,0.014174282383559975
0.0,0.0,8.168700179494568,0.0,0.0,0.01803155554322267
0.0,0.0,8.668094998153594,0.0,0.0,0.013692827984951913
0.0,0.0,8.25605249625897,0.0,0.0,0.018536962007975402
0.0,0.0,7.849054619393952,0.0,0.0,0.015136116223120406
0.0,0.0,7.608972520347637,0.0,0.0,0.014454543684517799
0.0,0.0,7.852353101353477,0.0,0.0,0.012995949416114197
0.05034333282362743,0.0,7.943877736427282,0.0014959704896775458,0.0,0.01464024163370733
0.0,0.0,7.4394428738180425,0.0,0.0,0.01507701915138481
0.0,0.0,7.049372770743855,0.0,0.0,0.012199098871047039
0.0,0.0,7.1902421929301,0.0,0.0,0.015257852822136073
0.0,0.0,7.528062430384736,0.0030848204376287417,0.0,0.014954821271945576
0.0,0.0,7.328346582390969,0.008224003781140129,0.0,0.017212573257303288
0.0,0.0,6.831217040311815,0.00236292171535534,0.0,0.017852545502829824
0.0,0.0,6.789095435121871,0.006816002496340114,0.0,0.020922106580916
0.22793617032906086,0.15171781288828176,7.1102071658198245,0.025693446260059004,0.0,0.018026258017142367
0.0,0.3304528703858039,7.530263830165815,0.023013462870580266,0.0,0.01830286971303789
0.0,0.0,6.855567236132717,0.006592137119259159,0.0,0.01488288294233236
0.0,0.0,7.023782358076291,0.009742649989957426,0.0,0.016260937043955117
0.0,0.05040429953058602,7.315646178672762,0.01317058772642262,0.0,0.018071133559025468
0.0033387687469207386,0.0,7.444605743807484,0.009637771936746822,0.0,0.023147518277506808
0.0,0.0,7.488800894006033,0.0006073498106318729,0.0,0.01934404269401887
0.0,0.0,7.30016245839025,0.00175811210889095,0.0,0.019499614209988143
0.0,0.0,8.003458668449506,0.011930020433221711,0.0,0.016907898138687684
0.0,0.0,8.123484499682752,0.005534855830398646,0.0,0.01875814064925522
0.0,0.0,7.735066290253284,0.0,0.0,0.01579116675122592
0.0,0.0,7.092080936134399,0.0,0.0034664576604285986,0.01662675472023744
0.0,0.0,7.530825690866344,0.0006648874084272416,0.0,0.012863683952167406
0.0,0.07899427519107134,8.12215725552114,0.007899355922507342,0.0,0.01958762447052157
0.0,0.03148251268296905,8.001771996837174,0.009144363287616374,0.0,0.019216411609899398
0.0,0.0,7.298472377751016,0.003932057016986033,0.0,0.01126446462268901
0.0,0.23503991389643253,7.822207750386831,0.010071968872452031,0.0,0.01623224766592557
0.0,0.11964936789869327,8.357280327407947,0.018981730054038123,0.0,0.017480751460626723
0.0,0.1990037916489749,7.823960589401274,0.004529436089925022,0.0,0.015678493492668064
0.0,0.06011688277645243,7.509530099754718,0.0026214098000192886,0.0,0.01139516109516914
0.0,0.12267631910930987,8.157191281040445,0.020161425744456368,0.0,0.013282505450735177
0.0,0.6082567043878535,8.736493563181439,0.02559279409475922,0.0,0.01657626993827111
0.0,0.25685678918938454,8.125943642659262,0.02267830971748252,0.0,0.01280285284326231
0.0,0.0,8.310501157058358,0.006819449826560489,0.0,0.013085829956728707
0.0,0.0,8.3193478350676,0.001421255271100708,0.0,0.012454709612176668
0.0,0.0,8.019326976611433,0.005923603120150404,0.0,0.011411184378291054
0.0,0.0,7.723396024143547,0.0028785473244065793,0.0,0.0117283184841283
0.0,0.06286558933788397,7.750674488599762,0.010812580943613412,0.0,0.015054037852063457
0.0,0.37795865595983974,7.776566242484537,0.0113000685951262,0.0,0.007745444383006848
0.0,0.4408496380101224,7.563284970075347,0.017521465911152286,0.0,0.009791575794186122
0.0,0.7874012013875169,7.77137202152183,0.03074486325491769,0.0,0.010114032817525757
0.0,0.7494183738549985,8.096890895812479,0.032891227341898296,0.0,0.008709873697851337
0.0,0.8338050534705091,7.85371604335143,0.025061734952180816,0.0,0.010828138078896701
0.0,0.773160208030809,7.9580139631606155,0.03480020902623001,0.0,0.007141077961634193
0.0,0.8438344800240525,8.753716135461728,0.03840501748923002,0.0,0.009350929439033442
0.0,0.5083236776873453,8.789551179671522,0.03228137699215168,0.0,0.012098246917194144
0.0,0.6137449459487534,8.854180462658016,0.01679492753972035,0.0,0.007475533207233739
0.0,0.2519564952797056,9.074033818224951,0.01468817629943538,0.0,0.0052212193868662014
0.0,0.0,8.877394812613014,0.0049357149934533915,0.0,0.007447423592156608
0.0,0.08718939374853862,8.986722647799834,0.011377678127095045,0.0,0.006011423534995624
0.0,0.46674294453627796,9.094211027395755,0.010914177412362017,0.0,0.002379330365567812
0.0,0.27233141529768884,8.448059736206437,0.008948179565481098,0.0,0.005834982724655367
0.0,0.2587103242059294,8.44572843524577,0.016939043058210843,0.0,0.004002531923323103
0.0,0.783169250290559,9.042727858479825,0.02937039692610931,0.0,0.0022164551710836177
0.0,0.42407766562861904,9.032476694917236,0.021528272861850675,0.0,0.0007027355489970124
0.0,0.15091561459593922,8.383663155946802,0.013930662655056525,0.002722244736004458,0.0034707781950815884
0.0,0.25217966122492597,8.377822853612024,0.009297073763962726,0.0005357652851187002,0.0018070829129070622
0.0,0.022566353829295158,8.601569810838615,0.01336860019986357,0.0024320763430669473,0.0010482533068306948
0.0,0.10927349424394803,8.294126737858761,0.010358303163108085,0.007975467338910459,0.0
0.0,0.10742687114806962,8.367526391529768,0.02218043694796549,0.0014989487418045992,0.00020782336864843412
0.0,0.19766014424546377,8.219740015401475,0.014384998625266052,0.010826603931758053,0.0
0.0,0.033443472885318376,7.982999567583079,0.011882640051443535,0.01489443918430077,0.00044598168879261466
0.0,0.2626704062106725,7.726013458781767,0.023329655953335797,0.0011091553571272606,0.0
0.0,0.2843338634156918,8.158459658849475,0.02183044747502833,0.002156407542076659,0.0
0.0,0.08778674560480745,7.619642446964031,0.012029704930471345,0.0029028882238689583,0.0
0.0,0.16982292593596626,7.6356307455281165,0.015008260834788286,0.0,0.0
0.0,0.3296457118611054,7.733942028458462,0.023872553829789353,0.0,0.0
0.0,0.35366909682162195,7.4294468766740085,0.0234922294696489,0.0,0.0
0.0,0.44851069293489265,7.415547841237741,0.02712789148633881,0.0,0.0
0.0,0.5638577822508404,7.366666362220732,0.033153860450619084,0.0,0.0010451004756184025
0.0,0.7141908506532182,7.800865262632291,0.04015931305514484,0.0,0.0
0.0,0.8438507261743213,7.793526100258953,0.03855344484415356,0.0,0.00010731524906201621
0.0,0.7937727719551522,7.928354314589237,0.04028489164568049,0.0,0.00020234977537548614
0.0,0.43181928931876284,8.119148859065252,0.02814314134028336,0.0,0.0
0.0,0.17914323490708384,8.102545681917992,0.021997131853760243,0.0,0.0010427709919091548
0.0,0.13336550321805013,8.404733235076403,0.01873912501821102,0.0,0.0
0.0,0.06931869983453921,8.440480905985549,0.013495384048181208,0.0,0.000913063272196451
0.0,0.0,8.41689675290247,0.010723367176491808,0.0,0.0013973248118115563
0.0,0.18515247196632995,8.609243465241828,0.016840035718170453,0.0,0.003863825759740211
0.0,0.0,8.550923447765511,0.012394420769428996,0.0,0.0018909475293849526
0.0,0.0,8.150323055720797,0.003844004855022361,0.0,0.0046127413466647785
0.0,0.0,7.829762946945425,0.007877136654412222,0.0,0.005338192448018173
0.0,0.010882627808342881,7.88505683715159,0.009786528438563945,0.0,0.004251581594838194
0.0,0.03415836233182454,7.863946443807056,0.009460320426970472,0.0,0.00371275256266232
0.0,0.0,8.30360351931081,0.007745306923374927,0.0,0.005449544282821279
0.0,0.0,7.667381065438471,0.0,0.0016594212894104877,0.002532599218780171
0.0,0.0,7.877152739532671,0.0017941924367042936,0.0,0.0030742044992315984
0.0,0.0,7.999946331911625,0.004584840985421605,0.0,0.007186177852733684
0.0,0.0,7.132770626712173,0.0045436186764770195,0.0,0.003963298739328773
0.0,0.11306030731896692,6.834076918191608,0.01797964781060842,0.0,0.006493550707261604
0.0,0.7372660322910061,7.015918087032704,0.025834541220057128,0.0,0.006977331374228934
0.0,1.444068937848408,6.663587358545412,0.04327359196003136,0.0,0.009293192190879703
0.000879077577374281,1.4515019791967831,7.143749737379646,0.063657904240532,0.0,0.007335049153453133
0.06796932631686772,1.8973368913599848,6.718427489872214,0.06531318713060578,0.0,0.010611360249456817
0.25818572727613315,1.3385496312861023,7.260114714432996,0.06930522578374625,0.0,0.01338946250984922
0.0,0.9580347690523112,7.098476002384349,0.036080631066499225,0.0,0.008526016336863586
0.0,0.5408210382364866,7.375158068016705,0.024058516018429517,0.0,0.011274000831873979
0.0,0.02718661432033017,7.003441041849074,0.01613112164324015,0.0,0.01280077417460855
0.0,0.05706820061363197,7.231043892281134,0.008944902001554424,0.0,0.011036616535615404
0.0,0.0,7.156578027714273,0.009536320836232777,0.0,0.013817591778951166
0.0,0.0,6.882294382287912,0.014256305017508731,0.0,0.013361992122765606
0.0,0.0,6.852933541374858,0.018925843072698012,0.0,0.011479773156318216
0.0,0.0,6.893389615385338,0.01659100297562047,0.0,0.014023277664581047
0.0,0.0,6.433732591871333,0.016705909271609053,0.0,0.011809606409699903
0.07634984853361437,0.004966740580035213,6.67590702977696,0.01886476667230126,0.0,0.015580658697296496
0.1137853031750323,0.0,6.51883341670077,0.010018940428266284,0.0,0.013218293052866148
0.0,0.0,5.8926015040980015,0.0,0.0,0.013467667006054057
0.0,0.0,6.089472220832743,0.0,0.0,0.012452255596367775
0.0,0.0,5.940227621593722,0.0,0.0,0.012149818593471431
0.0,0.0,5.662811519444121,0.002519173468922886,0.0,0.00964554767359539
0.0,0.0,5.86118291866782,0.011552513918318314,0.0,0.010448089399972674
0.0,0.10107168506456923,5.414526426644002,0.021030662565438958,0.0,0.01455722158648623
0.2485303502498677,0.8180746236734144,5.827629735065079,0.047587582012456914,-0.012471592690852577,0.007693882200084991
0.48745841033279236,1.073706280422002,5.835629003563405,0.04662622277497251,-0.016259314798846503,0.009289574951269735
0.5152458720043777,0.45798591136706046,5.57323563116021,0.033468480806848895,-0.008269822649190458,0.014757985205839702
0.36602513682998794,0.12161658214833256,5.78651970312683,0.02221951655139959,-0.0026755505443885725,0.014815733959923676
0.1236569883867908,0.06417586973190056,5.683777691153311,0.00816231763809035,-0.0028698907992841275,0.013246125047342811
0.0,0.0798568848857174,5.946409503241437,0.006232549030386816,0.0,0.01394136182674047
0.0,0.0798568848857174,5.946409503241437,0.006232549030386816,0.0,0.01394136182674047
0.0,0.0,6.1294968035554245,0.011384469892633916,0.0,0.018233485932000054
0.0,0.1570011849260347,5.945546612646319,0.01192169917794776,0.0,0.018741760404004514
0.0,0.36502602739432266,6.018114079280048,0.02003459661250055,0.0,0.01508494593321714
0.0,0.260997329189192,5.7902197686440635,0.020182250278624338,0.0,0.013895143069045083
0.021987324399087745,0.5195069687141348,6.223807162842555,0.023957441450990134,-0.0034436204106744472,0.014054587923590448
0.0,0.4188568309620925,5.9393706044344174,0.01879705511377751,0.0,0.012942159308902374
0.0,0.24179170745117098,5.92212465724074,0.014285263578046664,0.0,0.013306105206146362
0.0,0.7208739242850017,6.2051747149312595,0.018541572652891643,-0.000909289073471171,0.013009541904557092
0.05965990354225339,0.660514881569521,6.175231088513347,0.024525344580393446,0.0,0.015840474040866925
0.0,0.7616634880491284,5.872395428894973,0.026586115350427198,-0.0032454130302827706,0.016443673944110133
0.0,1.054179071956289,6.054585048728836,0.0270148040094683,-0.0010131448676853835,0.016935030160143704
0.0,0.7705840326287127,6.144388659070318,0.017703067396621232,0.0,0.017502160910614246
0.0,0.2711240837527893,5.810760132195337,0.005106044487709965,0.0,0.016581549623564684
0.0,0.19253782696912647,5.765492774596028,0.003633574403419891,0.0,0.015188776177980354
0.0,0.2203465190192321,5.927676180941068,0.010570624359453459,0.0,0.01966733248968346
0.0,0.5483367888041296,6.059632201384714,0.010115837333306909,0.0,0.016047904557203833
0.0,0.4207307071983524,5.874119995976488,0.016116189261935896,0.0,0.01423345387042466
0.0,0.9679546484890611,6.12820074990416,0.02484643390135543,0.0,0.01892321164217951
0.0,1.36882412922605,6.275698533904331,0.028237156352437037,0.0,0.024151849514738328
0.0,0.6059725314830124,5.680107295925389,0.02010935885923641,0.0,0.019217904691252848
0.0,0.6912310596711683,5.3466529381473205,0.011611667094842532,0.0,0.017655515946157423
0.0,1.148382446921717,5.652514253198314,0.014473079473895173,0.004376536549855552,0.016145818450239467
0.0,1.4924377294011815,5.10994481916863,0.025404144718971605,0.006037589545771296,0.019044464403317713
0.0,1.9326508097910289,4.7462451835057715,0.04329643986485044,0.008948691393833783,0.01594685487116642
0.0,3.0630791285553043,5.096237735757806,0.08353169209045283,0.0,0.024321746894208008
0.0,3.6887366864035642,5.0683062982735025,0.1026375525808556,0.0,0.02330926504241978
0.0,3.9498161621731063,4.678388138322626,0.09199122770583931,0.0,0.023250730796756377
0.0,3.1513802249154557,4.959220483076846,0.08200092499007719,0.0,0.020565342133758966
0.0,2.333914157087004,5.0593498158728645,0.052850437301251316,0.0,0.025492294103712586
0.0,1.757868045764928,5.102330261503097,0.030148066525046313,0.0,0.023722994027129442
0.0,0.9000104739134851,5.046938633693915,0.015286497475505964,0.006963271748808631,0.02799202385630208
0.0,0.6136818362684735,4.756628370506417,0.003069908366951991,0.010506031391451998,0.023485067072063874
0.0,0.7459037658653963,4.771484835932872,0.015985911855518068,0.0020181343913269175,0.02477968834805056
0.0,1.3096664533075146,4.950636546796167,0.028532953311773034,0.0,0.02334059175092839
0.0,1.7936613842659863,4.789628965945905,0.04274333628329234,0.0,0.026042018284887086
0.0,1.3537700357402866,4.637930559520181,0.04283403641275584,0.0,0.021439611825225226
0.0,1.1620706838403456,4.7285978698808275,0.026644716859518247,0.0,0.022889764613465167
0.0,0.5796315106290393,4.674355183617242,0.005964337792825762,0.0,0.02269766265669694
0.0,0.19486747864717116,4.310447182760269,0.0,0.011918263099827612,0.024852112059898873
0.0,0.001004773501828869,3.6870573646242994,0.0,0.02238071881517894,0.023575686862850075
0.0,0.46824123044185395,3.841151024983082,0.003854858258416717,0.014516124835217806,0.024246721068610862
0.0,1.4088793524360443,4.044076423991781,0.022217780328246044,0.004126683334013888,0.02181485779226684
0.0,1.4934400246594388,3.528500950213373,0.0314687213518458,0.0,0.023564080765563253
0.0,2.130004773776028,3.906441992343372,0.056470529766678955,0.0,0.027431922039237798
0.0,2.6863710759908304,4.0688984668890615,0.06892619189955082,0.0,0.023728416877456453
0.0,2.3420219495005243,3.7732329374430345,0.053468914792154786,0.0,0.02517602536793141
0.0,1.484586696161707,3.8289941382489046,0.027344848702951213,0.0,0.020302463581650783
0.0,0.9576599849226566,3.6938961054307184,0.010274706067968415,0.0,0.02487878070936346
0.0,0.5468822332999437,3.7300692374348663,0.004546504958948354,0.0,0.022217145528883115
0.0,0.7142476782989484,3.6457941750764697,0.0032729297065454293,0.0,0.021877777122718427
0.0,0.9374709990918977,3.8299816745156234,0.009160392677604488,0.0,0.02299581278738873
0.0,1.3195232677483246,3.798973684932144,0.014800662211865231,0.0,0.0209274348358738
0.0,1.717575257426492,3.691892270027972,0.03298985087183316,0.0,0.020263713181137462
0.0,1.875322755468855,3.5501733748756648,0.03208120256748097,0.0,0.01890434487933824
0.0,1.8932805350933744,3.6122367530685,0.026434598170686757,0.0,0.0216543741140152
0.0,1.555188512918852,3.565504101673752,0.02019555712212831,0.0,0.018893154375279737
0.0,1.3440963546120757,3.5157600045970936,0.009603944994422655,0.0,0.01976330793797277
0.0,1.2727136212905772,3.6991849210321894,0.013882564162924244,0.0,0.021586292237217884
0.0,1.1320923462007666,4.026610495590487,0.015935956385575684,0.0,0.015826249851970536
0.0,1.110453930843876,3.7656386398446755,0.007144107987907253,0.0,0.016163341937549196
0.0,1.227078275223977,3.535689316894029,0.016127131599394093,0.0,0.015429525284049273
0.0,1.5572984710782258,4.343370401775468,0.02561787318223801,0.0,0.01442794129140526
0.0,0.8606828477888792,3.8283418878892386,0.002992653238038507,0.0,0.017146587939665815
0.0,0.2526871651379762,3.4004437202875395,0.0,0.0,0.014951038914421913
0.0,0.041614686922442086,3.5371080505390315,0.0,0.0,0.010352843998940589
0.0,0.31006468700983547,3.7713464415087694,0.0,0.0015516591440909357,0.013187233871430124
0.0,0.3522126696724385,3.7423527229912628,0.0,0.004115049116803345,0.014108318162476341
0.0,0.33551106009167914,3.7610176578873142,0.0,0.006071304886068598,0.008586450058407597
0.0,0.6619812097077605,4.056661877450501,0.002145313906682618,0.0,0.010272436117202171
0.0,0.9515410164477098,3.9246164680680735,0.0,0.0,0.007192158081508702
0.0,0.9735965102742409,3.5740628267968573,0.0,0.0,0.00922171364508488
0.0,0.7393319307824854,3.276616970116612,0.0,0.001723448593288308,0.004412885397313913
-0.016770347924812905,0.9556773221125235,2.991418788025981,0.0,0.005772050046106804,0.005670996671072108
0.0,1.4744764028739377,2.954069724775831,0.0007799868931002968,0.009078090662641605,0.005531179642907452
-0.10175901843749083,1.7425801495684632,2.5780912658242623,0.004520922118784199,0.006229873237078912,0.005256891040826693
0.0,2.0376755310371513,2.382760479151512,0.024446205403254956,0.0031320146940157353,0.005806765375465035
0.0,2.7965140898101777,2.755946186166089,0.036348123664277365,0.0,0.009151453987249845
0.0,2.4981302354883264,2.595648516736222,0.033748664899830125,0.0,0.008406344294986264
0.0,2.050135184864815,2.4512450600271487,0.029085623370453496,0.0,0.010363374659580298
0.0,1.8946724154373993,2.8828097139880553,0.02116178186356556,0.0,0.011516656920280402
0.0,1.000553026782426,2.748689210613278,0.0058524103648170235,0.0,0.01360953922502447
0.0,0.9069864385395787,2.3579793859072256,0.0,0.0,0.015414081575644565
0.0,1.154496489593106,2.9369219066167296,0.0,0.0014804154906664254,0.0176329215156582
0.0,1.0201678073101097,2.8958532820907545,0.0,0.005667133665478311,0.02076776928819689
0.0,0.8867990199137161,2.6753505568230618,0.0011245407193673685,0.0076140323054347415,0.020713119666684973
0.0,1.0797386260229682,2.7840270364532866,0.011442437511204835,0.0,0.018515500830269857
0.0,1.7346161555444326,2.7367918046987403,0.008636459254778383,0.0,0.021698470592678095
0.0,1.863533076503408,2.8737031710949053,0.014747401846872394,0.0,0.021293082837535067
0.0,1.496662408232213,2.975495731193903,0.001598776769483771,0.0,0.01647124420130333
-0.08459644667618389,0.38852590212994775,2.2781131262170793,0.0,0.00951022739035541,0.02122007159598619
0.0,0.5007757528302978,2.3982590947516624,0.0,0.00785545080589397,0.017065625893703903
0.0,0.5751786782320817,2.5243424176814946,0.0,0.011146011894822897,0.018070211687520644
-0.05450463857435646,0.5417179682135608,2.1290311202270473,0.0,0.007923577297708395,0.01873361025964227
0.0,0.878355566948364,2.038735357374157,0.0,0.0008558632037179978,0.01187412087992038
0.0,1.3511578032139646,2.2761018834072537,0.010426607853775537,0.0,0.01690489391838096
0.0,1.7263869363354931,2.387669381795195,0.02204633359747673,0.0,0.015482917439619038
0.0,1.6924346359955798,2.2001172298014278,0.017816887772705254,0.0,0.016173231476125066
0.0,1.2925937593302543,2.147140788229159,0.006965142554513017,0.0,0.01932136681940364
0.0,1.060869577323103,2.2114162932988566,0.0,0.0,0.01747765735596194
0.0,0.7641853961255006,2.0432810717310024,0.0,0.0,0.018383052549153085
0.0,0.7472600606041327,1.9666813728550558,0.0,0.0,0.016579134560569347
0.0,0.9845320430851521,2.14857606187082,0.0,0.0008484989256457107,0.016913106512758087
0.0,0.9622626165002754,2.133471392354357,0.0,0.0,0.018059593315465867
0.0,1.2381700951407713,2.242686219319142,0.0031059277164455917,0.0,0.016218407248610876
0.0,1.4252980190139974,2.222016212082492,0.004659923882254943,0.0,0.018898289896798252
0.0,0.9419968472406565,2.1727685289419316,0.0,0.0,0.0207634952196075
0.0,0.7817796397720432,1.7890061245256388,0.0,0.0,0.0167999068030221
0.0,0.8474762907199997,2.10591541564241,0.0,0.0,0.02029450976677803
0.0,0.7915934384966433,2.0567855974603564,0.0,0.00039487152037583116,0.024929083376038393
0.0,1.1157116229529296,1.8140119332320697,0.0,0.0,0.02122052753373341
0.0,1.0159890682441994,1.9047298247421793,0.0,0.0,0.016804202788513932
0.0,0.8641046852886894,2.002721361683535,0.0,0.0,0.024043929232052105
0.0,0.9597381229975388,1.8284764424343076,0.0,0.0,0.01568790985356936
0.0,0.47297371162414265,1.914202597841663,0.0,0.0,0.022207268115879995
0.0,0.5480133515564961,1.8989652151989254,0.0,0.0,0.02181585455261581
0.0,1.082195151530998,1.7661990447383011,0.0,0.0,0.019368603028285362
0.0,0.9168803779894835,1.7844637003130672,0.0,0.0,0.019359163200403907
0.0,1.15977847230327,1.624096300939419,0.0,0.0,0.024159432230660416
0.0,1.3625059035305889,1.7529740486640648,0.001955191124054926,0.0,0.023108886698804572
0.0,1.3899594508227713,2.062180404530236,0.005837218603695841,0.0,0.023994818220620367
0.0,1.0489621665468478,1.9517153182473894,0.0,0.0,0.023993287715656172
0.0,0.46957092690574126,2.44667831936749,0.0,0.0,0.021769863803713468
0.0,0.3972531479413723,2.672692874048989,0.0,0.0,0.019942479836916945
0.0,0.06566581681702006,2.431315048369231,0.0,0.0019099051084106849,0.023982065841974723
0.0,0.0,2.1160310938409017,0.0,0.0,0.02060718617492468
0.0,0.24264263665486263,2.101849556237453,0.0,0.0,0.016811856122404926
0.0,0.6793023166141565,2.379823681602928,0.0,0.0,0.019487253910133055
0.0,0.7746899808943313,2.22933053876055,0.0,0.0,0.021958539051391952
0.0,0.8030537227395884,1.5453417812853854,0.0,0.0,0.017008380196885553
0.0,1.136743305350732,1.6913254633903783,0.0,0.0,0.017701561870761048
0.0,1.2551054038299263,2.0084036264886,0.00025585440532747874,0.0,0.022720809415298422
0.0,1.2642668025170294,1.480615112089856,0.0,0.0,0.02001587079867888
0.0,1.2935892352910887,1.2940585322571767,0.0,0.0,0.020824028675401392
0.0,1.6282508620082854,1.624701794875449,0.0014419153751579427,0.0,0.017690849194978275
0.0,1.2457648825632874,1.6589824834113458,0.0,0.0,0.02313609788328029
0.0,0.2953133631808529,0.9182727900111622,0.0,0.0,0.020518565587077216
0.0,0.7221454044097568,1.078287766058254,0.0,0.0,0.024521004347951354
0.0,0.7926752612143447,1.303231458631788,0.0,0.0,0.024485418993711466
0.0,0.5936246404817881,0.9788552718314456,0.0,0.0,0.02758586645568707
0.0,0.4467574255835437,0.8915972370543909,0.0,0.0,0.02373396650346525
0.0,0.3631537127300898,1.1418071299127113,0.0,0.0,0.025634418367559204
0.0,0.1776475346344363,1.1033860439739787,0.0,0.0,0.02689541183713749
0.0,0.17917667042949076,1.168953357007701,0.0,0.0,0.02421927745442297
0.0,0.19255165116859962,1.122318177602056,0.0,0.0,0.021440198843574
0.0,0.059149025002163146,1.289321169855931,0.0,0.0,0.024952768366460147
0.0,0.2551401432289434,1.17575420172377,0.0,0.0,0.022723101146488373
0.0,0.36062780375412556,0.992994719050105,0.0,0.0,0.020011795342405193
0.0,0.7143554362696252,1.1666415123277343,0.0,0.0,0.024056767275921404
0.0,0.4430855837875007,1.0569876048058147,0.0,0.0,0.022774409968449948
0.0,0.326485324906382,0.5804946614318258,0.0,0.0,0.0257838959359389
0.0,0.3358377285377025,0.787502253456016,0.0,0.0,0.02033165199767828
0.0,0.50423882867955,0.9523846400422158,0.0,0.0,0.027871853079532875
0.0,0.26513976446119925,0.905216706708656,0.0,0.0,0.02783547680620016
0.0,0.06983327508392584,0.7723538080852844,0.0,0.0,0.02436387957268151
0.0,0.0,1.0470452922165379,0.0,0.0,0.021530958570797253
0.0,0.0,1.2329658594382393,0.0,0.0,0.02308759366758913
0.0,0.0,0.8303675696312751,-0.011692844380381495,0.0,0.02155391367523154
0.0,0.0,0.7910515851224553,-0.009812708714856908,0.0,0.020611709903512056
0.0,0.0,0.9266374300210071,-0.00389682006670018,0.0,0.01781028636428254
0.0,0.0,1.022568099178182,0.0,0.0,0.022860487528815664
0.0,0.0,0.8177705501752343,0.0,0.0,0.02049333837580084
0.0,0.0770465671583262,0.5780723169462535,0.0,0.0,0.018713239024042212
0.0,0.2733740297979109,0.8050668034385845,0.0,0.0,0.02048490086412608
0.0,0.2337041099411652,0.7595663021113044,0.0,0.0,0.022239359516166877
0.0,0.17787862738396334,0.4122660556889122,0.0,0.0,0.018631122808542122
0.0,0.06964131027935049,0.2879453999423457,0.0,0.0,0.015957086842533268
0.0,0.29874091169478223,0.38506608218141397,0.0,0.0,0.021272631191230552
0.0,0.6558309652022178,0.5942221277878443,0.0,0.0,0.021095401592120304
0.0,0.38411254594512295,0.3437546600377858,0.0,0.0,0.01807814922642911
0.0,0.31803959362339174,0.3281218459151155,0.0,0.0,0.015236964803787409
0.0,0.26322420333313523,0.522912638829919,0.0,0.0,0.016455487031683064
0.0,0.18843761731578756,0.5577906470540043,0.0,0.0,0.016606372128651205
0.0,0.0,0.6314888803510421,-0.006762071357469856,0.0,0.014580792969685587
0.0,0.0,0.24565845739878647,-0.018943682511561647,0.0,0.01524552219865242
0.0,0.0,0.46835908442141505,-0.0069946496274614425,0.0,0.016856408615501365
0.0,0.0,0.6062980281578035,0.0,0.0,0.018213584161754667
0.0,0.001945168238545137,0.517166270822077,-0.0012541913492148352,0.0,0.01652222703780718
0.0,0.0,0.2046824025730481,-0.0016686735673444887,0.0,0.012473785475185076
0.0,0.24294851197704284,0.48178049569693737,0.0,0.0,0.01043203273474431
0.0,0.40300458664397487,0.6107089595729056,0.0,0.0,0.008406404311922605
0.0,0.003680836929006432,0.3715412504876019,0.0,0.0,0.010652726316562718
0.0,0.0,0.2981153089581528,-0.0013709348346152995,0.0,0.007617532360882378
0.0,0.0,0.4900324804282651,-0.0009374424905089169,0.0,0.006597327310108761
0.0,0.012676207928537376,0.5563183132450692,0.0,0.0,0.00808526478987021
0.0,0.0,0.5379868655049346,-0.009101755170200279,0.0,0.005870318748770446
0.0,0.0,0.3829963510326338,-0.022850653541365062,0.0036530588604288755,0.003228008496841393
0.0,0.0,0.4068287841823642,-0.0142332255144422,0.0,0.0023490667430005963
0.0,0.0,0.4734945766311228,-0.014481631799182127,0.0,0.002982358645140861
0.0,0.0,0.3773619182563273,-0.010308115418131304,0.0004610633172195164,0.003923396111129349
0.0,0.0,0.12095213548970547,-0.013405439842959752,0.0,0.001976987489661684
0.0,0.0,0.40032814408572026,0.0,0.0,0.0023904271312156036
0.0,0.11296695459462232,0.437034294949049,0.0,0.0,0.0029858722964582196
0.0,0.015008734822585556,0.38740338710556493,0.0,0.0,0.0016457632957932555
0.0,0.0,0.47953964168194474,0.0,0.0,0.0
0.0,0.0,0.36642800256168506,-0.0015215976893860844,0.0,0.0
0.0,0.0,0.4170233217149112,-0.002397626737371833,0.0,0.0006232458028760175
0.0,0.0,0.5882782135121186,-0.0002412814939884047,0.0,0.0
0.0,0.0,0.294037570362936,-0.0206917057173916,0.0,0.0
0.0,0.0,0.20612126044419238,-0.025689984434825335,0.0,0.0
0.0,0.0,0.2691948656842107,-0.01669954037192979,0.0,0.0
0.0,0.0,0.29266617422125635,-0.0019514153535083948,0.0,0.0
0.0,0.0,0.2537919608819995,-0.0010564334063157478,0.0,0.0
0.0,0.0,0.0983139578943806,-0.0029697172939461306,0.0,0.00022522407082985378
0.0,0.0,0.07493362102293204,-0.004883749959831677,0.0,0.0010508948819885826
0.0,0.0,0.22951411060828758,-0.00209442250829233,0.0,0.0
0.0,0.0,0.19180345446589606,-0.006285195996352475,0.0,0.0
0.0,0.0,0.0978564285260449,-0.01251036926239762,0.0,0.0
0.0,0.0,0.18195212736767416,-0.011334627196571261,0.0,0.0
0.0,0.0,0.1400262981751896,-0.011753918292303019,0.0,0.0
0.0,0.0,0.3057381600969221,-0.010456901500937806,0.0,0.0
0.0,0.0,0.3595644310902398,-0.009519682910707681,0.0,0.0
0.0,0.0,0.30587530452714506,-0.016316713652386818,0.0,0.0
0.0,0.0,0.4121526213159343,-0.015742167070063814,0.0,0.0
0.0,0.0,0.4131756383773326,-0.013235632073997439,0.0,0.0
0.0,0.0,0.2902854651271233,-0.018245666042175264,0.0,0.0
0.0,0.0,0.31432209655149357,-0.01461341387153391,0.0,0.0
0.0,0.0,0.347134163161405,-0.013568028505726314,0.0,0.0
0.0,0.0,0.2526218805582178,-0.013174845326559294,0.0,0.0
0.0,0.0,0.20828127797212495,-0.01582034850485358,0.0,0.0
0.0,0.0,0.12579270304588858,-0.016430329163095805,0.0,0.0
0.0,0.0,0.1673075957093395,-0.0068024700981341585,0.0,0.0
0.0,0.0,0.2192932261518119,0.0,0.0,0.0
0.0,0.0,0.08936282115019381,-0.006717523322621699,0.0,0.0
0.0,0.0,0.0384211626885759,-0.009733384203774422,0.0,0.0
0.0,0.0,0.040704659743901375,-0.0065678445258218225,0.0,0.0
0.0,0.0,0.015526910213284858,-0.007485126162716174,0.0,0.0
0.0,0.0,0.0786812786106501,-0.004958593041037006,0.0,0.0
0.0,0.0,0.04169423715888658,-0.009699091915211679,0.0,0.0
0.0,0.0,0.0,-0.016671140305966243,0.0,0.0
0.0,0.0,0.0,-0.01961526366936044,0.0,0.0
0.0,0.0,0.0,-0.02510191449474063,0.0,0.0
0.0,0.0,0.0,-0.02395963351758772,0.0,0.0
0.0,0.0,0.0,-0.01243390385424791,0.0,0.0
0.0,0.0,0.0,-0.015365444082644522,0.0,0.0
0.0,0.0,0.0,-0.015124485352958572,0.0,0.0
0.0,0.0,0.008120263257163307,-0.011820189434837695,0.0,0.0
0.0,0.0,0.012434318206558184,-0.011419498847016651,0.0,0.0
0.0,0.0,0.0,-0.020693942627073848,0.0,0.0
0.0,0.0,0.0,-0.028684198052160187,0.0,0.0
0.0,0.0,0.013387602168967432,-0.028959831081751368,0.0,0.0
0.0,0.0,0.0,-0.033740588137353346,0.0,0.0
0.0,0.0,0.0,-0.021264359469806465,0.0,0.0
0.0,0.0,0.10837348296554775,-0.012667312798042526,0.0,0.0
0.0,0.0,0.15105079002812483,-0.007431697622029128,0.0,0.0
0.0,0.0,0.0,-0.017579013314046227,0.0,0.0
0.0,0.0,0.06742593386106696,-0.026369518141655723,0.0,0.0
0.0,0.0,0.014469611705115015,-0.025402304386826842,0.0,0.0
0.0,0.0,0.0,-0.03141172066578536,0.0,0.0
0.0,0.0,0.0,-0.024714008140053742,0.0,0.0
0.0,0.0,0.0,-0.015818422316649514,0.0,0.0
0.0,0.0,0.0,-0.022199347029287414,0.0,0.0
0.0,0.0,0.0,-0.02186080417925779,0.0,0.0
0.0,0.0,0.0,-0.017936383281415464,0.0,0.0
0.0,0.0,0.0,-0.016859649917121706,0.0,0.0
0.0,0.0,0.0,-0.011452641857805894,0.0,0.0
0.0,0.0,0.0,-0.006685950360679307,0.0,0.0
0.0,0.0,0.0,-0.0166455491745868,0.0,0.0
0.0,0.0,0.0,-0.02869515964287713,0.0,0.0
0.0,0.0,0.0,-0.027242122944327558,0.0,0.0
0.0,0.0,0.0,-0.024112933892414565,0.0,0.0
0.0,0.0,0.0,-0.018348291981485004,0.0,0.0
0.0,0.0,0.0,-0.01800671187103648,0.0,0.0
0.0,0.0,0.0,-0.024287311069504467,0.0,0.0
0.0,0.0,0.0,-0.029772457725174766,0.0,0.0
0.0,0.0,0.0,-0.031480850344072546,0.0,0.0
0.0,0.0,0.0,-0.0277598648440572,0.0010066248117335103,0.0
0.0,0.0,0.0,-0.034648741597128684,0.0017287461532155535,0.0
0.0,0.0,0.0,-0.034735186005586796,0.0,0.0
0.0,0.0,0.0,-0.022638154291419167,0.0,0.0
0.0,0.0,0.0,-0.015645946696121887,0.0,0.0
0.0,0.0,0.0,-0.02083706129448983,0.0,0.0
0.0,0.0,0.0,-0.02184448406384337,0.0,0.0
0.0,0.0,0.0,-0.01610430391335154,0.0,0.0
0.0,0.0,0.0,-0.017748916816158818,0.0,0.0
0.0,0.0,0.0,-0.016525161700684108,0.0,0.0
0.0,0.0,0.0,-0.014200847220254081,0.0,0.0
0.0,0.0,0.0,-0.002328170074738926,0.0,0.0
0.0,0.0,0.0,-0.006594158740700094,0.0,0.0
0.0,0.0,0.0,-0.014182959126240634,0.0,0.0
0.0,0.0,0.0,-0.019678381003871103,0.0,0.0
0.0,0.0,0.0,-0.012695595662824005,0.0,0.0
0.0,0.0,0.0,-0.017457470645461482,0.0,0.0
0.0,0.0,0.0,-0.022806645829237672,0.0,0.0
0.0,0.0,0.0,-0.02416074212204983,0.0,0.0
0.0,0.0,0.0,-0.018753401339975394,0.0,0.0
0.0,0.0,0.0,-0.010936997276844548,0.0,0.0
0.0,0.0,0.0,-0.014219743168298113,0.0,0.0
0.0,0.0,0.0,-0.011503913959497625,0.0,0.0
0.0,0.0,0.0,-0.011536211225759877,0.0,0.0
0.0,0.0,0.0,-0.01318785426423123,0.0,0.0
0.0,0.0,0.0,-0.010661419343662177,0.0,0.0
0.0,0.0,0.0,-0.009199024012179011,0.0,0.0
0.0,0.0,0.0,-0.0037769787502932154,0.0,0.0
0.0,0.0,0.0,-0.003616578912509287,0.0,0.0
0.0,0.0,0.0,-0.003616578912509287,0.0,0.0
0.0,0.0,0.0,-0.020740625712046525,0.0,0.0
0.0,0.0,0.0,-0.02680735565556691,0.0,0.0
0.0,0.0,0.0,-0.025073250980664458,0.0,0.0
0.0,0.0,0.0,-0.018155177416644602,0.0,0.0
0.0,0.0,0.0,-0.010244861863919683,0.0,0.0
0.0,0.0,0.0,-0.014612408017149891,0.0,0.0
0.0,0.0,0.0,-0.021425759734083043,0.0,0.0
0.0,0.0,0.0,-0.02621485008562253,0.0,0.0
0.0,0.0,0.0,-0.032329528466234145,0.0,0.0
0.0,0.0,0.0,-0.03550339124798146,0.0,0.0
0.0,0.0,0.0,-0.026904922293188034,0.0,0.0
0.0,0.0,0.0,-0.018802989338589576,0.0,0.0
0.0,0.0,0.0,-0.008578667605209712,0.0,0.0
0.0,0.0,0.0,-0.003074023919516137,0.0,0.0
0.0,0.0,0.0,-0.0005076140288220773,0.0,0.0
0.0,0.0,0.0,-0.006116555988446177,0.0,0.0
0.0,0.0,0.0,-0.020137492004296348,0.0,0.0
0.0,0.0,0.0,-0.01956617481134843,0.0,0.0
0.0,0.0,0.0,-0.018246104510879546,0.0,0.0
0.0,0.0,0.0,-0.008109289554287236,0.0,0.0
0.0,0.0,0.0,-0.001161944890725484,0.0,0.0
0,0,0,0,0,0
0,0,0,0,0,0
0.0,0.0,0.0,-0.006297744152334359,0.0,0.0
0.0,0.0,0.0,-0.011891194889700703,0.0,0.0
0.0,0.0,0.0,-0.023438817236532322,0.0,0.0
0.0,0.0,0.0,-0.02608660960943205,0.0,0.0
0.0,0.0,0.0,-0.025039670556790884,0.0,0.0
0.0,0.0,0.0,-0.014267871303577633,0.0,0.0
0.0,0.0,0.0,-0.007006469229721922,0.0,0.0
0.0,0.0,0.0,-0.00471856569483404,0.0,0.0
0.0,0.0,0.0,-0.004096253567895923,0.0,0.0
0.0,0.0,0.0,-0.009216664580871848,0.0,0.0
0.0,0.0,0.0,-0.016104912031647173,0.0,0.0
0.0,0.0,0.0,-0.02096031581716861,0.0,0.0
0.0,0.0,0.0,-0.03225687366540031,0.0,0.0
0.0,0.0,0.0,-0.04145941231058987,0.0003716969438110402,0.0
0.0,0.0,0.0,-0.03105885997875043,0.0,0.0
0.0,0.0,0.0,-0.02364525594265312,0.0,0.0
0.0,0.0,0.0,-0.014069238620768998,0.0,0.0
0.0,0.0,0.0,-0.004437915457261438,0.0,0.0
0.0,0.0,0.0,-0.009614030416415769,0.0,0.0
0.0,0.0,0.0,-0.010019855746160936,0.0,0.0
0.0,0.0,0.0,-0.013346766431607851,0.0,0.0
0.0,0.0,0.0,-0.015617055824532424,0.0,0.0
0.0,0.0,0.0,-0.01689959175027112,0.0,0.0
0.0,0.0,0.0,-0.014973815846250732,0.0,0.0
0.0,0.0,0.0,-0.009301833023637757,0.0,0.0
0.0,0.0,0.0,-0.005387110586728168,0.0,0.0
0.0,0.0,0.0,-0.0025008433514311776,0.0,0.0
0.0,0.0,0.0,-0.0034437245313799123,0.0,0.0
0.0,0.0,0.0,-0.0005529490735803374,0.0,0.0
0.0,0.0,0.0,-0.01035022948839685,0.0,0.0
0.0,0.0,0.0,-0.021670146917870933,0.0,0.0
0.0,0.0,0.0,-0.02570908783962464,0.0,0.0
0.0,0.0,0.0,-0.022616631170218594,0.0,0.0
0.0,0.0,0.0,-0.014767918414129777,0.0,0.0
0.0,0.0,0.0,-0.009482361218822946,0.0,0.0
0.0,0.0,0.0,-0.009752933102235689,0.0,0.0
0.0,0.0,0.0,-0.009389003866358625,0.0,0.0
0.0,0.0,0.0,-0.005174572869166853,0.0,0.0
0.0,0.0,0.0,-0.00879338574532688,0.0,0.0
0.0,0.0,0.0,-0.008648259287251967,0.0,0.0
0.0,0.0,0.0,-0.003961205474106829,0.0,0.0
0.0,0.0,0.0,-0.0040017451664087645,0.0,0.0
0.0,0.0,0.0,-0.006784995224295942,0.0,0.0
0.0,0.0,0.0,-0.005675584561195261,0.0,0.0
0.0,0.0,0.0,-0.0010052597745301064,0.0,0.0
0.0,0.0,0.0,-0.0021434747563470777,0.0,0.0
0.0,0.0,0.0,-0.006345725943715475,0.0,0.0
0.0,0.0,0.0,-0.010295044516763862,0.0,0.0
0.0,0.0,0.0,-0.013831595431269689,0.0,0.0
0.0,0.0,0.0,-0.016620596159200585,0.0,0.0
0.0,0.0,0.0,-0.0028528659288746564,0.0,0.0
0.0,0.0,0.0,-0.000451049431439033,0.0,0.0
0,0,0,0,0,0
0,0,0,0,0,0
0.0,0.0,0.0,-0.0028048082678829326,0.0,0.0
0.0,0.0,0.0,-0.003140106545110317,0.0,0.0
0.0,0.0,0.0,-0.010559137021725862,0.0,0.0
0.0,0.0,0.0,-0.008379120796328373,0.0,0.0
0.0,0.0,0.0,-0.004179680516392993,0.0,0.0
0.0,0.0,0.0,-0.002063214011257984,0.0,0.0
0.0,0.0,0.0,-0.0005051180776672069,0.0,0.0
0,0,0,0,0,0
0,0,0,0,0,0
0.0,0.0,0.0,-0.0049360262923695344,0.0,0.0
0.0,0.0,0.0,-0.005096289996643752,0.0,0.0
0.0,0.0,0.0,-0.006251652779589989,0.0,0.0
0.0,0.0,0.0,-0.005325689094448849,0.0,0.0
0.0,0.0,0.0,-0.002952466679001657,0.0,0.0
0,0,0,0,0,0
0.0,0.0,0.0,-0.001050760393312323,0.0,0.0
0.0,0.0,0.0,-0.0037217336905138758,0.0,0.0
0.0,0.0,0.0,-0.002665797415223982,0.0,0.0
0.0,0.0,0.0,-0.003451321874711741,0.0,0.0
0.0,0.0,0.0,-0.007144491645801827,0.0,0.0
0.0,0.0,0.0,-0.005626582069828943,0.0,0.0
0.0,0.0,0.0,-0.0071371430317321155,0.0,0.0
0.0,0.0,0.0,-0.005430469547115728,0.0,0.0
0.0,0.0,0.0,-0.002592502413243014,0.0,0.0
0.0,0.0,0.0,-0.003525239423068087,0.0,0.0
0.0,0.0,0.0,-0.005324471848541468,0.0,0.0
0.0,0.0,0.0,-0.0073121349879725584,0.0,0.0
0.0,0.0,0.0,-0.007461414020049363,0.0,0.0
0.0,0.0,0.0,-0.0066092412886495965,0.0,0.0
0.0,0.0,0.0,-0.00422216727904248,0.0,0.0
0.0,0.0,0.0,-0.0028495112667068965,0.0,0.0
0,0,0,0,0,0
0.0,0.0,0.0,-0.001603729350760973,0.0,0.0
0.0,0.0,0.0,-0.002721812251366406,0.0,0.0
0.0,0.0,0.0,-0.004894732961489966,0.0,0.0
0.0,0.0,0.0,-0.005639146757131329,0.0,0.0
0.0,0.0,0.0,-0.005738191059069063,0.0,0.0
0.0,0.0,0.0,-0.0021819913809754572,0.0,0.0
0.0,0.0,0.0,-0.0032237270224445913,0.0,0.0
0,0,0,0,0,0
0,0,0,0,0,0
0,0,0,0,0,0
0,0,0,0,0,0
0,0,0,0,0,0
0,0,0,0,0,0
0,0,0,0,0,0
0,0,0,0,0,0
0,0,0,0,0,0
0,0,0,0,0,0
0.0,0.0,0.0,-0.002842556919420391,0.0,0.0
0.0,0.0,0.0,-0.002842556919420391,0.0,0.0
0,0,0,0,0,0
0,0,0,0,0,0
0,0,0,0,0,0
0,0,0,0,0,0
0,0,0,0,0,0
0,0,0,0,0,0
0,0,0,0,0,0
0.0,0.0,0.0,-0.0008621946815077538,0.0,0.0
0,0,0,0,0,0
0,0,0,0,0,0
0,0,0,0,0,0
0,0,0,0,0,0
0,0,0,0,0,0
0,0,0,0,0,0
0,0,0,0,0,0
0,0,0,0,0,0
0,0,0,0,0,0
0.0,0.0,0.0,-0.0010024269822180335,0.0,0.0
0.0,0.0,0.0,-0.001502722038404136,0.0,0.0
0,0,0,0,0,0
0.0,0.0,-0.05997132026985687,0.0,0.0,0.0
0.0,0.0,-0.07043501199991312,0.0,0.0,0.0
0.0,0.0,-0.06739953859783204,0.0,0.0,0.0
0.0,0.0,-0.1151398571652926,0.0,0.0,0.0
0.0,0.0,-0.20087076069830528,0.0,0.0,0.0
0.0,0.0,-0.2740579319785993,0.0,0.0,0.0
0.0,0.0,-0.2515826414897158,0.0,0.0,0.0
0.0,0.0,-0.3410975989875543,0.0,0.0,0.0
0.0,0.0,-0.2849291623460585,0.0,0.0,0.0
0.0,0.0,-0.2863681224665552,0.0,0.0,0.0
0.0,0.0,-0.3002397161532967,0.0,0.0,0.0
0.0,0.0,-0.3532938491050318,0.0,0.0,0.0
0.0,0.0,-0.23483320519879242,-0.0003874551967326704,0.0,0.0
0.0,0.0,-0.24357031206587215,-0.003565801279049637,0.0,0.0
0.0,0.0,-0.12786513087186363,-0.004646132381055182,0.0,0.0
0.0,0.0,-0.16153097011982948,-0.0005948154334959646,0.0,0.0
0.0,0.0,-0.17322244881758264,-0.002948139710214968,0.0,0.0
0.0,0.0,-0.14210350304336694,-0.0018262806036524533,0.0,0.0
0.0,0.0,-0.1585755614991842,-0.0039830016852838825,0.0,0.0
0.0,0.0,-0.20019649615935226,-0.0010472362813070558,0.0,0.0
0.0,0.0,-0.20869064361135425,-0.0005053471995758398,0.0,0.0
0.0,0.0,-0.18142576822793735,-0.0014989067021982608,0.0,0.0
0.0,0.0,-0.2606362029818715,0.0,0.0,0.0
0.0,0.0,-0.33616581024653003,-0.002229193721389356,0.0,0.0
0.0,0.0,-0.3957967459606233,0.0,0.0,0.0
0.0,0.0,-0.3435368502078325,0.0,0.0,0.0
0.0,0.0,-0.36362236684464144,0.0,0.0,0.0
0.0,0.0,-0.36627801029990226,-0.0004759650235681654,0.0,0.0
0.0,0.0,-0.30812383370629604,-0.0013485956350896763,0.0,0.0
0.0,0.0,-0.24103039036060778,-0.0016743704601233623,0.0,0.0
0.0,0.0,-0.25008741077733987,-0.0044279521762649226,0.0,0.0
0.0,0.0,-0.26506469519683834,-0.010859495392691713,0.0,0.0
0.0,0.0,-0.1683361778786024,-0.009556932181642105,0.0,0.0
0.0,0.0,-0.06603445682310241,-0.012730528031496218,0.0,0.0
0.0,0.0,-0.0025094421844776343,-0.010019924605910113,0.0,0.0
0.0,0.0,-0.026581574886974733,-0.011429983901947143,0.0,0.0
0.0,0.0,0.0,-0.008268175374206007,0.0,0.0
0.0,0.0,-0.0946325114930305,-0.0037003129885827503,0.0,0.0
0.0,0.0,-0.037050823962678205,-0.005246906077316411,0.0,0.0
0.0,0.0,-0.11338572221799778,-0.003043122113757832,0.0,0.0
0.0,0.0,-0.012322339319627697,-0.0034929537205752132,0.0,0.0
0.0,0.0,-0.019015662375715746,-0.002633534979228897,0.0,0.0
0.0,0.0,-0.1771957542711044,-0.0016453484053733712,0.0,0.0
0.0,0.0,-0.06266574320222776,-0.001312371191273291,0.0,0.0
0.0,0.0,-0.10403223535098158,-0.0007208177562416547,0.0,0.0
0.0,0.0,-0.25558282246005926,-0.0011996874997934818,0.0,0.0
0.0,0.0,-0.19799601267551997,-7.491009900412245e-05,0.0,0.0
0.0,0.0,-0.12248382948750798,-0.004199775870815383,0.0,0.0
0.0,0.0,-0.22439268211571212,0.0,0.0,0.0
0.0,0.0,-0.20535616048557181,-0.0033274152006440975,0.0,0.0
0.0,0.0,-0.15000992167863939,-0.0012842249917470918,0.0,0.0
0.0,0.0,-0.27596187409798867,-0.005632634747956696,0.0,0.0
0.0,0.0,-0.11362744410037424,-0.004957303316761469,0.0,0.0
0.0,0.0,-0.13503222492548153,-0.0065870069137631115,0.0,0.0
0.0,0.0,-0.11937222365353076,-0.0025750174025270635,0.0,0.0
0.0,0.0,-0.17562124276745933,-0.00686204077293445,0.0,0.0
0.0,0.0,-0.14234733043498504,-0.005884602262865093,0.0,0.0
0.0,0.0,-0.17738142926706132,-0.006253135952842601,0.0,0.0
0.0,0.0,-0.16591701302395792,-0.007292562190780852,0.0,0.0
0.0,0.0,-0.1027654469130437,-0.004110520048473864,0.0,0.0
0.0,0.0,-0.2848359210576956,-0.0012269245256941643,0.0,0.0
0.0,0.0,-0.17773169424817098,-0.002427936604416032,0.0,0.0
0.0,0.0,-0.13965565632745494,0.0,0.0,0.0
0.0,0.0,-0.20439358228754606,0.0,0.0,0.0
0.0,0.0,-0.14803957959120886,0.0,0.0,0.0
0.0,0.0,-0.24275328518724715,-0.00016577442847426783,0.0,0.0
0.0,0.0,-0.2121361507620434,0.0,0.0,0.0
0.0,0.0,-0.2121177558144473,0.0,0.0,0.0
0.0,0.0,-0.25454419085238517,0.0,0.0,0.0
0.0,0.0,-0.25922256062479554,0.0,0.0,0.0
0.0,0.0,-0.20085014055932407,-0.0002371053841253009,0.0,0.0
0.0,0.0,-0.1904211073915719,0.0,0.0,0.0
0.0,0.0,-0.24241467523460644,-0.003723117329668453,0.0,0.0
0.0,0.0,-0.16889483117215323,-0.004711062226091046,0.0,0.0
0.0,0.0,-0.15749316891663234,-0.005286141438275766,0.0,0.0
0.0,0.0,-0.12030490216399403,-0.0044149265378576425,0.0,0.0
0.0,0.0,-0.08397603255036551,-0.006114031352631978,0.0,0.0
0.0,0.0,-0.24360848818990283,-0.010295445397720612,0.0,0.0
0.0,0.0,-0.16541399833263326,-0.00865450097415373,0.0,0.0
0.0,0.0,-0.17841235081428314,-0.008835821891836853,0.0,0.0
0.0,0.0,-0.24416443690649864,-0.00977452754340084,0.0,0.0
0.0,0.0,-0.2604913400853117,-0.008821518802295378,0.0,0.0
0.0,0.0,-0.25031308684922254,-0.006476711250133318,0.0,0.0
0.0,0.0,-0.22174362173460285,-0.0020887162416562176,0.0,0.0
0.0,0.0,-0.1573249293445166,-0.008203897591891976,0.0,0.0
0.0,0.0,-0.21410517089879164,-0.0077035872435896645,0.0,0.0
0.0,0.0,-0.20722421650566827,-0.0049159170208116516,0.0,0.0
0.0,0.0,-0.20093946044604177,-0.004060471980777379,0.0,0.0
0.0,0.0,-0.251111706896045,-0.006561207034273965,0.0,0.0
0.0,0.0,-0.24825971456238186,-0.004790113570332209,0.0,0.0
0.0,0.0,-0.2824545212033914,-0.004881516678725627,0.0,0.0
0.0,0.0,-0.24378883993559267,-0.004467991289995453,0.0,0.0
0.0,0.0,-0.23701667046064773,-0.0040856835639589825,0.0,0.0
0.0,0.0,-0.2760012906119125,-0.003995980263807743,0.0,0.0
0.0,0.0,-0.1957457377079031,-0.004882060123817726,0.0,0.0
0.0,0.0,-0.2788454354669881,-0.007725661662098857,0.0,0.0
0.0,0.0,-0.3331148709997963,-0.008741099252479742,0.0,0.0
0.0,0.0,-0.38177543874790654,-0.008170791691186906,0.0,0.0
0.0,0.0,-0.27209671826512866,-0.009437908100598875,0.0,0.0
0.0,0.0,-0.2958291287850632,-0.00748448812178609,0.0,0.0
0.0,0.0,-0.2791385118506399,-0.009661424415036859,0.0,0.0
0.0,0.0,-0.34046600686496775,-0.008099606146603447,0.0,0.0
0.0,0.0,-0.26843899184185555,-0.012001744873232745,0.0,0.0
0.0,0.0,-0.2626682088737529,-0.013029786635312873,0.0,0.0
0.0,0.0,-0.3551857552774102,-0.008147114877503615,0.0,0.0
0.0,0.0,-0.35010887760465986,-0.007707289859501707,0.0,0.0
0.0,0.0,-0.38416835041383435,-0.009902799346131518,0.0,0.0
0.0,0.0,-0.5393694223011711,-0.011399242536129525,0.0,0.0
0.0,0.0,-0.3991241490770097,-0.011836483294334193,0.0,0.0
0.0,0.0,-0.3777201596432389,-0.011192351817762295,0.0,0.0
0.0,0.0,-0.29596232006487033,-0.012871039138901447,0.0,0.0
0.0,0.0,-0.3359365627168912,-0.0121932713482881,0.0,0.0
0.0,0.0,-0.348670343204237,-0.015794945480713758,0.0,0.0
0.0,0.0,-0.3677433633449943,-0.016457568876930367,0.0,0.0
0.0,0.0,-0.26338673636389526,-0.012730881852704375,0.0,0.0
0.0,0.0,-0.28821070214623856,-0.012424378073918522,0.0,0.0
0.0,0.0,-0.3899045348472859,-0.006423662659254643,0.0,0.0
0.0,0.0,-0.36275833285408426,-0.009159844054440466,0.0,0.0
0.0,0.0,-0.34675352340149934,-0.006814783878398555,0.0,0.0
0.0,0.0,-0.3393290253554028,-0.009452800359297757,0.0,0.0
0.0,0.0,-0.3990527903211134,-0.007905551179806795,0.0,0.0
0.0,0.0,-0.37122003045746227,-0.005762715329440346,0.0,0.0
0.0,0.0,-0.34253470343675874,-0.011427536154660523,0.0,0.0
0.0,0.0,-0.4166173029952961,-0.012009897508353422,0.0,0.0
0.0,0.0,-0.2885986174674029,-0.008925599348935985,0.0,0.0
0.0,0.0,-0.45462448330157673,-0.007149745028787273,0.0,0.0
0.0,0.0,-0.3764264182502099,-0.007709483242818368,0.0,0.0
0.0,0.0,-0.4573043662273995,-0.004340050462149086,0.0,0.0
0.0,0.0,-0.3226350358041802,-0.0046950884193193276,0.0,0.0
0.0,0.0,-0.34853197916156864,-0.00594896822890317,0.0,0.0
0.0,0.0,-0.30319425178946957,-0.004807365478030555,0.0,0.0
0.0,0.0,-0.3709170605179638,-0.008066030261720921,0.0,0.0
0.0,0.0,-0.3557000657450982,-0.011908682741048438,0.0,0.0
0.0,0.0,-0.3747858238354474,-0.005398152150102384,0.0,0.0
0.0,0.0,-0.3918627754166878,-0.005759918685271505,0.0,0.0
0.0,0.0,-0.3692066617243669,-0.0033098075217429675,0.0,0.0
0.0,0.0,-0.2877935121997926,-0.0035506706646587934,0.0,0.0
0.0,0.0,-0.35374354722341633,-0.004522931509017646,0.0,0.0
0.0,0.0,-0.4407858022775687,-0.003846930756522882,0.0,0.0
0.0,0.0,-0.4197798453636999,-0.004008358420535761,0.0,0.0
0.0,0.0,-0.4417728860558869,-0.0035581392363273497,0.0,0.0
0.0,0.0,-0.43199968792676213,-0.0066528671436842605,0.0,0.0
0.0,0.0,-0.4901704602482231,-0.0045618832183209595,0.0,0.0
0.0,0.0,-0.5130388442035771,-0.006594009726810554,0.0,0.0
0.0,0.0,-0.49516556052369454,-0.00290196700820881,0.0,0.0
0.0,0.0,-0.5198817773019159,-0.005473062194574295,0.0,0.0
0.0,0.0,-0.5447366546384164,-0.0024097648247243765,0.0,0.0
0.0,0.0,-0.42045848684468135,-0.002281959139815965,0.0,0.0
0.0,0.0,-0.3736493363965814,-0.0018855638054222673,0.0,0.0
0.0,0.0,-0.47582555972380003,-0.0015743428314432268,0.0,0.0
0.0,0.0,-0.3863958402170705,-0.00217355683512812,0.0,0.0
0.0,0.0,-0.39851038607939165,-0.002765923349538289,0.0,0.0
0.0,0.0,-0.43531299683143193,-0.0003666048654077165,0.0,0.0
0.0,0.0,-0.3653640880832001,-0.0009993208801994898,0.0,0.0
0.0,0.0,-0.4780431919670571,-0.0027859184560609087,0.0,0.0
0.0,0.0,-0.5124980256915113,0.0,0.0,0.0
0.0,0.0,-0.48394510039116023,0.0,0.0,0.0
0.0,0.0,-0.405477924901316,-5.029320416029303e-05,0.0,0.0
0.0,0.0,-0.422082011270806,-0.0015391867254495619,0.0,0.0
0.0,0.0,-0.4739362767195897,-0.0026479870803103166,0.0,0.0
0.0,0.0,-0.5419510614621922,-0.001634366687330635,0.0,0.0
0.0,0.0,-0.507168829132458,-0.0020213283230392414,0.0,0.0
0.0,0.0,-0.48349674402007414,-0.0009942894005962417,0.0,0.0
0.0,0.0,-0.4793473869193484,-1.59373250656868e-05,0.0,0.0
0.0,0.0,-0.4965777880011283,-0.0032787007110213436,0.0,0.0
0.0,0.0,-0.46777609482065385,0.0,0.0,0.0
0.0,0.0,-0.404699293506948,-0.002087268860436887,0.0,0.0
0.0,0.0,-0.3274530737485321,-0.0029319697231455872,0.0,0.0
0.0,0.0,-0.47657445437225177,-0.0003105072036686674,0.0,0.0
0.0,0.0,-0.41423699415241566,-0.0038748519483635347,0.0,0.0
0.0,0.0,-0.4020325908252588,-0.0036883503601451233,0.0,0.0
0.0,0.0,-0.31032909557540284,-0.0009583525430511576,0.0,0.0
0.0,0.0,-0.4417011614379264,-0.0015165398877266523,0.0,0.0
0.0,0.0,-0.4767668183812859,-0.0012167544492926864,0.0,0.0
0.0,0.0,-0.5718579586295319,-0.0013466791726037583,0.0,0.0
0.0,0.0,-0.42719567448890333,-0.0016677624834921206,0.0,0.0
0.0,0.0,-0.43826119856070866,-0.0005539379356600319,0.0,0.0
0.0,0.0,-0.3542960411813604,-0.0023486621576753195,0.0,0.0
0.0,0.0,-0.5103729753843015,-0.003587263687546481,0.0,0.0
0.0,0.0,-0.3939181678225906,-0.0009529057451690455,0.0,0.0
0.0,0.0,-0.5835555088038846,-0.001775886256894118,0.0,0.0
0.0,0.0,-0.4011408614388011,-0.0013453831650271548,0.0,0.0
0.0,0.0,-0.36572379092484025,-0.0006311147429510823,0.0,0.0
0.0,0.0,-0.370407253710692,-0.001019240991374221,0.0,0.0
0.0,0.0,-0.35879851391714546,-0.0030961565192034863,0.0,0.0
0.0,0.0,-0.42626968159279244,-0.0007126824614830014,0.0,0.0
0.0,0.0,-0.41003898266140054,0.0,0.0,0.0
0.0,0.0,-0.3888680681454818,0.0,0.0,0.0
0.0,0.0,-0.43150227254012263,-0.000718268271746015,0.0,0.0
0.0,0.0,-0.40896856025326433,0.0,0.0,0.0
0.0,0.0,-0.34498441716571315,-0.00015961899081207593,0.0,0.0
0.0,0.0,-0.3897474803450187,-0.0008895638724961796,0.0,0.0
0.0,0.0,-0.3289391930900858,0.0,0.0,0.0
0.0,0.0,-0.3073864973210113,-0.0020020582669591433,0.0,0.0
0.0,0.0,-0.2925892097343455,-0.002317581106024718,0.0,0.0
0.0,0.0,-0.306610861034467,-0.0013458066447463565,0.0,0.0
0.0,0.0,-0.27438367492055127,-0.0018889896257343517,0.0,0.0
0.0,0.0,-0.19721401816712145,-0.0035155363358731666,0.0,0.0
0.0,0.0,-0.16016564337333844,-0.0016064553108625155,0.0,0.0
0.0,0.0,-0.0993753421601425,-0.000743340944519435,0.0,0.0
0.0,0.0,-0.1662520220136732,-0.0014875299951070992,0.0,0.0
0.0,0.0,-0.1586048851771083,-0.0017849701890369403,0.0,0.0
0.0,0.0,-0.12194740243839555,-0.0012613991666539097,0.0,0.0
0.0,0.0,-0.10543794145698512,-0.00035422503254180747,0.0,0.0
0.0,0.0,-0.14251706078597268,-0.0005916128448687621,0.0,0.0
0.0,0.0,-0.18976482510929032,0.0,0.0,0.0
0.0,0.0,-0.14976776329942199,-0.0029987539389894104,0.0,0.0
0.0,0.0,-0.10329706173950151,-0.001987631180945003,0.0,0.0
0.0,0.0,-0.06678026115985543,-0.0015930485339822101,0.0,0.0
0.0,0.0,-0.13726735546303506,-0.00151688229803628,0.0,0.0
0.0,0.0,0.0,-0.0036124010163661934,0.0,0.0
0.0,0.0,-0.0058033294177396956,-0.004997865053939241,0.0,0.0
0.0,0.0,-0.09299827782926924,-0.001302534157169582,0.0,0.0
0.0,0.0,-0.036299327239444984,-0.004656188069780838,0.0,0.0
0.0,0.0,0.0,-0.004193716894566926,0.0,0.0
0.0,0.0,-0.006914135910147705,-0.0033769632141427185,0.0,0.0
0.0,0.0,-0.03022966266530657,-0.0023755788414458554,0.0,0.0
0.0,0.0,0.0,-0.0020271578902890533,0.0,0.0
0.0,0.0,0.0,-0.0014782858163582995,0.0,0.0
0.0,0.0,0.0,-0.0033323759237698833,0.0,0.0
0.0,0.0,0.0,-0.005586019505219,0.0,0.0
0.0,0.0,-0.05402071765362597,-0.0029121577380799984,0.0,0.0
0.0,0.0,-0.03745086450610782,-0.0023202132586806873,0.0,0.0
0.0,0.0,-0.025452693966528585,-0.0020035020343680578,0.0,0.0
0.0,0.0,-0.008532545466508406,-0.0007250472263636853,0.0,0.0
0.0,0.0,0.0,-0.0038075261038099427,0.0,0.0
0.0,0.0,-0.061711137074861346,0.0,0.0,0.0
0.0,0.0,0.0,-0.0027112949493320305,0.0,0.0
0.0,0.0,-0.019937194060367074,0.0,0.0,0.0
0,0,0,0,0,0
0.0,0.0,0.0,-0.0008688820423162187,0.0,0.0
0.0,0.0,0.0,-7.495553294527982e-05,0.0,0.0
0.0,0.0,-0.057903736956715565,-0.00012789346801879735,0.0,0.0
0.0,0.0,-0.06213977237405337,-0.0003814351136598791,0.0,0.0
0.0,0.0,-0.09300834189588461,-0.0001709984044405414,0.0,0.0
0.0,0.0,-0.014271437929357422,0.0,0.0,0.0
0,0,0,0,0,0
0.0,0.0,-0.06407679469400707,0.0,0.0,0.0
0,0,0,0,0,0
0.0,0.0,-0.041059384721687193,0.0,0.0,0.0
0,0,0,0,0,0
0,0,0,0,0,0
0,0,0,0,0,0
0.0,0.0,0.0,-0.00028665003454487277,0.0,0.0
0,0,0,0,0,0
0.0,0.0,-0.004016029150570722,-0.001025653124542918,0.0,0.0
0,0,0,0,0,0
0.0,0.0,-0.05637714280912427,0.0,0.0,0.0
0.0,0.0,-0.033366454995510844,0.0,0.0,0.0
0.0,0.0,-0.10477286487680137,0.0,0.0,0.0
0.0,0.0,-0.027478354686370894,-0.0005757458431152348,0.0,0.0
0.0,0.0,-0.09554085581579319,0.0,0.0,0.0
0.0,0.0,-0.11244357480075466,0.0,0.0,0.0
0.0,0.0,-0.05210690794447006,0.0,0.0,0.0
0.0,0.0,-0.03779889781416683,0.0,0.0,0.0
0.0,0.0,-0.009977841831933959,0.0,0.0,0.0
0.0,0.0,-0.05539817885100131,0.0,0.0,0.0
0.0,0.0,-0.035137206936520254,0.0,0.0,0.0
0,0,0,0,0,0
0.0,0.0,-0.007221983246568668,0.0,0.0,0.0
0,0,0,0,0,0
0,0,0,0,0,0
0,0,0,0,0,0
0,0,0,0,0,0
0,0,0,0,0,0
0,0,0,0,0,0
0,0,0,0,0,0
0,0,0,0,0,0
0,0,0,0,0,0
0,0,0,0,0,0
0,0,0,0,0,0
0,0,0,0,0,0
0,0,0,0,0,0
0,0,0,0,0,0
0,0,0,0,0,0
0,0,0,0,0,0
0,0,0,0,0,0
0,0,0,0,0,0
0,0,0,0,0,0
0,0,0,0,0,0
0,0,0,0,0,0
0,0,0,0,0,0
0,0,0,0,0,0
0,0,0,0,0,0
0,0,0,0,0,0
0,0,0,0,0,0
0,0,0,0,0,0
0,0,0,0,0,0
0,0,0,0,0,0
0,0,0,0,0,0
0,0,0,0,0,0
0,0,0,0,0,0
0,0,0,0,0,0
0,0,0,0,0,0
0,0,0,0,0,0
0,0,0,0,0,0
0,0,0,0,0,0
0,0,0,0,0,0
0,0,0,0,0,0
0,0,0,0,0,0
0,0,0,0,0,0
0,0,0,0,0,0
0,0,0,0,0,0
0,0,0,0,0,0
0,0,0,0,0,0
0,0,0,0,0,0
0,0,0,0,0,0
0,0,0,0,0,0
0,0,0,0,0,0
0,0,0,0,0,0
0,0,0,0,0,0
0,0,0,0,0,0
0,0,0,0,0,0
0,0,0,0,0,0
0,0,0,0,0,0
0,0,0,0,0,0
0,0,0,0,0,0
0,0,0,0,0,0
0,0,0,0,0,0
0,0,0,0,0,0
0,0,0,0,0,0
0,0,0,0,0,0
0,0,0,0,0,0
0,0,0,0,0,0
0,0,0,0,0,0
0,0,0,0,0,0
0,0,0,0,0,0
0,0,0,0,0,0
0,0,0,0,0,0
0,0,0,0,0,0
0,0,0,0,0,0
0,0,0,0,0,0
0,0,0,0,0,0
0,0,0,0,0,0
0,0,0,0,0,0
0,0,0,0,0,0
0,0,0,0,0,0
0,0,0,0,0,0
0,0,0,0,0,0
0,0,0,0,0,0
0,0,0,0,0,0
0,0,0,0,0,0
0,0,0,0,0,0
0,0,0,0,0,0
0,0,0,0,0,0
0,0,0,0,0,0
0,0,0,0,0,0
0,0,0,0,0,0
0,0,0,0,0,0
0,0,0,0,0,0
0,0,0,0,0,0
0,0,0,0,0,0
0,0,0,0,0,0
0,0,0,0,0,0
0,0,0,0,0,0
0,0,0,0,0,0
0,0,0,0,0,0
0,0,0,0,0,0
0,0,0,0,0,0
0,0,0,0,0,0
0,0,0,0,0,0
0,0,0,0,0,0
0,0,0,0,0,0
0,0,0,0,0,0
0,0,0,0,0,0
0,0,0,0,0,0
0,0,0,0,0,0
0,0,0,0,0,0
0,0,0,0,0,0
0,0,0,0,0,0
0,0,0,0,0,0
0,0,0,0,0,0
0,0,0,0,0,0
0,0,0,0,0,0
0,0,0,0,0,0
0,0,0,0,0,0
0,0,0,0,0,0
0,0,0,0,0,0
0,0,0,0,0,0
0,0,0,0,0,0
0,0,0,0,0,0
0,0,0,0,0,0
0,0,0,0,0,0
0,0,0,0,0,0
0,0,0,0,0,0
0,0,0,0,0,0
0,0,0,0,0,0
0,0,0,0,0,0
0,0,0,0,0,0
0,0,0,0,0,0
0,0,0,0,0,0
0,0,0,0,0,0
0,0,0,0,0,0
0,0,0,0,0,0
0,0,0,0,0,0
0,0,0,0,0,0
0,0,0,0,0,0
0,0,0,0,0,0
0,0,0,0,0,0
0,0,0,0,0,0
0,0,0,0,0,0
0,0,0,0,0,0
0,0,0,0,0,0
0,0,0,0,0,0
0,0,0,0,0,0
0,0,0,0,0,0
0,0,0,0,0,0
0,0,0,0,0,0
0,0,0,0,0,0
0,0,0,0,0,0
0,0,0,0,0,0
0,0,0,0,0,0
0,0,0,0,0,0
0,0,0,0,0,0
0,0,0,0,0,0
0,0,0,0,0,0
0,0,0,0,0,0
0,0,0,0,0,0
0,0,0,0,0,0
0,0,0,0,0,0
0,0,0,0,0,0
0,0,0,0,0,0
0,0,0,0,0,0
0,0,0,0,0,0
0,0,0,0,0,0
0,0,0,0,0,0
0,0,0,0,0,0
0,0,0,0,0,0
0,0,0,0,0,0
0,0,0,0,0,0
0,0,0,0,0,0
0,0,0,0,0,0
0,0,0,0,0,0
0,0,0,0,0,0
0,0,0,0,0,0
0,0,0,0,0,0
0,0,0,0,0,0
0,0,0,0,0,0
0,0,0,0,0,0
0,0,0,0,0,0
0,0,0,0,0,0
0,0,0,0,0,0
0,0,0,0,0,0
0,0,0,0,0,0
0,0,0,0,0,0
0,0,0,0,0,0
0,0,0,0,0,0
0,0,0,0,0,0
0,0,0,0,0,0
0,0,0,0,0,0
0,0,0,0,0,0
0,0,0,0,0,0
0,0,0,0,0,0
0,0,0,0,0,0
0,0,0,0,0,0
0,0,0,0,0,0
0,0,0,0,0,0
0,0,0,0,0,0
0,0,0,0,0,0
0,0,0,0,0,0
0,0,0,0,0,0
0,0,0,0,0,0
0,0,0,0,0,0
0,0,0,0,0,0
0,0,0,0,0,0
0,0,0,0,0,0
0,0,0,0,0,0
0,0,0,0,0,0
0,0,0,0,0,0
0,0,0,0,0,0
0,0,0,0,0,0
0,0,0,0,0,0
0,0,0,0,0,0
0,0,0,0,0,0
0,0,0,0,0,0
0,0,0,0,0,0
0,0,0,0,0,0
0,0,0,0,0,0
0,0,0,0,0,0
0,0,0,0,0,0
0,0,0,0,0,0
0,0,0,0,0,0
0,0,0,0,0,0
0,0,0,0,0,0
0,0,0,0,0,0
0,0,0,0,0,0
0,0,0,0,0,0
0,0,0,0,0,0
0,0,0,0,0,0
0,0,0,0,0,0
0,0,0,0,0,0
0,0,0,0,0,0
0,0,0,0,0,0
0,0,0,0,0,0
0,0,0,0,0,0
0,0,0,0,0,0
0,0,0,0,0,0
0,0,0,0,0,0
0,0,0,0,0,0
0,0,0,0,0,0
0,0,0,0,0,0
0,0,0,0,0,0
0,0,0,0,0,0
0,0,0,0,0,0
0,0,0,0,0,0
0,0,0,0,0,0
0,0,0,0,0,0
0,0,0,0,0,0
0,0,0,0,0,0
0,0,0,0,0,0
0,0,0,0,0,0
0,0,0,0,0,0
0,0,0,0,0,0
0,0,0,0,0,0
0,0,0,0,0,0
0,0,0,0,0,0
0,0,0,0,0,0
0,0,0,0,0,0
0,0,0,0,0,0
0,0,0,0,0,0
0,0,0,0,0,0
0,0,0,0,0,0
0,0,0,0,0,0
0,0,0,0,0,0
0,0,0,0,0,0
0,0,0,0,0,0
0,0,0,0,0,0
0,0,0,0,0,0
0,0,0,0,0,0
0,0,0,0,0,0
0,0,0,0,0,0
0,0,0,0,0,0
0,0,0,0,0,0
0,0,0,0,0,0
0,0,0,0,0,0
0,0,0,0,0,0
0,0,0,0,0,0
0,0,0,0,0,0
0,0,0,0,0,0
0,0,0,0,0,0
0,0,0,0,0,0
0,0,0,0,0,0
0,0,0,0,0,0
0,0,0,0,0,0
0,0,0,0,0,0
0,0,0,0,0,0
0,0,0,0,0,0
0,0,0,0,0,0
0,0,0,0,0,0
0,0,0,0,0,0
0,0,0,0,0,0
0,0,0,0,0,0
0,0,0,0,0,0
0,0,0,0,0,0
0,0,0,0,0,0
0,0,0,0,0,0
0,0,0,0,0,0
0,0,0,0,0,0
0,0,0,0,0,0
0,0,0,0,0,0
0,0,0,0,0,0
0,0,0,0,0,0
0,0,0,0,0,0
0,0,0,0,0,0
0,0,0,0,0,0
0,0,0,0,0,0
0,0,0,0,0,0
0,0,0,0,0,0
0,0,0,0,0,0
0,0,0,0,0,0
0,0,0,0,0,0
0,0,0,0,0,0
0,0,0,0,0,0
0,0,0,0,0,0
0,0,0,0,0,0
0,0,0,0,0,0
0,0,0,0,0,0
0,0,0,0,0,0
0,0,0,0,0,0
0,0,0,0,0,0
0,0,0,0,0,0
0,0,0,0,0,0
0,0,0,0,0,0
0,0,0,0,0,0
0,0,0,0,0,0
0,0,0,0,0,0
0,0,0,0,0,0
0,0,0,0,0,0
0,0,0,0,0,0
0,0,0,0,0,0
0,0,0,0,0,0
0,0,0,0,0,0
0,0,0,0,0,0
