0,0,0,0,0,0
0,0,0,0,0,0
0,0,0,0,0,0
0,0,0,0,0,0
0,0,0,0,0,0
0,0,0,0,0,0
0,0,0,0,0,0
0,0,0,0,0,0
0,0,0,0,0,0
0,0,0,0,0,0
0,0,0,0,0,0
0,0,0,0,0,0
0,0,0,0,0,0
0,0,0,0,0,0
0,0,0,0,0,0
0,0,0,0,0,0
0,0,0,0,0,0
0,0,0,0,0,0
0,0,0,0,0,0
0,0,0,0,0,0
0,0,0,0,0,0
0,0,0,0,0,0
0,0,0,0,0,0
0,0,0,0,0,0
0,0,0,0,0,0
0,0,0,0,0,0
0,0,0,0,0,0
0,0,0,0,0,0
0,0,0,0,0,0
0,0,0,0,0,0
0,0,0,0,0,0
0,0,0,0,0,0
0,0,0,0,0,0
0,0,0,0,0,0
0,0,0,0,0,0
0,0,0,0,0,0
0,0,0,0,0,0
0,0,0,0,0,0
0,0,0,0,0,0
0,0,0,0,0,0
0,0,0,0,0,0
0,0,0,0,0,0
0,0,0,0,0,0
0,0,0,0,0,0
0.0,0.0,0.01721750483710738,0.0,0.0,0.0
0,0,0,0,0,0
0.0,0.0,0.055243110713847667,0.0,0.0,0.0
0.0,0.0,0.15108725599225048,0.0,0.0,0.0
0.0,0.0,0.14051087979242197,0.0,0.0,0.0
0.0,0.0,0.18733855486405435,0.0,0.0,0.0
0.0,0.0,0.34998019076508796,0.0,0.0,0.0
0.0,0.0,0.38037478741548614,0.0,0.0,0.0
0.0,0.0,0.4881749710077557,0.0,0.0,0.0
0.0,0.0,0.4841227547205305,0.0,0.0,0.0
0.0,0.0,0.6505330922286792,0.0,0.0,0.0
0.0,0.0,0.7242521507660717,0.0,0.0,0.0
0.0,0.0,0.782774586676226,0.0,0.0,0.0
0.0,0.0,0.7996865064226842,0.0,0.0,0.0
0.0,0.0,0.9089248788676884,0.0,0.0,0.0
0.0,0.0,1.0634188773568445,0.0,0.0,0.0
0.0,0.0,1.1520299998490169,0.0,0.0,0.0
0.0,0.0,1.271652265100633,0.0,0.0,0.0
0.0,0.0,1.2304466111299075,0.0,0.0,0.0
0.0,0.0,1.3607543901077908,0.0,0.0,0.0
0.0,0.0,1.5052990408892823,0.0,0.0,0.001648967159977955
0.0,0.0,1.5946168729789143,0.0,0.0,0.0020701152313424087
0.0,0.0,1.7147136971819408,0.0,0.0,0.0009224007345543381
0.0,0.0,1.9211406126135073,0.0,0.0,0.0005146775360185292
0.0,0.0,1.9957974855113094,0.0,0.0,0.0016329521066841366
0.0,0.0,2.007816888525404,0.0,0.0,0.0028767096115751806
0.0,0.0,2.056193191702305,0.0,0.0,0.0024769485888821393
0.0,0.0,2.207744952153052,0.0,0.0,0.002745294220146456
0.0,0.0,2.3848143449184884,0.0,0.0,0.0015322738336399234
0.0,0.0,2.5230150911998477,0.0,0.0,0.0018584586073464647
0.0,0.0,2.580801864661152,0.0,0.0,0.0023456683523365904
0.0,0.0,2.564983484609183,0.0,0.0,0.0004729774899195938
0.0,0.0,2.4885203009263206,0.0,0.0,0.0037338508871345064
0.0,0.0,2.6153748809479174,0.0,0.0,0.0034357822756844276
0.0,0.0,2.6073875867515137,0.0,0.0,0.002041300842115695
0.0,0.0,2.8653805689714753,0.0,0.0,0.0015764489941569593
0.0,0.0,3.0008533832774984,0.0,0.0,0.0015369098089130476
0.0,0.0,3.0534695641177243,0.0,0.0,0.003500939042065747
0.0,0.0,3.133815150890421,0.0,0.0,0.0
0.0,0.0,3.167263931433037,0.0,0.0,0.0009628920613809959
0.0,0.0,3.2685332440007513,0.0,0.0,0.0017993995529344158
0.0,0.0,3.3322018276336016,0.0,0.0,0.0012112836517736317
0.0,0.0,3.582761805835753,-0.0008313414485811525,0.0,0.0
0.0,0.0,3.675892319690753,-0.004601806933774788,0.0,0.0
0.0,0.0,3.705203235230293,-0.006374406091114421,0.0,0.0
0.0,0.0,3.7832117862982764,-0.01269001907808553,0.0,0.0
0.0,0.0,4.040672225149305,-0.004559903892293063,0.0,0.0
0.0,0.0,3.908222593454903,-0.008636129980696147,0.0,0.0
0.0,0.0,4.032951424757404,-0.009098575827119669,0.0,0.0
0.0,0.0,4.236842595072785,-0.007776819220931093,0.0,0.0
0.0,0.0,4.173297147289512,-0.013833579813097944,0.0,0.0
0.0,0.0,4.25162148110383,-0.01586993936458402,0.0,0.0
0.0,0.0,4.420273273914257,-0.01937022380350909,0.0,0.0
0.0,0.0,4.615922891706671,-0.015065628692813865,0.0,0.0
0.0,0.0,4.57335602448748,-0.01725763691346004,0.0,0.0
0.0,-0.05127701371770014,4.669730650904965,-0.014978071932587869,2.3492878768295238e-05,0.0
0.0,-0.22544808488975057,4.746936952240014,-0.013027418828246328,0.0017452168762195415,0.0
0.0,-0.22078856725612192,4.80165172067486,-0.013069131562610487,0.00040113148953557255,0.0
0.0,-0.14713002533503514,4.932909842580157,-0.02133470127308627,0.0,0.0
0.0,-0.286043659661125,4.965686591965577,-0.019487694421525224,0.0,0.0
0.0,-0.26101646745729384,4.9933247142032995,-0.021877502757977528,0.0,0.0
0.0,-0.4968544934863076,5.223459398874495,-0.017209067014180048,0.0,0.0
0.0,-0.29905872610291967,5.107101051674897,-0.021326444235621734,0.0,0.0
0.0,-0.05821092472298779,5.347126887430461,-0.024264111242243962,0.0,0.0
0.0,-0.1229517507613481,5.213485727075401,-0.024124517536338114,0.0,0.0
0.0,-0.23562927448053292,5.561168701032981,-0.027759718221941815,0.0,0.0
0.0,-0.3692092574142774,5.566023270472199,-0.032569659427706676,0.0,0.0
0.0,-0.44211340751065453,5.5920300913868966,-0.037836701193711825,0.0004999931267780552,0.0
0.0,-0.27353958758215546,5.524910369071117,-0.03888656674280502,0.0018832519442899328,0.0
0.0,-0.2675953065537908,5.373188402970799,-0.03922762770238268,0.00016872063781069187,0.0
0.0,-0.5212072064691673,5.77549691926138,-0.03143097080882209,0.0,0.0
0.0,-0.7324170578669259,5.662855822459312,-0.036191404197250976,0.0,0.0
0.0,-0.5603719306105877,5.545565520181226,-0.04651799926874448,0.0,0.0
0.0,-0.6670148189310338,5.852807213192025,-0.04500066010081111,0.0,0.0
0.0,-0.6691621070087244,5.820615863770246,-0.04152242940978034,0.0017923252918184717,0.0
0.0,-0.6436971953732522,5.9288776422213605,-0.03780257147723306,0.0,0.0
0.0,-0.4492523831954194,5.8951050279025985,-0.04074446974000449,0.0,0.0
0.0,-0.6727370363759726,5.9069354076932195,-0.03349644601647269,0.0,0.0
0.0,-0.4559487121128827,5.912969337070165,-0.03155312173037226,0.0,0.0
0.0,-0.32833393579870185,6.153098079297981,-0.030566469167691318,0.0,0.0
0.0,-0.25038795458575946,6.098319657471332,-0.03243717634876101,0.0,0.0
0.0,-0.40571265293852915,6.234094105713412,-0.030767340208761727,0.0,0.0
0.0,-0.3893050381403753,6.123440821289462,-0.031302811861753,0.0,0.0
0.0,-0.3270427919136804,5.903633475972552,-0.032273882353269556,0.0,0.0
0.0,-0.36130304238269334,6.058268972650254,-0.028282996936940818,0.0,0.0
0.0,-0.39362829560719426,6.178475496198475,-0.03579592503724366,0.0,0.0
0.0,-0.575780075235995,6.1542417873843585,-0.04543587814930853,0.0,0.0
0.0,-0.6349495160492046,6.57623660782681,-0.047739464250770566,0.0,0.0
0.0,-0.6349495160492046,6.57623660782681,-0.047739464250770566,0.0,0.0
0.0,-0.9768979627032829,6.768545408650444,-0.0634884994478708,0.0,0.0
0.0,-0.9768979627032829,6.768545408650444,-0.0634884994478708,0.0,0.0
0.0,-0.8881369578062609,6.539896601578232,-0.062447146298279056,0.0,0.0
0.0,-0.6732373604526669,6.754251177381886,-0.05430500392219593,0.0,0.0
0.0,-0.6243160769116545,6.686204521528749,-0.04717765690414194,0.0,0.0
0.0,-0.4236530833562503,6.569315774724808,-0.03880660942473694,0.0,0.0
0.0,-0.28328973588655165,6.752801243892,-0.044146898256179706,0.0,0.0
0.0,-0.2213109633098977,6.719512286073408,-0.03925599886856211,0.0,0.0
0.0,-0.2213109633098977,6.719512286073408,-0.03925599886856211,0.0,0.0
0.0,-0.08151646714814102,6.7355283531526045,-0.03766075541116738,0.0,0.0
0.0,-0.22508315846592467,6.909046787353324,-0.033175213458470174,0.0,0.0
0.0,-0.22508315846592467,6.909046787353324,-0.033175213458470174,0.0,0.0
0.0,-0.7769466437133147,7.174252051720165,-0.05266469657082286,0.0037897778594080207,0.0
0.0,-0.7769466437133147,7.174252051720165,-0.05266469657082286,0.0037897778594080207,0.0
0.0,-1.079961499319539,7.362028926664375,-0.0643665794806634,0.005174295072948019,0.0
0.0,-0.9292259230046562,7.268979396947858,-0.057779782822776425,0.0,0.0
0.0,-0.5737140034388561,7.383120058057912,-0.051149714657588906,0.0,0.0
0.0,-0.36920849944248313,7.40920946942664,-0.05247446400667562,0.0,0.0
0.0,-0.36920849944248313,7.40920946942664,-0.05247446400667562,0.0,0.0
0.0,-0.5562483038345799,7.195270958776308,-0.05401181760100974,0.0,0.0
0.0,-0.4485919615552502,7.158945978549274,-0.06095505041187886,0.00011604943612588284,0.0
0.0,-0.5492518831634798,7.3565559964533325,-0.06132032306692008,0.001569369569806974,0.0
0.0,-0.7145483845643904,7.200918254204881,-0.06050176884149374,0.0024967993041728246,0.0
0.0,-0.5019318279655358,7.182774175734467,-0.05815448573081937,0.0,0.0
0.0,-0.46924110543039277,7.423869998938296,-0.0487340133873624,0.0,0.0
0.0,-0.4817313081196132,7.360312857985849,-0.0477258741249969,0.0,0.0
0.0,-0.6607829794418301,7.080563582488748,-0.04785487733406425,0.0,0.0
0.0,-0.5280482997220421,7.02858882348841,-0.04516825331222894,0.0,0.0
0.0,-0.3635528433595052,7.170401209749301,-0.035376229047761665,0.0,0.0
0.0,0.0,7.422874281466773,-0.0412387405420633,0.0,0.0
0.0,-0.2065306491990587,7.097095666362709,-0.04455006436450571,0.0,0.0
0.0,-0.3564681069347413,7.0757955141235085,-0.05824484316923943,0.0,0.0
0.0,-0.7870985174835579,7.321169320549646,-0.061868086371799635,0.0,0.0
0.0,-0.8495561197836109,7.433536638096349,-0.06561191673464555,0.0,0.0
0.0,-0.6650149022715943,7.566014678646695,-0.06911641024259654,0.0,0.0
0.0,-0.4731079833034027,7.440993797011146,-0.06175470942501134,0.0,0.0
0.0,-0.45419502687661906,7.592488630928289,-0.04470259774721171,0.0,0.0
0.0,-0.09240866952591953,7.477168486119228,-0.041811322418710675,0.0,0.0
0.0,-0.07043458349935824,7.454131574344802,-0.037199833716989865,0.0,0.0
0.0,-0.12426310483391234,7.205302694155674,-0.037519441619435004,0.0,0.0
0.0,-0.32975669852391415,7.512174653702367,-0.036211574817133815,0.0,0.0
0.0,-0.6575849083733256,7.522952332058121,-0.050319229530392674,0.0,0.0
0.0,-0.8918573963118552,7.320985173121622,-0.07593244857236384,0.0019873818921644407,0.0
0.0,-1.0837391407379553,7.298812872635293,-0.08829858802596871,0.01227341678209282,0.0
0.0,-0.9761636281373098,7.507333239648576,-0.07931830515080229,0.009016770071267517,0.0
0.0,-0.6204004822066691,7.612421031962073,-0.07461260203137039,0.006692638035323373,0.0
0.0,-0.585630392699679,7.2373246684546215,-0.051470358720555984,0.0,0.0
0.0,-0.2010396676204944,7.3797036190275005,-0.037779861070352465,0.0,0.0
0.0,-0.006134934445253878,7.290404978614099,-0.03819739674716278,0.0,0.0
0.0,-0.44470113703101344,7.071070866970095,-0.04155557278398033,0.0,0.0
0.0,-0.5586134729063684,6.957850891917722,-0.050469457917991956,0.0,0.0
0.0,-0.6204623983864408,6.935055056983883,-0.06110904546733977,0.0,0.0
0.0,-0.6420800604860442,6.8444945566768025,-0.07446070256981195,0.0,0.0
0.0,-0.7849341282729518,7.037233546798838,-0.061284992675252004,0.0,0.0
0.0,-0.29219896426571756,7.070150746815341,-0.054813067346810775,0.0,0.0
0.0,-0.1354980158236862,7.1169291335687745,-0.043907802873055866,0.0,0.0
0.0,0.0,7.2380516996726385,-0.03758484863394111,0.0,0.0
0.0,-0.04392201902896563,7.482577605139977,-0.03304880800926786,0.0,0.0
0.0,-0.43983388583055205,7.445268029571787,-0.03891577076305692,0.0,0.0
0.0,-0.45937418017636844,7.529286496529949,-0.06088770025666231,0.0,0.0
0.0,-0.8899561882139837,7.468746305534879,-0.07459374192226141,0.004791536573425258,0.0
0.0,-0.7541660842020858,7.436365713339581,-0.08564626494714866,0.006177050983532321,0.0
0.0,-0.42118587252056505,7.670319264783153,-0.06008417480264276,0.0,0.0
0.0,0.0,7.795099905504496,-0.04063460047643721,0.0,0.0
0.0,0.0,7.595767614837619,-0.03306480536861434,0.0,0.0
0.0,0.0,7.481604718041555,-0.03366291135919712,0.0,0.0
0.0,-0.18539879964581457,7.2361445359623175,-0.04417163508365747,0.0,0.0
0.0,-0.4313263385344811,7.04757644257558,-0.05784366640894835,0.008852011900077995,0.0
0.0,-0.23861370586256272,6.8834835055076855,-0.06344819701391033,0.004549545797916036,0.0
0.0,-0.12341661615032737,6.72234453434767,-0.054625060851096884,0.0,0.0
0.0,0.0,6.620783536779915,-0.03775996271338332,0.0,0.0
0.0,0.0,6.700725657608705,-0.018700962608759756,0.0,0.0
0.0,0.0,6.730875507211749,-0.02487811556742268,0.0,0.0
0.0,0.0,6.723946499979076,-0.031668352998043166,0.0,0.0
0.0,0.0,6.901711496963252,-0.037564509069543714,0.0,0.0
0.0,-0.0024144954760338968,6.711996135774205,-0.06281802110083945,0.0,0.0
0.0,-0.08431198836816921,6.705405880370897,-0.06885383604980354,0.0,0.0
0.0,-0.23869871787553482,6.714319302949777,-0.05149587827071429,0.0,0.0
0.0,0.0,7.120401400822152,-0.0535257331495268,0.0,0.0
0.0,0.0,7.190810398198053,-0.056112338216596724,0.0,0.0
0.0,-0.24441185607080124,7.023197687515027,-0.06395531823071188,0.0017603883043431287,0.0
0.0,-0.49009544148465356,6.855874548639319,-0.06198705945176477,0.0044014383574754005,0.0
0.0,-0.057929460738671834,7.2378718421861254,-0.061586227505501634,0.0,0.0
0.0,0.0,7.432193214950364,-0.0559497689472223,0.0,0.0
0.0,0.0,6.917967209112923,-0.05732635265093918,0.0,0.0
0.0,-0.04237674409166491,7.162534119990066,-0.06097838301734868,0.0,0.0
0.0,-0.27420054873968014,7.376180679059788,-0.059937250312363265,0.0008224842689038777,0.0
0.0,-0.25162634535011613,7.342873924037102,-0.07181450423261025,0.008608194003572451,0.0
0.0,-0.14120574177756381,7.2274286572053015,-0.06590925779050086,0.006396714488098679,0.0
0.0,0.0,7.345595747847007,-0.04495740098399218,0.0,0.0
0.0,0.0,7.86309852890395,-0.033535175409790854,0.0,0.0
0.0,0.0,7.687212357881696,-0.03320883576281288,0.0,0.0
0.0,0.0,7.5986908018120785,-0.048558562242250546,0.0,0.0
0.0,0.0,7.726347672534684,-0.060806309545851346,0.009174480918098225,0.0
0.0,0.0,7.477333646218392,-0.053646717837692606,0.012229334987015917,0.0
0.0,0.0,7.461385295897685,-0.0399958852579554,0.005621780783267176,0.0
0.0,0.0,7.746981409037659,-0.027921219651958974,0.0033349806513156615,0.0
0.0,0.0,7.167563084494832,-0.04484098566282051,0.012349486617240965,0.0
0.0,0.0,6.9829192136473,-0.049150289825795154,0.01857427966366496,0.0
0.0,0.0,7.445206263713262,-0.052810730750351274,0.013643112308692838,0.0
0.0,0.0,7.041080902280245,-0.04880006159819447,0.012986261441300329,0.0
0.0,0.0,7.005686269092744,-0.03666648799705058,0.0,0.0
0.0,0.0,7.179915139920449,-0.026089191026617185,0.0,0.0
0.0,0.0,6.955133935018644,-0.034767678443769975,0.0,0.0
0.0,0.0,6.788999444873094,-0.06235704991032035,0.004164080417404846,0.0
0.0,0.0,6.50927077989235,-0.06995907370745058,0.005704908806227697,0.0
0.0,0.0,6.658844149752416,-0.057382280647719885,0.0,0.0
0.0,0.0,6.723678525330631,-0.04387989459133035,0.0,0.0
0.0,0.0,7.046049808205835,-0.049175859422964575,0.0,0.0
0.0,0.0,6.8308033467539415,-0.06089892370062391,0.0,0.0
0.0,0.0,6.809424147247223,-0.06460150365284933,0.0,0.0
0.0,-0.00268168338575247,7.048327418359937,-0.06768565739507176,0.0,0.0
0.0,-0.0028226500121725866,7.1148790227528735,-0.06543286207325084,0.0,0.0
0.0,0.0,7.694869941516939,-0.06633781660291874,0.0,0.0
0.0,0.0,7.201668447526297,-0.07021820441733871,0.0,0.0
0.0,0.0,7.551137453264293,-0.062076568341259145,0.0,0.0
0.0,0.0,7.86635016806145,-0.05204562203122576,0.0005134126750472244,0.0
0.0,0.0,7.656651787539896,-0.0464446155579394,0.0,0.0
0.0,0.0,7.726835124452289,-0.05244470158633726,0.0,0.0
0.0,0.0,7.839867046986248,-0.059083370244157926,0.0013635432320460777,0.0
0.0,-0.1780483131693325,7.929438490381851,-0.06862423758446137,0.010909173226351177,0.0
0.0,-0.2845897163732941,7.055007543620347,-0.09431927011949373,0.01788461380780085,0.0
0.0,-0.03170598321794425,6.911350837848273,-0.07732054963760471,0.00565129779874852,0.0
0.0,0.0,7.28085558325588,-0.04641704198468129,0.0009061452288120104,0.0
0.0,0.0,7.32234588626346,-0.03226095545664599,0.0,0.0
0.0,0.0,6.710607524241745,-0.030496051048355326,0.0,0.0
0.0,0.0,6.3758148433655375,-0.03050419593667978,0.0,0.0
0.0,0.0,6.38563607922287,-0.025782014029006112,0.005239303310720695,0.0
0.0,0.0,6.38563607922287,-0.025782014029006112,0.005239303310720695,0.0
0.0,0.0,6.366878565571065,-0.062479347981703307,0.017509201467114738,0.0
-0.19130406831777272,-0.1469532386414019,5.92230916940529,-0.07270534858092828,0.025851732664297085,0.0
0.0,0.0,6.581720683974623,-0.0553581914795689,0.0182810784887528,0.0
0.0,0.0,6.717394611136086,-0.04187298700468321,0.003161513417180211,0.0
0.0,0.0,6.60285061356746,-0.03819471043349315,0.0,0.0
0.0,0.0,6.725838886007058,-0.055123425566756215,0.0014050088089878111,0.0
0.0,-0.10949397965174082,6.585631508672608,-0.0784977666234558,0.002356707561608572,0.0
0.0,-0.43302754360656914,5.997453137778212,-0.09880356708556871,0.004575327469925469,0.0
0.0,-0.39457982748730636,6.238486529638899,-0.08671724604957584,0.0,0.0
0.0,-0.147070461300571,6.464930715413115,-0.07850684992817011,0.0,0.0
0.0,-0.2997127708051025,6.221856780354512,-0.07860763450263161,0.0,0.0
0.0,-0.264241725362822,6.000656678658861,-0.08071796212756593,0.0,0.0
0.0,0.0,5.967820415705935,-0.05837605556351272,0.0,0.0
0.0,0.0,6.233596996571755,-0.026355576640912703,0.0,0.0
0.0,0.0,6.467783769243665,-0.018520654019305575,0.0,0.0
0.0,0.0,6.08301558277167,-0.03912471239236994,0.0,0.0
0.0,0.0,5.977017398684484,-0.05467070738994727,0.0021611459143051326,0.0
0.0,0.0,5.902188137493875,-0.05527695553985594,0.005725572203439387,0.0
0.0,0.0,6.306560515805339,-0.04480723584289272,0.0,0.0
0.0,0.0,6.626821652865071,-0.04359735932008744,0.0,0.0
0.0,0.0,6.4655468647386884,-0.06629286450998853,0.006189257981699172,0.0
0.0,0.0,6.422823788254777,-0.06259622240147471,0.012995899139554951,0.0
0.0,0.0,6.759731899812172,-0.04223533267726233,0.003548031034834101,0.0
0.0,0.0,6.771006804042139,-0.03885499350957192,0.0,0.0
0.0,0.0,6.6707914618782524,-0.05544701754862043,0.0,0.0
0.0,0.0,6.453942982376003,-0.06341933930854064,0.0,0.0
0.0,0.0,6.482279113301128,-0.06188512179784922,0.005353541875705564,0.0
0.0,0.0,6.52495386756154,-0.05323348269779169,0.00836340071698476,0.0
0.0,0.0,6.294313841342703,-0.05081292565705031,0.012618503346118266,0.0
0.0,0.0,6.393513275154181,-0.03847193544110801,0.014037235503894189,0.0
0.0,0.0,6.047644094272685,-0.03360720112968823,0.011511855052210385,0.0
0.0,0.0,6.30723872455806,-0.021227841641289675,0.0,0.0
0.0,0.0,6.262235534364754,-0.02348370030497699,0.0,0.0
0.0,0.0,6.204385651711404,-0.02789596546604093,0.0,0.0
0.0,0.0,6.310331812583624,-0.04729755870787926,0.0,0.0
0.0,0.0,6.265738633190371,-0.05836153227469167,0.001387933070100911,0.0
0.0,0.0,6.5812029751516095,-0.06966732494061365,0.004428261468951968,0.0
0.0,-0.033284815666237616,6.135898050527478,-0.07476963148036539,0.014203547766056469,0.0
0.0,0.0,6.240941548105474,-0.05937870930675143,0.0068085274168382115,0.0
0.0,0.0,6.344352411150572,-0.04422877835896857,0.003132002397060975,0.0
0.0,0.0,6.288766753086428,-0.03261336675145797,0.0,0.0
0.0,0.0,6.310748262430413,-0.018665597594051137,0.0,0.0
0.0,0.0,6.647428575829679,-0.025973589871462067,0.0,0.0
0.0,0.0,6.357492174651574,-0.04781255960526229,0.0029098899416122232,0.0
0.0,0.0,6.359510648396326,-0.057430951616523784,0.004862124197775468,0.0
0.0,0.0,6.567177664746993,-0.04926873231864119,0.0087266362513339,0.0
0.0,0.0,6.778910959369807,-0.036816284346343084,0.006181526343932773,0.0
0.0,0.0,6.746053575164103,-0.02762085879812156,0.006588192559544388,0.0
0.0,0.0,6.45191463921023,-0.023105960267089665,0.008974448545461488,0.0
0.0,0.0,7.285279762347668,-0.01975281432175868,0.0007677897949059831,0.0
0.0,0.0,7.22248747409049,-0.03810122557649646,0.013585835905285098,0.0
-0.1892666461739723,-0.03844447583057061,6.65883015033226,-0.06587532535218157,0.022604729688052123,0.0
0.0,-0.16520320463133503,6.447492183825553,-0.05885707787220575,0.02444257768532198,0.0
0.0,0.0,6.886380541318727,-0.043116244828096686,0.010809019825842188,0.0
0.0,0.0,7.342053791817077,-0.038325357183227805,0.011788449613565063,0.0
-0.07071450258015563,0.0,6.692107626310827,-0.05265320354769434,0.022200204267970536,0.0
-0.0601241459588435,0.0,6.4127790214699045,-0.05141141360462583,0.02086380056577656,0.0
0.0,0.0,6.654529533952844,-0.025059439536625795,0.0013452389448707525,0.0
0.0,0.0,7.334036163966472,-0.008722348128330878,0.0,0.0
0.0,0.0,6.693817470542742,-0.030897324184509318,0.007124849591369641,0.0
0.0,0.0,6.238291710418696,-0.05330809502905356,0.00732475757163391,0.0
0.0,0.0,6.340097932946035,-0.04976157638479446,0.00487538149498584,0.0
0.0,0.0,6.882426479245386,-0.03455009133531582,0.007617779363639697,0.0
0.0,0.0,6.503431331945426,-0.030715619348221857,0.013578844396664808,0.0
0.0,0.0,5.87511575649698,-0.04243119419826081,0.011383191259484202,0.0
0.0,0.0,5.916366410549449,-0.03313813224169116,0.0035607370740022544,0.0
0.0,0.0,6.254526263636378,-0.020022429648461276,0.0,0.0
0.0,0.0,6.535156220272336,-0.009537922437930413,0.0,0.0
0.0,0.0,5.957765153228765,-0.025604369450322025,0.0,0.0
0.0,0.0,5.942947192514308,-0.040239196614364425,0.0037120006074152856,0.0
0.0,0.0,6.325049050547151,-0.036110542643590336,0.005297544694651182,0.0
0.0,0.0,6.572340464138961,-0.02745924777744596,0.01665395747210161,0.0
0.0,0.0,6.572340464138961,-0.02745924777744596,0.01665395747210161,0.0
0.0,0.0,6.7515443568684805,-0.02071248124424723,0.02173640747629737,0.0
0.0,0.0,7.050722538573451,-0.014653534976246862,0.01646823458858062,0.0
0.0,0.0,6.483894242722347,-0.01443161036982719,0.012290395615891974,0.0
0.0,0.0,6.829982789181469,-0.012942874894692594,0.004097686070275997,0.0
0.0,0.0,6.870255304814823,-0.006973783346971951,0.00748695196409007,0.0
0.0,0.0,6.655111498444792,-0.006486296124330578,0.0009081039696685297,0.0
0.0,0.0,6.943012559754988,-0.016252924408473573,0.013109977791325403,0.0
0.0,0.0,6.689991991876218,-0.030095791418020757,0.027090057035149363,0.0
0.0,0.0,6.837070742389022,-0.024048068376851046,0.02059545979393488,0.0
0.0,0.0,6.9341691339905225,-0.012568786520442415,0.009313695995728717,0.0
0.0,0.0,7.030795818028295,-0.003735653003855275,0.0,0.0
0.0,0.0,7.532845160430789,-0.011107598559768997,0.0036060843972795797,0.0
0.0,0.0,7.189374656664194,-0.031973886533935354,0.021084010448436184,0.0
0.0,-0.1452316451555189,7.018988264646362,-0.06758121659868793,0.033787317076943324,0.0
0.0,-0.24233878825721492,7.196991777024675,-0.06555925955405409,0.03507368768142259,0.0
0.0,-0.14703961898316947,7.342890724905137,-0.06513053741651888,0.023402130070312065,0.0
0.0,-0.0328694087727473,6.496968479211863,-0.05480199888496275,0.017360607265474302,0.0
0.0,0.0,6.54199602532667,-0.02635625748420174,0.0,0.0
0.0,0.0,6.357191148174521,-0.011947231342012987,0.0,0.0
0.0,0.0,6.253212818597595,-0.011690039168617461,0.0,0.0
0.0,0.0,5.469384236028103,-0.005741603083551886,0.0,0.0
0.0,0.0,5.651205037370875,-5.8910825290634155e-05,0.0,0.0
0.0,0.0,5.587211726754137,-0.009307725192923213,0.0037749432314530887,0.0
0.0,0.0,5.26203264618665,-0.014123864242222284,8.826044219087007e-05,0.0
0.0,0.0,5.880701037734232,-0.011843498879310951,0.002633983923128012,0.0
0.0,0.0,6.413201579108548,-0.004007244158434413,0.0,0.0
0.0,0.0,6.007504658155076,-0.009386941738769205,0.0,0.0
0.0,0.0,6.200518699605454,-0.009142240538305481,0.0,0.0
0.0,0.0,6.482564488974356,-0.015734108849997118,0.004905841184272259,0.0
0.0,0.0,6.435910986671314,-0.017780088576441727,0.010057844182020081,0.0
0.0,0.0,6.457247381048278,-0.02231236221546576,0.012092372424856208,0.0
0.0,0.0,6.072389723650849,-0.024498529162441107,0.01326924226698859,0.0
0.0,0.0,6.178304994635147,-0.016281036035602818,0.010808811289437326,0.0
0.0,0.0,6.397183873914561,-0.010890571714078456,0.0008491194746844168,0.0
0.0,0.0,6.115167698985005,-0.008592150127827339,0.011922555147521448,0.0
0.0,0.0,6.33648615138555,-0.01466784065540267,0.008075132737176461,0.0
0.0,0.0,6.112799538757299,-0.01480555648953924,0.02739776077483802,0.0
0.0,0.0,6.059547706125446,-0.021243622039312886,0.023181231835466897,0.0
0.0,0.0,6.075664281205117,-0.014984304333991418,0.020675037264340473,0.0
0.0,0.0,5.561644215674535,-0.010005227588884797,0.003999013767779917,0.0
0.0,0.0,5.564638764504862,-0.007762740641914653,0.002948090079726244,0.0
0.0,0.0,5.2504868632221875,-0.005373969575291659,0.006411655245412383,0.0
0.0,0.0,5.04866877511105,0.0,0.001538939308086656,0.0
0.0,0.0,4.811029432178238,-0.0010011300637795923,0.003291800986627006,0.0
0.0,0.0,4.952037478153175,0.0,0.0018852411489158668,0.0
0.0,0.0,5.1040733581773825,0.0,0.006026745895733243,0.0
0.0,0.0,4.808252546324082,-0.011015917851677492,0.004764445982300067,0.0
0.0,0.0,5.2763342000679,-0.017268396205566878,0.001975210933249142,0.0
0.0,0.0,5.508384049575302,-0.014008300006333315,0.0030897305737888564,0.0
0.0,0.0,5.103743988926572,-0.022843364674062235,0.002291804162826477,0.0
0.0,0.0,5.362047528733392,-0.020508047403356787,0.006194183233611297,0.0
0.0,0.0,5.468307311906988,-0.020928383174147767,0.014704890203575526,0.0
0.0,0.0,5.923333464206262,-0.01839585066179686,0.01161195637422342,0.0
0.0,0.0,5.427757852670825,-0.016202150885389337,0.013437203882787888,0.0
0.0,0.0,5.707119753755473,-0.017845412919565658,0.018693882495205576,0.0
0.0,0.0,5.657518736668123,-0.020809919219797544,0.022003692991775372,0.0
0.0,0.0,5.377972016370501,-0.014199315507249144,0.012906847733929073,0.0
0.0,0.0,5.571071493096296,-0.004728245350425947,0.005373882236523539,0.0
0.0,0.0,5.507381648066877,-0.0013792459777079943,0.004277534571591719,0.0
0.0,0.0,5.798478406849613,0.0,0.0,0.0
0.0,0.0,5.7122760042533205,0.0,0.0,0.0
0.0,0.0,5.60950192119045,-0.004302548780707809,0.008313692158892199,0.0
0.0,0.0,5.477797517269226,-0.008345846094459633,0.009385665329019124,0.0
0.0,0.0,5.936189455683664,-0.0011334981143785539,0.005777741316570214,0.0
0.0,0.0,5.7859122836209025,-0.010134216265403154,0.01114922710454358,0.0
0.0,0.0,5.480253793474029,-0.013093360078061788,0.020210790391731605,0.0
0.0,0.0,5.934868940118241,-0.0018793185502085704,0.010797718315541225,0.0
0.0,0.0,5.740568502762604,-0.0009833799004238199,0.016809122389984103,0.0
0.0,0.0,5.419321099626537,-0.0020554584669780114,0.008362264342097211,0.0
0.0,0.0,5.433879694662421,0.0,0.010566136034567127,0.0
0.0,0.0,5.669388050211614,0.0,0.010486338644290735,0.0
0.0,0.0,5.599384812346701,0.0,0.008535688031777847,0.0
0.0,0.0,5.553512264941643,0.0,0.003902552334247432,0.0
0.0,0.0,5.6257686887781775,-0.001270171521723228,0.01368076980805642,0.0
0.0,0.0,5.633831550341411,-0.019905966894946926,0.025405911396724757,0.0
0.0,0.0,5.362578433614049,-0.030811920706566208,0.04529558749096075,0.0
0.0,0.0,4.888018069429215,-0.021490910033875748,0.027242464447678326,0.0
0.0,0.0,5.315732162177482,-0.005303543494834138,0.01820745009205478,0.0
0.0,0.0,5.143242348863742,0.0,0.013654692897862215,0.0
0.0,0.0,4.836609706412668,0.0,0.0061688923427893425,0.0
0.0,0.0,4.647229728232326,0.0,0.0013493081138661665,0.0
0.0,0.0,4.988640474919628,0.0,0.0012582068775419308,0.0
0.0,0.0,4.9638609310531985,0.0,0.0020971985886554423,0.0
0.0,0.0,5.212514742961707,0.0,0.0004850791355714032,0.0
0.0,0.0,5.141914795472461,0.0,0.0052660499486338165,0.0
0.0,0.0,5.179794798554519,0.0,0.010798832144403626,0.0
0.0,0.0,5.331148770055677,0.0,0.007637203064532321,0.0
0.0,0.0,5.368573686535296,-0.0023412842308457066,0.012079501807693729,0.0
0.0,0.0,5.212554228210395,-0.003030423283419116,0.013254774881533676,0.0
0.0,0.0,5.29072562529158,-0.0018362594067630547,0.009605484537651119,0.0
0.0,0.0,5.38630307306113,0.0,0.008073995041297737,0.0
0.0,0.0,5.225281712351341,0.0,0.00938340146134812,0.0
0.0,0.0,5.175756567669602,0.0,0.01392365528266693,0.0
0.0,0.0,5.347519902724301,-0.0010475368540041787,0.019189484219775347,0.0
0.0,0.0,5.039171374812049,-0.013125722961782821,0.02653629276296553,0.0
0.0,0.0,5.219050471765463,-0.007744880430766925,0.017143624720211987,0.0
0.0,0.0,5.177120550347214,-0.00909712596299063,0.01903902233610392,0.0
0.0,0.0,4.418664440346527,0.0,0.0,0.0
0.0,0.0,4.476711893629754,0.0,0.0,0.0
0.0,0.0,4.213670092416772,0.0,0.0,0.0
0.0,0.0,4.042860219965853,0.0,0.0004875947563067223,0.0
0.0,0.0,3.9821348806409618,0.0,0.0,0.0
0.0,0.0,3.74250658603136,0.0,0.004954402195319367,0.0
0.0,0.0,3.7793114211125527,0.0,0.0,0.0
0.0,0.0,4.174126004440713,0.0,0.0,0.0
0.0,0.0,3.8999798292765275,0.0,0.0,0.0
0.0,0.0,4.016855924821693,0.0,0.0,0.0
0.0,0.0,4.085863644112626,-0.0009040324553202106,0.0,0.0
0.0,0.0,4.374305550434082,0.0,0.0,0.0
0.0,0.0,4.336165321138785,-0.004437747340991913,0.0039003846228362893,0.0
0.0,0.0,4.073138442975278,-0.013605889879265604,0.00946670833630328,0.0
0.0,0.0,4.204678419925555,-0.013167449492296271,0.010928616754437796,0.0
0.0,0.0,4.365800968588018,-0.005074849436843189,0.007602017976545974,0.0
0.0,0.0,4.119950913098457,-0.0019730325281909736,0.006795983192169779,0.0
0.0,0.0,4.179975109566004,0.0,0.005126051870904976,0.0
0.0,0.0,3.8312427539933673,0.0,0.0010328281709773499,0.0
0.0,0.0,4.061393527080435,0.0,0.003725110301686286,0.0
0.0,0.0,4.070427594380686,0.0,0.0,0.0
0.0,0.0,4.061445765739489,0.0,0.00039887217334287265,0.0
0.0,0.0,4.061445765739489,0.0,0.00039887217334287265,0.0
0.0,0.0,4.162220665117909,0.0,0.006597448443759028,0.0
0.0,0.0,3.771996185830118,0.0,0.013186000479536619,0.0
0.0,0.0,3.725596543877855,0.0,0.005913650575187929,0.0
0.0,0.0,4.185006572225258,0.0,0.009527758511452981,0.0
0.0,0.0,4.185006572225258,0.0,0.009527758511452981,0.0
0.0,0.0,3.7278953991683084,0.0,0.0,0.0
0.0,0.0,4.278176538265383,0.0,0.0006767354476170344,0.0
0.0,0.0,4.2253886531834635,0.0,0.010552607435438363,0.0
0.0,0.0,3.7641438135288743,-0.007436656626088192,0.017131784153307326,0.0
0.0,0.0,3.890373630491088,-0.012838523149948372,0.02988657688844113,0.0
-0.10728634513352633,0.0,3.5238864214193852,-0.015759222115809997,0.0317988879348045,0.0
0.0,0.0,3.4766987059005054,-0.00012617935659011334,0.023049945334425517,0.0
0.0,0.0,2.994954850024102,0.0,0.00033201941502300123,0.0
0.0,0.0,2.976968703964636,0.0,0.0,0.0
0.0,0.21675236796317626,3.010048722336706,0.0010539390767453514,0.0,0.0
0.0,0.0,2.7776601157361935,0.004997730652497099,0.0,0.0
0.0,0.0,2.8952243981908667,0.002120134424611107,0.0,0.0
0.0,0.0,2.8961097357730172,0.0,0.012695887552333052,0.0
0.0,0.0,2.4560178491549456,0.0,0.023595088779371918,0.0
0.0,0.0,2.6532551634811545,0.0,0.015498620062518157,0.0
0.0,0.0,2.7467867017702736,0.0,0.013049963703808357,0.0
0.0,0.0,2.563718208419818,0.0,0.00984936151155528,0.0
0.0,0.0,2.9560516262309657,0.0,0.0,0.0
0.0,0.0,3.248123183155119,0.0,0.0,0.0
0.0,0.0,3.461521969634119,0.0,0.0,0.0
0.0,0.0,3.820762083300368,0.0,0.007634889103344302,0.0
0.0,0.0,3.540676601402077,0.0,0.016071439473762054,0.0
0.0,0.0,3.801163772333954,0.0,0.026597226841532245,0.0
0.0,0.0,3.7924790427042674,0.0,0.02077119739367563,0.0
0.0,0.0,3.671826258517548,0.0,0.015358175147949663,0.0
0.0,0.0,3.7326942866023147,0.0,0.0018327417208958252,0.0
0.0,0.0,3.470168437313292,0.0,0.0,0.0
0.0,0.0,3.364573830676484,0.0,0.0,0.0
0.0,0.0,3.266933338326458,0.0,0.0,0.0
0.0,0.0,3.2969989773982413,0.0,0.0,0.0
0.0,0.0,3.487622691791688,0.0,0.0052441902881114055,0.0
0.0,0.0,2.842866690285362,-0.006172653897638677,0.027083347951854703,0.0
0.0,0.0,2.8983298117184613,0.0,0.01726956095285471,0.0
0.0,0.0,3.3170844913800392,0.0,0.003927487897019227,0.0
0.0,0.0,2.9864424931395726,0.0,0.0,0.0
0.0,0.0,2.7446101434901786,0.0,0.0,0.0
0.0,0.0,3.2557739570747835,0.0,0.0,0.0
0.0,0.0,2.8358734182028593,0.0,0.0035100179415220715,0.0
0.0,0.0,2.767629007363304,0.0,0.0017880892249901182,0.0
0.0,0.0,2.6064218529783734,0.0,0.007336589270816321,0.0
0.0,0.0,2.7301894551129005,0.0,0.005973385058308388,0.0
0.0,0.0,2.551184552875967,0.0,0.0,0.0
0.0,0.0,2.634135679156067,0.0,0.0,0.0
0.0,0.0,2.8479293839144333,0.0,0.0,0.0
0.0,0.0,2.6577394792680957,0.0,0.0006137757383059405,0.0
0.0,0.0,2.4236527701469086,0.0,0.007758761993261196,0.0
0.0,0.0,2.9085229000070885,0.0,0.011569128656418806,0.0
0.0,0.0,2.7833376044009754,0.0,0.03069447574636725,0.0
0.0,0.0,2.6344760099209985,0.0,0.018421590935421846,0.0
0.0,0.0,2.7572570345623832,0.0,0.00850740052440592,0.0
0.0,0.0,2.9329954481721656,0.0,0.005229052813462613,0.0
0.0,0.0,3.2335652130670978,0.0,0.0005892883851275019,0.0
0.0,0.0,3.1225758243199095,0.0,0.0005546617957007642,0.0
0.0,0.0,3.2459289845499897,0.0,0.0004186699273317181,0.0
0.0,0.0,3.208652311142069,0.0,0.013178912362335964,0.0
0.0,0.0,3.51091019419191,-0.0012460937096268102,0.02326495101411709,0.0
-0.04491129624372468,0.0,2.8861914725164963,-0.005460897683727689,0.03173174855593118,0.0
0.0,0.0,2.6866978714520746,0.0,0.031647083193616456,0.0
0.0,0.0,2.6825217092690634,0.0,0.013258979838964666,0.0
0.0,0.0,2.5095458582488037,0.0,0.0036116816457721643,0.0
0.0,0.0,2.3115169896031578,0.0,0.0,0.0
0.0,0.0,2.2206752877159213,0.0,0.0,0.0
0.0,0.002625224337052996,2.588440655304096,0.0034995325690824882,0.0,0.0
0.0,0.0,2.513764285557764,0.0,0.0,0.0
0.0,0.0,2.1737731007434835,0.0,0.007636447494576299,0.0
0.0,0.0,2.53799583904743,0.0,0.004015407524193352,0.0
0.0,0.0,2.53799583904743,0.0,0.004015407524193352,0.0
0.0,0.0,2.1696218694109524,0.0,0.0,0.0
0.0,0.0,2.3888755610953956,0.0,0.0,0.0
0.0,0.0,3.0414400485611837,0.0060470181582663075,0.0,0.0
0.0,0.0,2.7727060524210865,0.0,0.0,0.0
0.0,0.0,2.546097498086751,0.0,0.003170374208995544,0.0
0.0,0.0,2.8414830601445624,0.0,0.009292507842622044,0.0
0.0,0.0,3.3020996960658806,0.0,0.019673890128469963,0.0
0.0,0.0,2.952765513057747,-0.004491449750087828,0.03351563075057097,0.0
0.0,0.0,2.5912953170503705,-0.0002743718047553681,0.010817434909815975,0.0
0.0,0.0,3.0928161619260033,0.0,0.0,0.0
0.0,0.0,3.0711604381276207,0.0,0.0,0.0
0.0,0.0,2.7748627219762754,0.0,0.0,0.0
0.0,0.0,2.3020872612461094,0.0,0.0,0.0
0.0,0.0,2.7881730481266933,0.0,0.0,0.0
0.0,0.0,3.1881641258184166,0.0,0.0037908915977237895,0.0
0.0,0.0,2.801362143894841,0.0,0.009340096047093963,0.0
0.0,0.0,2.724781315781649,-0.0021469268190706485,0.013558741946289213,0.0
0.0,0.0,2.771931563025049,0.0,0.010794093854664266,0.0
0.0,0.0,3.2350250591609715,0.0,0.00568839922312225,0.0
0.0,0.0,2.9779256033728805,0.0,0.0003847885678501017,0.0
0.0,0.0,2.9309688148966133,0.0,0.0,0.0
0.0,0.0,3.053448489177013,0.0,0.0,0.0
0.0,0.0,3.1614232630893104,0.0,0.0,0.0
0.0,0.0,2.9255904556780896,0.0,0.005115595078222558,0.0
0.0,0.0,2.6688112057070903,0.0,0.007695861677133024,0.0
0.0,0.0,2.9013947355718996,0.0,0.0016956390496534629,0.0
0.0,0.0,2.5818018902134874,0.0,0.0,0.0
0.0,0.0,2.355754615786464,0.0,0.0,0.0
0.0,0.0,2.7689939508170793,0.0,0.0,0.0
0.0,0.0,2.4865363560811597,0.0,0.0,0.0
0.0,0.0,2.280072366880862,0.0,0.0,0.0
0.0,0.0,2.4453869638344625,0.0,0.008207274007294558,0.0
0.0,0.0,2.1968550123003854,0.0,0.01087008932227154,0.0
0.0,0.0,2.1412817658995205,0.0,0.003028075278081836,0.0
0.0,0.0,2.365241539063731,0.0,0.001548448755088091,0.0
0.0,0.0,2.020962740307154,0.0,0.0,0.0
0.0,0.05941037749849,2.271170391355102,0.0,0.0,0.0
0.0,0.16111938500361392,2.7906161804650944,0.015374021887432435,0.0,0.0
0.0,0.0,2.996867515065963,0.00047245037828329127,0.0,0.0
0.0,0.0,2.669379912525689,0.0,0.005330977942072315,0.0
0.0,0.0,2.6044859097907063,-0.003293733423007822,0.0208179887523108,0.0
0.0,0.0,2.627156265320004,0.0,0.018205484136606654,0.0
0.0,0.0,2.7692830212200894,0.0,0.010707566018494452,0.0
0.0,0.0,2.357637590875487,0.0,0.0036674777481982765,0.0
0.0,0.0,1.9115589529043553,0.0,0.0,0.0
0.0,0.20157329160611442,2.395070044993201,0.020655634818897685,0.0,0.0
0.0,0.33809787096780525,2.3500379187324727,0.01872101654578992,0.0,0.0
0.0,0.0,2.1553039311241315,0.0,0.0,0.0
0.0,0.0,1.9199969941448187,0.0,0.00020170520108841162,0.0
0.0,0.0,1.9627185073979292,0.0,0.0047575556573121024,0.0
0.0,0.0,2.1741155334358284,0.0,0.010241903140356563,0.0
0.0,0.0,2.0674179472279453,0.0,0.014312065081494246,0.0
0.0,0.0,1.6241254999602421,0.0,0.00821394363701003,0.0
0.0,0.0,1.9749151740833557,0.0,0.0,0.0
0.0,0.0,2.162898825230032,0.0,0.0,0.0
0.0,0.0,2.0761256239002592,0.0,0.0,0.0
0.0,0.0,1.8194903240249523,0.0,0.0,0.0
0.0,0.0,1.9003643388922917,0.0,0.0,0.0
0.0,0.0,2.1834583920834105,0.0,0.0,0.0
0.0,0.0,2.160441429855665,0.0,0.0032063204733240704,0.0
0.0,0.0,1.890283989303445,0.0,0.009294088983899546,0.0
0.0,0.0,1.7776079560988332,0.0,0.0064163507189781786,0.0
0.0,0.0,2.071983415770746,0.0,0.0,0.0
0.0,0.0,2.1439908155910135,0.0,0.0,0.0
0.0,0.0,1.8528939638826034,0.0,0.0,0.0
0.0,0.0,1.686475637284013,0.0,0.0005749819827968216,0.0
0.0,0.0,1.7563959844240546,0.0,0.0,0.0
0.0,0.0,2.008790364722243,0.00440713825356876,0.0,0.0
0.0,0.0,1.878368782871212,0.000982136368064183,0.0,0.0
0.0,0.0,1.8143969892243703,0.0,0.0,0.0
0.0,0.0,2.0170001308897336,0.0,0.0024275364308254015,0.0
0.0,0.0,1.8959350594042068,0.0,0.008555447731553418,0.0
0.0,0.0,2.0957461499282832,0.0,0.0031557277885454157,0.0
0.0,0.0,2.0395581355312675,0.0,0.013967390877050507,0.0
0.0,0.0,1.7948990678639827,0.0,0.010460138959585022,0.0
0.0,0.0,1.7925558434392355,0.0,0.0030450762940041577,0.0
0.0,0.0,1.821948971606318,0.0,0.0004971202494900599,0.0
0.0,0.0,1.6469657713220183,0.0,0.002548397002689807,0.0
0.0,0.0,1.2964896596878819,0.0,0.0,0.0
0.0,0.0,1.3977369930413666,0.0,0.0,0.0
0.0,0.0,1.5370088085807352,0.0,0.0,0.0
0.0,0.0,1.5570818707050529,0.0,0.0,0.0
0.0,0.0,1.4238721157054435,0.0,0.0049078542463309284,0.0
0.0,0.0,1.506920141584576,0.0,0.00034496757628095325,0.0
0.0,0.0,1.530418603722904,0.0,0.0,0.0
0.0,0.0,1.7056911215763908,0.00035865950809084733,0.0,0.0
0.0,0.0,1.4379879922912384,0.0,0.0,0.0
0.0,0.0,1.583196597149162,0.0,0.0,0.0
0.0,0.0,1.7354826590758201,0.0,0.0,0.0
0.0,0.0,1.8295608343019842,0.0,0.0030665183079785245,0.0
0.0,0.0,1.6765057730286645,0.0,0.015212207472211667,0.0
0.0,0.0,1.8811003447338792,0.0,0.007632962847887384,0.0
0.0,0.0,2.1955342058421192,0.0,0.005617238382225034,0.0
0.0,0.0,2.068323345997821,0.0,0.0021692152277321625,0.0
0.0,0.0,2.2241508172979207,0.0,0.001178806428262537,0.0
0.0,0.0,1.9382106543368351,-0.002583090245473183,0.012279826970702106,0.0
0.0,0.0,1.7275309804572327,-0.007708726781359407,0.00906817148332495,0.0
0.0,0.0,1.7571020935247936,0.0,0.004010498675313502,0.0
0.0,0.0,1.4724943441824445,0.0,0.0033594569716083834,0.0
0.0,0.0,1.313764994194841,0.0,0.0,0.0
0.0,0.0,1.2567433462110884,0.0,0.0,0.0
0.0,0.0,0.9791597342741338,0.0,0.0,0.0
0.04462270174155998,0.0,1.0795022356470114,0.00965998017106092,0.0,0.0
0.0,0.0,1.069149993499419,0.011713438062835375,0.0,0.0
0.0,0.0,0.8802578102662053,0.0,0.0,0.0
0.0,0.0,0.8928209272763501,0.0,0.0,0.0
0.0,0.0,0.9104607861009317,0.0,0.0,0.0
0.0,0.0,0.9878225609841769,0.0,0.0,0.0
0.0,0.0,1.0125558882585266,0.0,0.0,0.0
0.0,0.0,1.00417162312723,0.0,0.0,0.0
0.0,0.0,1.2369576334495445,0.0,0.0,0.0
0.0,0.0,1.2150464012543314,0.0,0.0,0.0
0.0,0.0,1.2791279958794008,0.0,0.0,0.0
0.0,0.0,1.616535680144518,0.0,0.0,0.0
0.0,0.0,1.5599936497216058,0.0,0.0023258018290855643,0.0
0.0,0.0,1.3888192939525938,0.0,0.007338079287397399,0.0
0.0,0.0,1.3759158562399496,0.0,0.008514979918487424,0.0
0.0,0.0,1.31939560728498,0.0,0.0059894889912034495,0.0
0.0,0.0,1.2390615149800888,0.0,0.0031994954623798463,0.0
0.0,0.0,1.2085128633177393,0.0,0.0,0.0
0.0,0.0,1.010257001431933,0.0,0.0,0.0
0.0,0.0,1.1223286285146068,0.0,0.0,0.0
0.0,0.0,0.9899741751854207,0.0013933460561260992,0.0,0.0
0.0,0.0,0.8212409494923454,0.0,0.0,0.0
0.0,0.0,0.8289476724307894,0.0,0.0,0.0
0.0,0.0,0.688189451459681,0.0,0.0,0.0
0.0,0.0,0.7778570009399208,0.0,0.0,0.0
0.0,0.0,0.8449122643495957,0.0002898053454240169,0.0,0.0
0.0,0.0,0.9275796980737259,0.0,0.0,0.0
0.0,0.0,0.8992206629805845,0.0,0.0,0.0
0.0,0.0,0.8562531096145575,0.0,0.0011094668301141765,0.0
0.0,0.0,0.6151559469055071,0.0,0.006804780600025666,0.0
0.0,0.0,0.6840256214542249,0.0,0.0,0.0
0.0,0.0,0.9367539291153761,0.0,0.0,0.0016384060841078425
0.0,0.0,0.8490059175306254,0.0,0.0,0.0013662885785980317
0.0,0.0,0.6693757774678272,0.0,0.0,1.1626039291705723e-05
0.0,0.0,0.8821904560206125,0.0,0.0,0.0004833696322278401
0.0,0.0,0.6540535921608501,0.0,0.0,0.00302904126520988
0.0,0.0,0.6671372887153572,0.0,0.0032681192991811576,0.0
0.0,0.0,0.7379406924183741,0.0,0.0095382049416117,0.0017130167753709798
0.0,0.0,0.7605476061564664,0.0,0.007238588128461313,0.0012510827657594783
0.0,0.0,0.8268688738942164,0.0,0.0,0.004279822695684642
0.0,0.0,0.8979160838387447,0.0,0.0,0.0036061012377195667
0.0,0.0,0.7189357291288112,0.0,0.0,0.0013664185141541638
0.0,0.0,0.7584034971723114,0.0,0.0,0.004628446869378626
0.0,0.0,0.7196341073071453,0.0,0.0,0.0024461801064087655
0.0,0.0,0.6672834671003256,0.0,0.0,0.003046271353237689
0.0,0.0,0.6029332733907079,0.0012171045512651402,0.0,0.0032693945639640024
0.0,0.0,0.6949797384025586,0.007431079826373055,0.0,0.005702537657805913
0.0,0.0,0.5194154912009677,0.0,0.0,0.0041097445381471495
0.0,0.0,0.5102929917385406,0.0,0.0022530263131128776,0.0028597348959131454
0.0,0.0,0.6852912992914336,0.0,0.0018180110772562062,0.000821336044572364
0.0,0.0,0.876935253119876,0.0,0.0001366840360651329,0.0019758267631907727
0.0,0.0,0.8509150872658265,0.0,0.0,0.00241783997309558
0.0,0.0,0.8368847294488558,0.0,0.0005356070750378185,0.0009252193215839265
0.0,0.0,0.7739152572705328,0.0,0.006244582426637123,0.0008127801485173444
0.0,0.0,0.78255223296893,0.0,0.014200690112615464,0.0012245730804465865
0.0,0.0,0.6849088695251491,0.0,0.009490083794630004,0.0
0.0,0.0,0.5773867098136665,0.0,0.005980854626291117,0.00139286963952508
0.0,0.0,0.31329436394228305,0.0,0.0,2.8180323731599117e-06
0.0,0.0,0.2534506063827894,0.0,0.0,0.002120060588130428
0.0,0.0,0.3373485072579785,0.001994033192208083,0.0,0.002913190246809147
0.0,0.0,0.2402657552602266,0.0037317104000305565,0.0,0.0
0.0,0.0,0.11695734633986021,0.0,0.0,0.0018163280743075326
0.0,0.0,0.2403052986701048,0.0020087477162639778,0.0,7.900058668261543e-05
0.0,0.0,0.2564419121231641,0.0,0.0,0.0
0.0,0.0,0.05989495214466746,0.0,0.0,0.0
0.0,0.0,0.10407128489938706,0.0,0.0,0.0
0.0,0.0,0.15834501914162674,0.0,0.0,0.0001407231189029337
0.0,0.0,0.13747906950462924,0.0,0.0,0.0
0.0,0.0,0.26570216569727934,0.00360857486240613,0.0,0.0
0.0,0.0,0.24326562899323378,0.0,0.0,0.0
0.0,0.0,0.24326562899323378,0.0,0.0,0.0
0.0,0.0,0.14868820823457068,0.0,0.0,0.0
0.0,0.0,0.14868820823457068,0.0,0.0,0.0
0.0,0.0,0.13819160906875297,0.0,0.0030148839145131222,0.0
0.0,0.0,0.20050665386794925,0.0,0.0,0.0
0.0,0.0,0.28709391408493384,0.0008563566755852183,0.0,0.0
0.0,0.0,0.22213294760366664,0.008725644163121037,0.0,1.9035425079715652e-05
0.0,0.0,0.4295026857213292,0.002789259999065784,0.0,0.0
0.0,0.0,0.28454519843163395,0.0,0.0023358724307206346,0.0
0.0,0.0,0.3330025819694268,0.0,0.0003840316332602277,0.0
0.0,0.0,0.2881620567613679,0.0,0.0029394256123934934,0.0
0.0,0.0,0.22966712040279885,0.0,0.0043304982045957625,0.0
0.0,0.0,0.26212100466417865,0.0,0.0,0.0
0.0,0.0,0.37084493221449905,0.0,0.00046601098440060307,0.0
0.0,0.0,0.2061756744367648,0.0,0.00021002918390498649,0.0
0.0,0.0,0.18125401971175775,0.0,0.0,0.0
0.0,0.0,0.1959328620368854,0.0,0.0,0.0
0.0,0.0,0.07262574500540664,0.0,0.0,0.0
0.0,0.0,0.14111810084534773,0.0,0.0,0.0
0,0,0,0,0,0
0,0,0,0,0,0
0,0,0,0,0,0
0.0,0.0,0.0031429334852114466,0.0,0.0,0.0
0,0,0,0,0,0
0,0,0,0,0,0
0,0,0,0,0,0
0.0,0.0,0.0,0.0,0.00505233673946584,0.0
0.0,0.0,0.0,0.0,0.00723316480087772,0.0
0.0,0.0,0.0,0.0,0.0022923921062962703,0.0
0,0,0,0,0,0
0.0,0.0,0.0,0.001813902161592123,0.0,0.0
0.0,0.019450622364469518,0.0,0.005777716958996823,0.0,0.0
0.0,0.22637973098117348,0.0,0.0035600864642409643,0.0,0.0
0.0,0.0,0.0,0.0031219453486954385,0.0,0.0
0,0,0,0,0,0
0.0,0.0,0.0,0.0,0.0013028722865099753,0.0
0,0,0,0,0,0
0,0,0,0,0,0
0,0,0,0,0,0
0,0,0,0,0,0
0,0,0,0,0,0
0,0,0,0,0,0
0,0,0,0,0,0
0,0,0,0,0,0
0,0,0,0,0,0
0,0,0,0,0,0
0,0,0,0,0,0
0.0,0.0,0.0,0.0,0.0010646736415973873,0.0
0,0,0,0,0,0
0,0,0,0,0,0
0.0,0.0,0.0,0.00473865306838658,0.0,0.0
0.0,0.2592216062009644,0.0,0.009772479926050678,0.0,0.0
0.0,0.031502045514242995,0.0,0.004929572966316901,0.0,0.0
0,0,0,0,0,0
0,0,0,0,0,0
0.0,0.0,0.0,0.0,0.0004383062294161728,0.0
0.0,0.0,0.0,0.0,0.003441702125107406,0.0
0,0,0,0,0,0
0,0,0,0,0,0
0,0,0,0,0,0
0,0,0,0,0,0
0,0,0,0,0,0
0,0,0,0,0,0
0.0,0.0,0.0,0.0,0.0002359904681125893,0.0
0.0,0.0,0.0,0.0,0.0043824053232117115,0.0
0.0,0.0,0.0,0.0,0.001027157971605576,0.0
0,0,0,0,0,0
0.0,0.06233602961263701,0.0,0.002617031834938165,0.0,0.0
0.0,0.14907884459997162,0.0,0.008125731620832742,0.0,0.0
0.0,0.0,0.0,0.002715328950772645,0.0,0.0
0,0,0,0,0,0
0,0,0,0,0,0
0,0,0,0,0,0
0,0,0,0,0,0
0,0,0,0,0,0
0,0,0,0,0,0
0,0,0,0,0,0
0,0,0,0,0,0
0,0,0,0,0,0
0,0,0,0,0,0
0.0,0.0,0.0,0.0,0.0008846696275994782,0.0
0,0,0,0,0,0
0,0,0,0,0,0
0,0,0,0,0,0
0,0,0,0,0,0
0.0,0.0,0.0,0.0025931506303521162,0.0,0.0
0.0,0.0,0.0,0.002827405162531997,0.0,0.0
0.0,0.0,0.0,0.00250233506613123,0.0,0.0
0,0,0,0,0,0
0,0,0,0,0,0
0,0,0,0,0,0
0,0,0,0,0,0
0,0,0,0,0,0
0,0,0,0,0,0
0,0,0,0,0,0
0.0,0.0,0.0,0.0020112757244338465,0.0,0.0
0,0,0,0,0,0
0,0,0,0,0,0
0,0,0,0,0,0
0,0,0,0,0,0
0,0,0,0,0,0
0,0,0,0,0,0
0.0,0.0,0.0,0.00019028365791569842,0.0,0.0
0.0,0.0,0.0,0.0037770391448578174,0.0,0.0
0.0,0.0,0.0,0.009489447656141584,0.0,0.0
0.0,0.0,0.0,0.008832142454265514,0.0,0.0
0.0,0.0,0.0,0.009676110547744587,0.0,0.0
0.0,0.0,0.0,0.0020184870650019468,0.0,0.0
0,0,0,0,0,0
0,0,0,0,0,0
0,0,0,0,0,0
0,0,0,0,0,0
0,0,0,0,0,0
0.0,0.0,0.0,0.002359920833534681,0.0,0.0
0.0,0.0,0.0,0.002359920833534681,0.0,0.0
0.0,0.0,-0.07053699457134045,0.0,0.0,0.0
0.0,0.0,-0.07053699457134045,0.0,0.0,0.0
0.0,0.0,-0.12342717293451792,0.0,0.0,0.0
0.0,0.0,-0.18069432166926222,0.0,0.0,0.0
0.0,0.0,-0.15076214138863392,0.0,0.0,0.0
0.0,0.0,-0.1751207209265539,0.0,0.0,0.0
0.0,0.0,-0.10376315386316999,0.0,0.0,0.0
0.0,0.0,-0.27586322856225964,0.0,0.0,0.0
0.0,0.0,-0.2603236431432377,0.002422586880718082,0.0,0.0
0.0,0.0,-0.3023981138084035,0.0037907685960962036,0.0,0.0
0.0,0.0,-0.3437272648383283,0.009052009042870658,0.0,0.0
0.0,0.0,-0.5063281728286817,0.006325232595724388,0.0,0.0
0.0,0.0,-0.425850427822742,0.0065152097395786476,0.0,0.0
0.0,0.0,-0.6331219794939453,0.0,0.0,0.0
0.0,0.0,-0.5767259279958916,0.0,0.0,0.0
0.0,0.0,-0.5241429860817002,0.0,0.0,0.0
0.0,0.0,-0.4130069636098114,0.0,0.0,0.0
0.0,0.0,-0.4358850112666631,0.00035472560555183965,0.0,0.0
0.0,0.0,-0.46564728495578633,0.005878807297204057,0.0,0.0
0.0,0.0,-0.45845649505339303,0.004118121201226961,0.0,0.0
0.0,0.0,-0.42259675498569527,0.009291819977125674,0.0,0.0
0.0,0.0,-0.5843021469172636,0.0066949816335429655,0.0,0.0
0.0,0.0,-0.5773173733289971,0.003401639871215742,0.0,0.0
0.0,0.0,-0.6354673311841311,0.0022593898111350186,0.0,0.0
0.0,0.0,-0.6866870037336544,0.0015409160640315381,0.0,0.0
0.0,0.0,-0.7011906564881716,0.0,0.0,0.0
0.0,0.0,-0.6847074874851035,0.0,0.0,0.0
0.0,0.0,-0.485955252743668,0.0,0.0,0.0
0.0,0.0,-0.36233941006830345,9.564591441041315e-05,0.0,0.0
0.0,0.0,-0.37506197061487323,0.0020366285350588405,0.0,0.0
0.0,0.0,-0.36347169074418145,0.0,0.0,0.0
0.0,0.0,-0.37950871337617303,0.0023539963542978026,0.0,0.0
0.0,0.0,-0.30082508379425504,0.007511185296634701,0.0,0.0
0.0,0.0,-0.4184784362087467,0.010101374232955611,0.0,0.0
0.0,0.0,-0.42507335931945206,0.005592874046145549,0.0,0.0
0.0,0.0,-0.48301459151844905,0.0046623463561349535,0.0,0.0
0.0,0.0,-0.43839672380818173,0.00010440184665507844,0.0,0.0
0.0,0.0,-0.56350545825423,0.0,0.0,0.0
0.0,0.0,-0.5004959387100631,0.0,0.0,0.0
0.0,0.0,-0.5901768447017718,0.0,0.0,0.0
0.0,0.0,-0.6371754424361393,0.0006382510765483272,0.0,0.0
0.0,0.0,-0.4642285417100746,0.006986729733162016,0.0,0.0
0.0,0.0,-0.43377319853060775,0.0028546420294310224,0.0,0.0
0.0,0.0,-0.5364767522765935,0.0006327439371859205,0.0,0.0
0.0,0.0,-0.4565328691089888,0.0018708587463399748,0.0,0.0
0.0,0.0,-0.48318069684056547,0.003121705483935137,0.0,0.0
0.0,0.0,-0.5217736108057021,0.005895792816738341,0.0,0.0
0.0,0.0,-0.537474784652213,0.008236934486148659,0.0,0.0
0.0,0.0,-0.5218409038728072,0.008936424120108232,0.0,0.0
0.0,0.0,-0.5349217034728314,0.002345624249694793,0.0,0.0
0.0,0.0,-0.6684566618505288,0.0019930696652884963,0.0,0.0
0.0,0.0,-0.6109424713123566,0.0023598311942447992,0.0,0.0
0.0,0.0,-0.4545953748016268,0.001398306629022229,0.0,0.0
0.0,0.0,-0.5062686052802812,0.0023140243281286905,0.0,0.0
0.0,0.0,-0.46222408497752887,0.004630714072010545,0.0,0.0
0.0,0.0,-0.3571696870912708,0.0028339151105621317,0.0,0.0
0.0,0.0,-0.4804359526449405,0.0015376794888364842,0.0,0.0
0.0,0.0,-0.3136915749200512,0.0,0.0,0.0
0.0,0.0,-0.3302697131022788,0.0,0.0,0.0
0.0,0.0,-0.32159232325188497,0.0,0.0,0.0
0.0,0.0,-0.3511422779735317,0.0,0.0,0.0
0.0,0.0,-0.25369155854952863,0.0012724988045262143,0.0,0.0
0.0,0.0,-0.3720446628993373,0.0009775966298995733,0.0,0.0
0.0,0.0,-0.3095260263328742,0.0035495579519638928,0.0,0.0
0.0,0.0,-0.2892931745638244,0.004753064659704145,0.0,0.0
0.0,0.0,-0.45002214513201516,0.0014289744938907694,0.0,0.0
0.0,0.0,-0.32999009016928427,0.002071699315733321,0.0,0.0
0.0,0.0,-0.275688673364241,0.004819225305964401,0.0,0.0
0.0,0.0,-0.24656165839317734,0.003987610390219178,0.0,0.0
0.0,0.0,-0.3824291621678053,0.0,0.0,0.0
0.0,0.0,-0.2441194027185732,0.0,0.0,0.0
0.0,0.0,-0.29041756333545315,0.0,0.0,0.0
0.0,0.0,-0.275841107908149,0.0,0.0,0.0
0.0,0.0,-0.3763186135398114,0.0,0.0,0.0
0.0,0.0,-0.38756047707755303,0.0,0.0,0.0
0.0,0.0,-0.2155772628180967,0.0027817256541073482,0.0,0.0
0.0,0.0,-0.3569634525740518,0.006372136693905279,0.0,0.0
0.0,0.0,-0.3125461980738922,0.0068841524707706995,0.0,0.0
0.0,0.0,-0.3306393928922527,0.00710540846311621,0.0,0.0
0.0,0.0,-0.428971685437128,0.0008850847361083462,0.0,0.0
0.0,0.0,-0.43626907297734674,0.0015013814945374516,0.0,0.0
0.0,0.0,-0.4843240124606,0.0003644324392667533,0.0,0.0
0.0,0.0,-0.4833732370354881,0.0023034714170391095,0.0,0.0
0.0,0.0,-0.42171445795848317,0.011511859409618304,0.0,0.0
0.0,0.0,-0.362958262201833,0.01032432626309048,0.0,0.0
0.0,0.0,-0.41617892968066983,0.008265225845798873,0.0,0.0
0.0,0.0,-0.3727594392344704,0.0038936600006750422,0.0,0.0
0.0,0.0,-0.2779154059964187,0.0,0.0,0.0
0.0,0.0,-0.2756805408671611,0.0,0.0,0.0
0.0,0.0,-0.16933661510174644,0.0,0.0,0.0
0.0,0.0,-0.13952308688788212,0.0,0.0,0.0
0.0,0.0,-0.05133052029933209,0.0,0.0,0.0
0.0,0.0,-0.032210225213684156,0.0,0.0,0.0
0.0,0.0,0.0,0.0014201310236921232,0.0,0.0
0.0,0.0,0.0,0.0014201310236921232,0.0,0.0
0.0,0.0,-0.0553353948080597,0.0010966693561410368,0.0,0.0
0.0,0.0,-0.11361419353558981,0.0,0.0,0.0
0.0,0.0,-0.14099337192841782,0.0,0.0,0.0
0.0,0.0,-0.11979816665403434,0.0006478912905614898,0.0,0.0
0.0,0.0,-0.1001140565688016,0.0005534601311060225,0.0,0.0
0.0,0.0,-0.21496674131874735,0.003435833303274287,0.0,0.0
0.0,0.0,-0.15247329213346017,0.002862180188677266,0.0,0.0
0.0,0.0,-0.2394657402780318,0.004533886373450562,0.0,0.0
0.0,0.0,-0.14789927736814862,0.002549548464373984,0.0,0.0
0.0,0.0,-0.22671682172415114,0.0,0.0,0.0
0.0,0.0,-0.19741912905072076,0.0,0.0,0.0
0.0,0.0,-0.19741912905072076,0.0,0.0,0.0
0.0,0.0,-0.21986856594066442,0.0,0.0,0.0
0.0,0.0,-0.2529671623546804,0.002540531415841725,0.0,0.0
0.0,0.0,-0.17180078273757335,0.0,0.0,0.0
0.0,0.0,-0.3142529286054168,0.000921098588985007,0.0,0.0
0.0,0.0,-0.28631171151394114,0.001864041060131657,0.0,0.0
0.0,0.0,-0.2194859279465348,0.003652167925992461,0.0,0.0
0.0,0.0,-0.2779060552553766,0.0030977678206766607,0.0,0.0
0.0,0.0,-0.30295867885277294,0.004884861861881742,0.0,0.0
0.0,0.0,-0.28149704394029684,0.0060047745356419015,0.0,0.0
0.0,0.0,-0.23384360484193634,0.009879448508955476,0.0,0.0
0.0,0.0,-0.26542783395282404,0.004000442501764011,0.0,0.0
0.0,0.0,-0.33356016602233185,0.003853312288661437,0.0,0.0
0.0,0.0,-0.24680937795132446,0.004428108529038952,0.0,0.0
0.0,0.0,-0.3289205257141782,0.00041829203820118236,0.0,0.0
0.0,0.0,-0.23972877939075388,0.0009946252066141918,0.0,0.0
0.0,0.0,-0.20093053138619177,0.0007545417840871362,0.0,0.0
0.0,0.0,-0.20239902616820982,0.0005745435772000252,0.0,0.0
0.0,0.0,-0.12993919129308037,0.0010704283176048237,0.0,0.0
0.0,0.0,-0.13873833432660165,0.0,0.0,0.0
0.0,0.0,-0.1055582828243559,0.0,0.0,0.0
0,0,0,0,0,0
0,0,0,0,0,0
0,0,0,0,0,0
0,0,0,0,0,0
0,0,0,0,0,0
0,0,0,0,0,0
0,0,0,0,0,0
0,0,0,0,0,0
0,0,0,0,0,0
0,0,0,0,0,0
0,0,0,0,0,0
0,0,0,0,0,0
0,0,0,0,0,0
0,0,0,0,0,0
0,0,0,0,0,0
0,0,0,0,0,0
0,0,0,0,0,0
0,0,0,0,0,0
0,0,0,0,0,0
0,0,0,0,0,0
0,0,0,0,0,0
0,0,0,0,0,0
0,0,0,0,0,0
0,0,0,0,0,0
0,0,0,0,0,0
0,0,0,0,0,0
0,0,0,0,0,0
0,0,0,0,0,0
0,0,0,0,0,0
0,0,0,0,0,0
0,0,0,0,0,0
0,0,0,0,0,0
0,0,0,0,0,0
0,0,0,0,0,0
0,0,0,0,0,0
0,0,0,0,0,0
0,0,0,0,0,0
0,0,0,0,0,0
0,0,0,0,0,0
0,0,0,0,0,0
0,0,0,0,0,0
0,0,0,0,0,0
0,0,0,0,0,0
0,0,0,0,0,0
0,0,0,0,0,0
0,0,0,0,0,0
0,0,0,0,0,0
0,0,0,0,0,0
0,0,0,0,0,0
0,0,0,0,0,0
0,0,0,0,0,0
0,0,0,0,0,0
0,0,0,0,0,0
0,0,0,0,0,0
0,0,0,0,0,0
0,0,0,0,0,0
0,0,0,0,0,0
0,0,0,0,0,0
0,0,0,0,0,0
0,0,0,0,0,0
0,0,0,0,0,0
0,0,0,0,0,0
0,0,0,0,0,0
0,0,0,0,0,0
0,0,0,0,0,0
0,0,0,0,0,0
0,0,0,0,0,0
0,0,0,0,0,0
0,0,0,0,0,0
0,0,0,0,0,0
0,0,0,0,0,0
0,0,0,0,0,0
0,0,0,0,0,0
0,0,0,0,0,0
0,0,0,0,0,0
0,0,0,0,0,0
0,0,0,0,0,0
0,0,0,0,0,0
0,0,0,0,0,0
0,0,0,0,0,0
0,0,0,0,0,0
0,0,0,0,0,0
0,0,0,0,0,0
0,0,0,0,0,0
0,0,0,0,0,0
0,0,0,0,0,0
0,0,0,0,0,0
0,0,0,0,0,0
0,0,0,0,0,0
0,0,0,0,0,0
0,0,0,0,0,0
0,0,0,0,0,0
0,0,0,0,0,0
0,0,0,0,0,0
0,0,0,0,0,0
0,0,0,0,0,0
0,0,0,0,0,0
0,0,0,0,0,0
0,0,0,0,0,0
0,0,0,0,0,0
0,0,0,0,0,0
0,0,0,0,0,0
0,0,0,0,0,0
0,0,0,0,0,0
0,0,0,0,0,0
0,0,0,0,0,0
0,0,0,0,0,0
0,0,0,0,0,0
0,0,0,0,0,0
0,0,0,0,0,0
0,0,0,0,0,0
0,0,0,0,0,0
0,0,0,0,0,0
0,0,0,0,0,0
0,0,0,0,0,0
0,0,0,0,0,0
0,0,0,0,0,0
0,0,0,0,0,0
0,0,0,0,0,0
0,0,0,0,0,0
0,0,0,0,0,0
0,0,0,0,0,0
0,0,0,0,0,0
0,0,0,0,0,0
0,0,0,0,0,0
0,0,0,0,0,0
0,0,0,0,0,0
0,0,0,0,0,0
0,0,0,0,0,0
0,0,0,0,0,0
0,0,0,0,0,0
0,0,0,0,0,0
0,0,0,0,0,0
0,0,0,0,0,0
0,0,0,0,0,0
0,0,0,0,0,0
0,0,0,0,0,0
0,0,0,0,0,0
0,0,0,0,0,0
0,0,0,0,0,0
0,0,0,0,0,0
0,0,0,0,0,0
0,0,0,0,0,0
0,0,0,0,0,0
0,0,0,0,0,0
0,0,0,0,0,0
0,0,0,0,0,0
0,0,0,0,0,0
0,0,0,0,0,0
0,0,0,0,0,0
0,0,0,0,0,0
0,0,0,0,0,0
0,0,0,0,0,0
0,0,0,0,0,0
0,0,0,0,0,0
0,0,0,0,0,0
0,0,0,0,0,0
0,0,0,0,0,0
0,0,0,0,0,0
0,0,0,0,0,0
0,0,0,0,0,0
0,0,0,0,0,0
0,0,0,0,0,0
0,0,0,0,0,0
0,0,0,0,0,0
0,0,0,0,0,0
0,0,0,0,0,0
0,0,0,0,0,0
0,0,0,0,0,0
0,0,0,0,0,0
0,0,0,0,0,0
0,0,0,0,0,0
0,0,0,0,0,0
0,0,0,0,0,0
0,0,0,0,0,0
0,0,0,0,0,0
0,0,0,0,0,0
0,0,0,0,0,0
0,0,0,0,0,0
0,0,0,0,0,0
0,0,0,0,0,0
0,0,0,0,0,0
0,0,0,0,0,0
0,0,0,0,0,0
0,0,0,0,0,0
0,0,0,0,0,0
0,0,0,0,0,0
0,0,0,0,0,0
0,0,0,0,0,0
0,0,0,0,0,0
0,0,0,0,0,0
0,0,0,0,0,0
0,0,0,0,0,0
0,0,0,0,0,0
0,0,0,0,0,0
0,0,0,0,0,0
0,0,0,0,0,0
0,0,0,0,0,0
0,0,0,0,0,0
0,0,0,0,0,0
0,0,0,0,0,0
0,0,0,0,0,0
0,0,0,0,0,0
0,0,0,0,0,0
0,0,0,0,0,0
0,0,0,0,0,0
0,0,0,0,0,0
0,0,0,0,0,0
0,0,0,0,0,0
0,0,0,0,0,0
0,0,0,0,0,0
0,0,0,0,0,0
0,0,0,0,0,0
0,0,0,0,0,0
0,0,0,0,0,0
0,0,0,0,0,0
0,0,0,0,0,0
0,0,0,0,0,0
0,0,0,0,0,0
0,0,0,0,0,0
0,0,0,0,0,0
0,0,0,0,0,0
0,0,0,0,0,0
0,0,0,0,0,0
0,0,0,0,0,0
0,0,0,0,0,0
0,0,0,0,0,0
0,0,0,0,0,0
0,0,0,0,0,0
0,0,0,0,0,0
0,0,0,0,0,0
0,0,0,0,0,0
0,0,0,0,0,0
0,0,0,0,0,0
0,0,0,0,0,0
0,0,0,0,0,0
0,0,0,0,0,0
0,0,0,0,0,0
0,0,0,0,0,0
0,0,0,0,0,0
0,0,0,0,0,0
0,0,0,0,0,0
0,0,0,0,0,0
0,0,0,0,0,0
0,0,0,0,0,0
0,0,0,0,0,0
0,0,0,0,0,0
0,0,0,0,0,0
0,0,0,0,0,0
0,0,0,0,0,0
0,0,0,0,0,0
0,0,0,0,0,0
0,0,0,0,0,0
0,0,0,0,0,0
0,0,0,0,0,0
0,0,0,0,0,0
0,0,0,0,0,0
0,0,0,0,0,0
0,0,0,0,0,0
0,0,0,0,0,0
0,0,0,0,0,0
0,0,0,0,0,0
0,0,0,0,0,0
0,0,0,0,0,0
0,0,0,0,0,0
0,0,0,0,0,0
0,0,0,0,0,0
0,0,0,0,0,0
0,0,0,0,0,0
0,0,0,0,0,0
0,0,0,0,0,0
0,0,0,0,0,0
0,0,0,0,0,0
0,0,0,0,0,0
0,0,0,0,0,0
0,0,0,0,0,0
0,0,0,0,0,0
0,0,0,0,0,0
0,0,0,0,0,0
0,0,0,0,0,0
0,0,0,0,0,0
0,0,0,0,0,0
0,0,0,0,0,0
0,0,0,0,0,0
0,0,0,0,0,0
0,0,0,0,0,0
0,0,0,0,0,0
0,0,0,0,0,0
0,0,0,0,0,0
0,0,0,0,0,0
0,0,0,0,0,0
0,0,0,0,0,0
0,0,0,0,0,0
0,0,0,0,0,0
0,0,0,0,0,0
0,0,0,0,0,0
0,0,0,0,0,0
0,0,0,0,0,0
0,0,0,0,0,0
0,0,0,0,0,0
0,0,0,0,0,0
0,0,0,0,0,0
0,0,0,0,0,0
0,0,0,0,0,0
0,0,0,0,0,0
0,0,0,0,0,0
0,0,0,0,0,0
0,0,0,0,0,0
0,0,0,0,0,0
0,0,0,0,0,0
0,0,0,0,0,0
0,0,0,0,0,0
0,0,0,0,0,0
0,0,0,0,0,0
0,0,0,0,0,0
0,0,0,0,0,0
0,0,0,0,0,0
0,0,0,0,0,0
0,0,0,0,0,0
0,0,0,0,0,0
0,0,0,0,0,0
0,0,0,0,0,0
0,0,0,0,0,0
0,0,0,0,0,0
0,0,0,0,0,0
0,0,0,0,0,0
0,0,0,0,0,0
0,0,0,0,0,0
0,0,0,0,0,0
0,0,0,0,0,0
0,0,0,0,0,0
0,0,0,0,0,0
0,0,0,0,0,0
0,0,0,0,0,0
0,0,0,0,0,0
0,0,0,0,0,0
0,0,0,0,0,0
0,0,0,0,0,0
0,0,0,0,0,0
0,0,0,0,0,0
0,0,0,0,0,0
0,0,0,0,0,0
0,0,0,0,0,0
0,0,0,0,0,0
0,0,0,0,0,0
0,0,0,0,0,0
0,0,0,0,0,0
0,0,0,0,0,0
0,0,0,0,0,0
0,0,0,0,0,0
0,0,0,0,0,0
0,0,0,0,0,0
0,0,0,0,0,0
0,0,0,0,0,0
0,0,0,0,0,0
0,0,0,0,0,0
0,0,0,0,0,0
0,0,0,0,0,0
0,0,0,0,0,0
0,0,0,0,0,0
0,0,0,0,0,0
0,0,0,0,0,0
0,0,0,0,0,0
0,0,0,0,0,0
0,0,0,0,0,0
0,0,0,0,0,0
0,0,0,0,0,0
0,0,0,0,0,0
0,0,0,0,0,0
0,0,0,0,0,0
0,0,0,0,0,0
0,0,0,0,0,0
0,0,0,0,0,0
0,0,0,0,0,0
0,0,0,0,0,0
0,0,0,0,0,0
0,0,0,0,0,0
0,0,0,0,0,0
0,0,0,0,0,0
0,0,0,0,0,0
0,0,0,0,0,0
0,0,0,0,0,0
0,0,0,0,0,0
0,0,0,0,0,0
0,0,0,0,0,0
0,0,0,0,0,0
0,0,0,0,0,0
0,0,0,0,0,0
0,0,0,0,0,0
0,0,0,0,0,0
0,0,0,0,0,0
0,0,0,0,0,0
0,0,0,0,0,0
0,0,0,0,0,0
0,0,0,0,0,0
0,0,0,0,0,0
0,0,0,0,0,0
0,0,0,0,0,0
0,0,0,0,0,0
0,0,0,0,0,0
0,0,0,0,0,0
0,0,0,0,0,0
0,0,0,0,0,0
0,0,0,0,0,0
0,0,0,0,0,0
0,0,0,0,0,0
0,0,0,0,0,0
0,0,0,0,0,0
0,0,0,0,0,0
0,0,0,0,0,0
0,0,0,0,0,0
0,0,0,0,0,0
0,0,0,0,0,0
0,0,0,0,0,0
0,0,0,0,0,0
0,0,0,0,0,0
0,0,0,0,0,0
0,0,0,0,0,0
0,0,0,0,0,0
0,0,0,0,0,0
0,0,0,0,0,0
0,0,0,0,0,0
0,0,0,0,0,0
0,0,0,0,0,0
0,0,0,0,0,0
0,0,0,0,0,0
0,0,0,0,0,0
0,0,0,0,0,0
0,0,0,0,0,0
0,0,0,0,0,0
0,0,0,0,0,0
0,0,0,0,0,0
0,0,0,0,0,0
0,0,0,0,0,0
0,0,0,0,0,0
0,0,0,0,0,0
0,0,0,0,0,0
0,0,0,0,0,0
0,0,0,0,0,0
0,0,0,0,0,0
0,0,0,0,0,0
0,0,0,0,0,0
0,0,0,0,0,0
0,0,0,0,0,0
0,0,0,0,0,0
0,0,0,0,0,0
0,0,0,0,0,0
0,0,0,0,0,0
0,0,0,0,0,0
0,0,0,0,0,0
0,0,0,0,0,0
0,0,0,0,0,0
0,0,0,0,0,0
0,0,0,0,0,0
0,0,0,0,0,0
0,0,0,0,0,0
0,0,0,0,0,0
0,0,0,0,0,0
0,0,0,0,0,0
0,0,0,0,0,0
0,0,0,0,0,0
0,0,0,0,0,0
0,0,0,0,0,0
0,0,0,0,0,0
0,0,0,0,0,0
0,0,0,0,0,0
0,0,0,0,0,0
0,0,0,0,0,0
0,0,0,0,0,0
0,0,0,0,0,0
0,0,0,0,0,0
0,0,0,0,0,0
0,0,0,0,0,0
0,0,0,0,0,0
0,0,0,0,0,0
0,0,0,0,0,0
0,0,0,0,0,0
0,0,0,0,0,0
0,0,0,0,0,0
0,0,0,0,0,0
0,0,0,0,0,0
0,0,0,0,0,0
0,0,0,0,0,0
0,0,0,0,0,0
0,0,0,0,0,0
0,0,0,0,0,0
0,0,0,0,0,0
0,0,0,0,0,0
0,0,0,0,0,0
0,0,0,0,0,0
0,0,0,0,0,0
0,0,0,0,0,0
0,0,0,0,0,0
0,0,0,0,0,0
0,0,0,0,0,0
0,0,0,0,0,0
0,0,0,0,0,0
0,0,0,0,0,0
0,0,0,0,0,0
0,0,0,0,0,0
0,0,0,0,0,0
0,0,0,0,0,0
0,0,0,0,0,0
0,0,0,0,0,0
0,0,0,0,0,0
0,0,0,0,0,0
0,0,0,0,0,0
0,0,0,0,0,0
0,0,0,0,0,0
0,0,0,0,0,0
0,0,0,0,0,0
0,0,0,0,0,0
0,0,0,0,0,0
0,0,0,0,0,0
0,0,0,0,0,0
0,0,0,0,0,0
0,0,0,0,0,0
0,0,0,0,0,0
0,0,0,0,0,0
0,0,0,0,0,0
0,0,0,0,0,0
0,0,0,0,0,0
0,0,0,0,0,0
0,0,0,0,0,0
0,0,0,0,0,0
0,0,0,0,0,0
0,0,0,0,0,0
0,0,0,0,0,0
0,0,0,0,0,0
0,0,0,0,0,0
0,0,0,0,0,0
0,0,0,0,0,0
0,0,0,0,0,0
0,0,0,0,0,0
0,0,0,0,0,0
0,0,0,0,0,0
0,0,0,0,0,0
0,0,0,0,0,0
0,0,0,0,0,0
0,0,0,0,0,0
0,0,0,0,0,0
0,0,0,0,0,0
0,0,0,0,0,0
0,0,0,0,0,0
0,0,0,0,0,0
0,0,0,0,0,0
0,0,0,0,0,0
0,0,0,0,0,0
0,0,0,0,0,0
0,0,0,0,0,0
0,0,0,0,0,0
0,0,0,0,0,0
0,0,0,0,0,0
0,0,0,0,0,0
0,0,0,0,0,0
0,0,0,0,0,0
0,0,0,0,0,0
0,0,0,0,0,0
0,0,0,0,0,0
0,0,0,0,0,0
