0,0,0,0,0,0
0,0,0,0,0,0
0,0,0,0,0,0
0,0,0,0,0,0
0,0,0,0,0,0
0,0,0,0,0,0
0,0,0,0,0,0
0,0,0,0,0,0
0,0,0,0,0,0
0,0,0,0,0,0
0,0,0,0,0,0
0,0,0,0,0,0
0,0,0,0,0,0
0,0,0,0,0,0
0,0,0,0,0,0
0,0,0,0,0,0
0,0,0,0,0,0
0,0,0,0,0,0
0,0,0,0,0,0
0,0,0,0,0,0
0,0,0,0,0,0
0,0,0,0,0,0
0,0,0,0,0,0
0,0,0,0,0,0
0,0,0,0,0,0
0,0,0,0,0,0
0,0,0,0,0,0
0,0,0,0,0,0
0,0,0,0,0,0
0,0,0,0,0,0
0,0,0,0,0,0
0,0,0,0,0,0
0,0,0,0,0,0
0,0,0,0,0,0
0,0,0,0,0,0
0,0,0,0,0,0
0,0,0,0,0,0
0,0,0,0,0,0
0,0,0,0,0,0
0,0,0,0,0,0
0,0,0,0,0,0
0,0,0,0,0,0
0,0,0,0,0,0
0,0,0,0,0,0
0,0,0,0,0,0
0,0,0,0,0,0
0,0,0,0,0,0
0,0,0,0,0,0
0,0,0,0,0,0
0,0,0,0,0,0
0,0,0,0,0,0
0,0,0,0,0,0
0,0,0,0,0,0
0,0,0,0,0,0
0,0,0,0,0,0
0,0,0,0,0,0
0,0,0,0,0,0
0,0,0,0,0,0
0,0,0,0,0,0
0,0,0,0,0,0
0,0,0,0,0,0
0,0,0,0,0,0
0,0,0,0,0,0
0,0,0,0,0,0
0,0,0,0,0,0
0,0,0,0,0,0
0,0,0,0,0,0
0,0,0,0,0,0
0,0,0,0,0,0
0,0,0,0,0,0
0,0,0,0,0,0
0,0,0,0,0,0
0,0,0,0,0,0
0,0,0,0,0,0
0,0,0,0,0,0
0,0,0,0,0,0
0,0,0,0,0,0
0,0,0,0,0,0
0,0,0,0,0,0
0,0,0,0,0,0
0,0,0,0,0,0
0,0,0,0,0,0
0,0,0,0,0,0
0,0,0,0,0,0
0,0,0,0,0,0
0,0,0,0,0,0
0,0,0,0,0,0
0,0,0,0,0,0
0,0,0,0,0,0
0,0,0,0,0,0
0,0,0,0,0,0
0,0,0,0,0,0
0,0,0,0,0,0
0,0,0,0,0,0
0,0,0,0,0,0
0,0,0,0,0,0
0,0,0,0,0,0
0,0,0,0,0,0
0,0,0,0,0,0
0,0,0,0,0,0
0,0,0,0,0,0
0,0,0,0,0,0
0,0,0,0,0,0
0,0,0,0,0,0
0,0,0,0,0,0
0,0,0,0,0,0
0,0,0,0,0,0
0,0,0,0,0,0
0,0,0,0,0,0
0,0,0,0,0,0
0,0,0,0,0,0
0,0,0,0,0,0
0,0,0,0,0,0
0,0,0,0,0,0
0,0,0,0,0,0
0,0,0,0,0,0
0,0,0,0,0,0
0,0,0,0,0,0
0,0,0,0,0,0
0,0,0,0,0,0
0,0,0,0,0,0
0,0,0,0,0,0
0,0,0,0,0,0
0,0,0,0,0,0
0,0,0,0,0,0
0,0,0,0,0,0
0.0,0.0,0.005285761607600964,0.0,0.0,0.0
0,0,0,0,0,0
0.0,0.0,0.0,0.0,0.0007897868853158436,0.0
0.0,0.0,0.0,0.0,0.0004892438033871454,0.0
0.0,0.0,0.0,0.0,0.0039005901864875856,0.0
0.0,0.0,0.040948368670643075,0.0,0.0033252312603167236,0.0
0.0,0.0,0.0559440128560452,0.0,0.0036083773226755467,0.0
0.0,0.0,0.10818650880129235,0.0,0.0,0.0
0.0,0.0,0.12344342028072915,0.0,0.0010340729267885936,0.0
0.0,0.0,0.3061513805672023,0.0,0.00034211650969653016,0.0
0.0,0.0,0.12671975791120488,0.0,0.001379745734729335,0.0
0.0,0.0,0.24052819166409564,0.0,0.00011424585448175993,0.0
0.0,0.0,0.23422701976051236,0.0,0.0010944296950672395,0.0
0.0,0.0,0.28969441568698395,0.0,0.0,0.0
0.0,0.0,0.23141466962732576,0.0,0.0,0.0
0.0,0.0,0.2921065686984447,0.0,0.0017144343141031998,0.0
0.0,0.0,0.337380620157835,0.0,0.0,0.0
0.0,0.0,0.3783287453607799,0.0,0.0,0.0
0.0,0.0,0.4339597973284491,0.0,0.0,0.0
0.0,0.0,0.47551892177734717,0.0,0.0,0.0
0.0,0.0,0.4767826847457048,0.0,0.0,0.0
0.0,0.0,0.4785171333366491,0.0,0.0,0.0
0.0,0.0,0.5304963871438818,0.0,0.0,0.0
0.0,0.0,0.6462814451224014,0.0,0.0,0.0
0.0,0.0,0.6638816282532435,0.0,0.0,0.0
0.0,0.0,0.6548057404908627,0.0,0.0,0.0
0.0,0.0,0.6436912288235096,0.0,0.0,0.0
0.0,0.0,0.6644913271816415,0.0,0.0,0.0
0.0,0.0,0.8146373521074702,0.0,0.0014511785232121585,0.0
0.0,0.0,0.7130591542527294,0.0,0.0010002039367387095,0.0
0.0,0.0,0.7642456190334614,0.0,0.0,0.0
0.0,0.0,0.8031938768303422,0.0,0.0,0.0
0.0,0.0,0.8764003805742873,0.0,0.0,0.0
0.0,0.0,0.9766350075800743,0.0,0.0,0.0
0.0,0.0,0.8777708343702477,0.0,0.0,0.0
0.0,0.0,1.0323671010528346,0.0,0.0,0.0
0.0,0.0,1.1393979329527195,-0.0006738952576366799,0.0,0.0
0.0,0.0,1.1629215838391347,0.0,0.0,0.0
0.0,0.0,1.310787604236524,0.0,0.0,0.0
0.0,0.0,1.2176744329419293,0.0,0.0,0.0
0.0,0.0,1.2411013171823386,0.0,0.0,0.0
0.0,0.0,1.2740456725562634,0.0,0.0,0.0
0.0,0.0,1.332809988253258,-0.0020752986182526493,0.0,0.0
0.0,0.0,1.3446878178273969,-0.0016705053291745417,0.0,0.0
0.0,0.0,1.4584491072477586,0.0,0.0,0.0
0.0,0.0,1.4689934960081734,-0.0004691009680867186,0.0,0.0
0.0,0.0,1.5421579371968177,0.0,0.0,0.0
0.0,0.0,1.5421579371968177,0.0,0.0,0.0
0.0,0.0,1.53185587697247,0.0,0.0,0.0
0.0,0.0,1.6011748629129623,0.0,0.0,0.0
0.0,0.0,1.5634800987372677,-0.0013713837064977595,0.0,0.0
0.0,0.0,1.5959017092103989,-0.003450947799650949,0.000337401402376195,0.0
0.0,0.0,1.5959017092103989,-0.003450947799650949,0.000337401402376195,0.0
0.0,0.0,1.6675298719134382,-0.0028406320426101984,0.0,0.0
0.0,0.0,1.748309309012403,0.0,0.0,0.0
0.0,0.0,1.8399450046614816,-0.0015925854899445958,0.0,0.0
0.0,0.0,1.8399450046614816,-0.0015925854899445958,0.0,0.0
0.0,0.0,1.8137271476095251,-0.0017417307579649522,0.0,0.0
0.0,0.0,2.0578630800728743,-0.004160901873389106,0.0,0.0
0.0,0.0,2.075748433512158,-0.00230619393528042,0.0,0.0
0.0,0.0,2.075748433512158,-0.00230619393528042,0.0,0.0
0.0,0.0,2.1106038156642333,-0.005083427509922026,0.0,0.0
0.0,0.0,2.2085520524177182,-0.004758965626562454,0.0,0.0
0.0,0.0,2.233779254730887,-0.004125366439662318,0.0,0.0
0.0,0.0,2.1833675225855926,-0.005325147363195819,0.0,0.0
0.0,0.0,2.2865363723976024,-0.004954722993020318,0.00027614074561732653,0.0
0.0,0.0,2.3695963964398787,-0.006578326795696458,0.0,0.0
0.0,0.0,2.443363959511882,-0.004910285179069505,0.0,0.0
0.0,0.0,2.5370669648916735,-0.00867214490575606,0.0,0.0
0.0,0.0,2.45394899265263,-0.008476913447177471,0.0,0.0
0.0,0.0,2.411870957777447,-0.005941523527945378,0.0,0.0
0.0,0.0,2.5331273479720746,-0.0035663810447849435,0.0,0.0
0.0,0.0,2.520433746426993,-0.0015765372241121436,0.0,0.0
0.0,0.0,2.507231725378241,-0.004746241740601341,0.0,0.0
0.0,0.0,2.503095170359536,-0.0029484703519065745,0.0,0.0
0.0,0.0,2.5804098760970016,-0.0026221568908053237,0.0,0.0
0.0,0.0,2.597799576579993,-0.0020590644894048103,0.0,0.0
0.0,0.0,2.5901357950156307,-0.005481650427236711,0.0,0.0
0.0,0.0,2.793245831002216,-0.0033868369701031396,0.0,0.0
0.0,0.0,2.7138352794612333,-0.0016204300318027978,0.0005844905771304987,0.0
0.0,0.0,2.8878184967545115,-0.005704355886422834,0.0,0.0
0.0,0.0,2.7903313528874203,-0.005834784610767407,0.0,0.0
0.0,0.0,2.8027645152074845,-0.00441324002340137,0.0,0.0
0.0,0.0,2.802341341776894,-0.003310456712591081,0.0,0.0
0.0,0.0,2.789195818172842,-0.006558276324133612,0.0,0.0
0.0,0.0,2.838125695489771,-0.0024611825920914003,0.0,0.0
0.0,0.0,2.82408716242183,-0.0020760436304803455,7.991056259915074e-05,0.0
0.0,0.0,2.916203359512665,-0.0007239195082974794,0.0014794631202822836,0.0
0.0,0.0,2.910801746294392,-0.0019424689849638261,0.0006408949364184631,0.0
0.0,0.0,2.95807631197613,-0.006444406519870693,0.0,0.0
0.0,0.0,3.103881369071742,-0.004169219894938354,0.0018154486151029541,0.0
0.0,0.0,3.17494592473213,-0.006617037446699117,0.0,0.0
0.0,0.0,3.142389000165053,-0.006747041308597936,0.0029141143882614666,0.0
0.0,0.0,3.1529963448238054,-0.007624388174460055,0.0034975344045361026,0.0
0.0,0.0,3.2934457596058855,-0.005427596268678604,0.002715548111046928,0.0
0.0,0.0,3.2137194696412203,-0.00433986201736415,0.00478548285636105,0.0
0.0,0.0,3.1132083917120843,-0.008223941771778768,0.0021610003270746228,0.0
0.0,0.0,3.2223823862962204,-0.0063465683458268415,0.004783038251047233,0.0
0.0,0.0,3.3384436324385076,-0.005951344178437214,0.0020678107469750155,0.0
0.0,0.0,3.469454897778342,-0.007073208207123267,0.0021147279031449766,0.0
0.0,0.0,3.17144244689675,-0.004657176190822478,0.0,0.0
0.0,0.0,3.426957756352975,-0.0037763298069052606,0.0024618419278665806,0.0
0.0,0.0,3.3300724058438353,-0.0010130932999744399,0.002541404786350086,0.0
0.0,0.0,3.1703484714491204,-0.004109469928984505,0.0026824996729137166,0.0
0.0,0.0,3.1329302407720365,-0.0049612818494380855,0.0019571227934088832,0.0
0.0,0.0,3.0845145360034167,-0.0026972600177415824,0.0004034845341190701,0.0
0.0,0.0,3.0537614549843988,-0.005227313082015584,0.0,0.0
0.0,0.0,3.1038490135749783,-0.00034804845144051155,0.0,0.0
0.0,0.0,3.1196735544689256,-0.0018360806503899033,0.0,0.0
0.0,0.0,3.215476155394794,-0.0006861819113874697,0.0,0.0
0.0,0.0,3.125033306733644,-0.0009430908431494894,0.0,0.0
0.0,0.0,2.9214391010799643,-0.0005124160152013318,0.0,0.0
0.0,0.0,3.127435107323937,-0.004957487908343503,0.0,0.0
0.0,0.0,3.11511577322005,-0.0061164206010397475,0.0,0.0
0.0,0.0,3.044691874190577,-0.0035586076203604337,0.0,0.0
0.0,0.0,2.975308320467453,-0.006713213291870987,0.0,0.0
0.0,0.0,3.059261199914755,-0.009818964620961797,0.0,0.0
0.0,0.0,3.1320028787760608,-0.008847496132404733,0.0009652906903710555,0.0
0.0,0.0,3.3110430066274197,-0.008771833776173094,0.000489871691758594,0.0
0.0,0.0,3.3363807289088663,-0.00865295949195935,0.0003872033089103848,0.0
0.0,0.0,3.269593449070238,-0.014949540214974638,0.001834051621271653,0.0
0.0,0.0,3.3837734420229153,-0.010738884680642258,0.003567037250052721,0.0
0.0,0.0,3.4537028019357985,-0.01015893958654467,0.002919748821319019,0.0
0.0,0.0,3.2312722020911124,-0.005708316632074972,0.0019390955422232722,0.0
0.0,0.0,3.3411099001990756,-0.008111559529178362,0.0,0.0
0.0,0.0,3.3163590035741484,-0.004915704128341054,0.0,0.0
0.0,0.0,3.3603366837402966,-0.0006554675846932904,0.0,8.916173905095476e-05
0.0,0.0,3.3403505098491477,-0.0022506189221289355,0.0,0.0
0.0,0.0,3.271862862195005,-0.004239233186770416,0.0,0.0
0.0,0.0,3.268385456754131,-0.00501552120202587,0.0,0.0
0.0,0.0,3.2154054575856477,-0.00237907858603944,0.0,0.0
0.0,0.0,3.184655569334952,-0.005252426379479737,0.0,0.0
0.0,0.0,3.1939347518929058,0.0,0.0,0.0
0.0,0.0,3.361182846881502,-0.00348154572924712,0.0,0.0
0.0,0.0,3.320977349599956,-0.0034790854521025887,0.0,0.0
0.0,0.0,3.485851974214563,-0.006214902791221481,0.0,0.0
0.0,0.0,3.4864896524803073,-0.012011861235635269,0.0011067498013457222,0.0
0.0,-0.0037666337963350926,3.5161583263644234,-0.012642445012253908,0.002533329133210176,0.0
0.0,-0.1457139807601674,3.3559662236773575,-0.015202438692243164,0.00377718617966301,0.0
0.0,0.0,3.485548528655748,-0.016448542593531464,0.002581118403231059,0.0
0.0,0.0,3.5182622607909884,-0.011393623407587167,0.0,0.0
0.0,0.0,3.3022210636041955,-0.009921056993362511,0.0,0.0
0.0,0.0,3.379291499706676,-0.003959613783972925,0.0,0.0
0.0,0.0,3.393714968058839,-0.0017577205084629132,0.0,0.0
0.0,0.0,3.327538837071588,-0.005009043407949174,0.0,0.0
0.0,0.0,3.144039748071989,-0.008037764889785127,0.0,0.0
0.0,0.0,3.026859083946676,-0.003835367671616774,0.0,0.0
0.0,0.0,3.0555427811425213,-0.00021645376134942434,0.0,0.0
0.0,0.0,2.963122703574062,-0.00025228111833284524,0.0,0.0
0.0,0.0,2.7713495595035975,-0.001073908662176536,0.0,0.0
0.0,0.0,2.81134034264668,0.0,0.0,0.0
0.0,0.0,2.973244326578791,-0.0009310869650646991,0.0,0.0
0.0,0.0,2.9298291242609635,-0.0003080351047837351,0.0,0.0
0.0,0.0,2.7885988143170346,-0.003968795028111613,0.0,0.0
0.0,0.0,2.9573106179110216,-0.004598574806334622,0.0,0.0
0.0,0.0,2.95139784375059,-0.004802517472280643,0.0,0.0
0.0,0.0,3.18309064382255,-0.0013436706041429006,0.0,-0.0006821711404372617
0.0,0.0,3.271802584881727,0.0,0.0,-0.0006498107874680632
0.0,0.0,3.237992737949972,0.0,0.0,-0.0010165505412188974
0.0,0.0,3.1513694309395577,-0.0003921891913418878,0.0,-0.0021370099220987698
0.0,0.0,3.249347043552928,0.0,0.0,0.0
0.0,0.0,3.125867417692598,-0.0020759853627666963,0.0,0.0
0.0,0.0,2.953448301129726,-0.00417300906807541,0.0,0.0
0.0,0.0,3.224702551938411,-0.003106348227464727,0.0,-0.0009074825490240971
0.0,0.0,3.297704163261044,-0.005605174880204748,0.000244568975341104,0.0
0.0,0.0,3.144033198211712,-0.007078563479504354,0.0001560167022426093,-0.0006491344892749493
0.0,0.0,3.1315559852438293,-0.009987727313918154,0.0,0.0
0.0,0.0,3.205810403191657,-0.004508447147975963,0.0,0.0
0.0,0.0,3.439545061825137,-0.0019154471968262545,0.0,0.0
0.0,0.0,3.4425537569958067,-0.0031801649532559027,0.0,0.0
0.0,0.0,3.2617163075586113,-0.004720485920701208,0.0,0.0
0.0,0.0,3.3869640401964873,-0.0064060032707946276,0.0,0.0
0.0,0.0,3.2960323054044047,-0.004041383275555347,0.0,0.0
0.0,0.0,3.170062117938682,-0.0031182820007541155,0.0,0.0
0.0,0.0,3.3147922569360895,-9.219506615939775e-05,0.0,0.0
0.0,0.0,3.376303255110655,-0.0004866793355174896,0.0,0.0
0.0,0.0,3.2998752829926397,-0.007125872241484003,0.0,0.0
0.0,0.0,3.377148966033327,-0.014481580277656905,0.00038520439684776883,0.0
0.0,-0.1650092956869687,3.313884965909481,-0.013827621624063407,0.0006193729351898206,-0.0001978614611666531
0.0,-0.2153039329004637,3.3307630911002506,-0.01119318035182055,0.0005480363622930725,0.0
0.0,-0.20111476744233042,3.2800889684364627,-0.003610973725516685,0.0,0.0
0.0,0.0,3.139708787789758,-0.0056825664123658125,0.0,0.0
0.0,-0.049826344441386436,3.1848026790940516,-0.0034325869130736723,0.0,0.0
0.0,-0.00733629054288344,3.2209166547371284,-0.0006562166067508664,0.0,0.0
0.0,0.0,3.174023319619461,-0.005899873916007817,0.0,0.0
0.0,-0.08430427246739128,3.0281033581805414,-0.008730038183820602,0.0,0.0
0.0,-0.10316503836698096,2.826693639451253,-0.011857768058707679,0.0,-0.0021224311201591926
0.0,-0.11220300353706514,2.82995392238847,-0.009293872207402073,0.0,0.0
0.0,-0.011510876193366555,2.8023719462688024,-0.008688053423936807,0.0,0.0
0.0,0.0,2.635335860512672,-0.008103384437657155,0.0,0.0
0.0,0.0,2.7650909315966663,-0.002316816372592657,0.0,0.0
0.0,0.0,2.6124755876166144,0.0,0.0,0.0
0.0,0.0,2.8728565542106326,0.0,0.0,0.0
0.0,0.0,2.847994605589791,0.0,0.0,-0.0007520230131756219
0.0,0.0,2.7957956320527777,-0.006328049207596579,0.0,0.0
0.0,-0.08847788834548348,2.8318326685119297,-0.006713201438393768,0.0,0.0
0.0,-0.09968659150103074,2.896178439650488,-0.006718571889882727,0.0,0.0
0.0,-0.09155221801490933,3.1535989855212088,-0.010266498227423978,0.000868242103446002,-0.0006093283235965032
0.0,-0.2032050651703842,3.2023554976891697,-0.014844586751638194,0.00048267763028606085,-0.0015189207351933155
0.0,-0.2040654581378197,3.0421719746797136,-0.018439809670124326,0.001828663962686846,-0.000868425356445494
0.0,-0.14460564389939762,3.2322259389601293,-0.015495225660418449,0.0,-0.0015623223618365296
0.0,-0.17971442068957616,3.4710821809535752,-0.011743180048754338,0.0,-0.0018720819291092147
0.0,-0.20133904213310924,3.3672731788040453,-0.01260823928281694,0.00010607856538728228,-0.0007517238208609375
0.0,-0.29580043604561673,3.1896303306858664,-0.01144022832882963,0.0025159780135577702,-0.0013032891192741433
0.0,-0.11990822803717056,3.2317967312894567,-0.007213661346374916,0.0,-0.002625476691934762
0.0,0.0,3.381448995140457,-0.003946780198922722,0.0,-0.0005283155653097495
0.0,-0.010328368368621466,3.394851634835704,-0.0008039097679300624,0.0,-0.0020327906476620633
0.0,-0.08656863125586933,3.194435434868141,-0.001998858381276432,0.0,-0.00013556238992917523
0.0,-0.08065780603580003,2.9243525265681685,-0.009044928566509059,0.0,-0.00248175609609658
0.0,-0.13737282714239532,3.0986535003981124,-0.00997591995314701,0.0,-0.0033398192444310817
0.0,-0.09032790066138294,3.222764800087151,-0.01090671788826357,0.0,-0.004049874707109268
0.0,-0.21938079715938033,3.2006108035520833,-0.011533212277431957,0.0,-0.004550930917388727
0.0,-0.20629490819438884,2.942143903532146,-0.01953888705611591,0.0008946297369485784,-0.004505572881427469
0.0,-0.38427650484281467,2.8798609848104726,-0.013400720855248271,0.001115725906917308,-0.003188645699949145
0.0,-0.034335150091312536,2.8910096530730103,-0.0059312295564776995,0.0,-0.0031068300794421166
0.0,0.0,2.9639679171998323,-0.0012960937114874951,0.0,-0.006608126923002736
0.0,-0.08917827085811794,2.901531004721245,0.0,0.0,-0.0041254529105356885
0.0,0.0,2.8417073655471623,-0.007050209844498908,0.0,-0.005598863780896179
0.0,-0.010059261893369318,2.8161537180826475,-0.011677858289460042,0.0,-0.009614859968889614
0.0,-0.3516833393887013,2.802707320862052,-0.01606743434759345,0.0003057083161735927,-0.008559576868177137
0.0,-0.24577498687945343,2.7894586188845927,-0.01791844862053904,0.0,-0.009990048722659402
0.0,-0.24567668770899923,2.81236974537735,-0.014499014599862517,0.0,-0.008689298625864626
0.0,-0.07330438380345046,2.789379850494313,-0.009706449217950028,0.0,-0.009686756237719621
0.0,0.0,2.908758439039455,-0.003970347200578928,0.0,-0.008745456464308854
0.0,0.0,2.865108251275669,0.0,0.0,-0.011637539598750768
0.0,0.0,2.944579529087321,0.0,0.0,-0.007228674874740751
0.0,0.0,3.038892156009033,0.0,0.0,-0.010428202303440368
0.0,0.0,2.958031895306633,0.0,0.0,-0.009432875411218454
0.0,0.0,3.2525044749059404,-0.00998807674439027,0.0,-0.011186472407526234
0.0,0.0,3.2525044749059404,-0.00998807674439027,0.0,-0.011186472407526234
0.0,-0.5813252973870442,3.3476624983569985,-0.01943224177450405,0.0,-0.010960126054913
0.0,-0.3546988753684559,3.4977186615550244,-0.013657739483889902,0.0,-0.011031925997927414
0.0,-0.3546988753684559,3.4977186615550244,-0.013657739483889902,0.0,-0.011031925997927414
0.0,-0.10404019012382773,3.6866969625235937,-0.007548618689593096,0.0,-0.013465451223815367
0.0,-0.009982476946473081,3.713467191558704,-0.004584908040771167,0.0,-0.0074967235264361085
0.0,-0.19944456927260198,3.6343778720868416,-0.013797639946117084,0.0,-0.00873443462426039
0.0,-0.19944456927260198,3.6343778720868416,-0.013797639946117084,0.0,-0.00873443462426039
0.0,-0.46000571260470186,3.7944840699684597,-0.023881945175134905,0.0,-0.009170707479639821
0.0,-0.7100455290478653,3.635212722123387,-0.027229707561113658,0.0022674684112758783,-0.00896844411194882
0.0,-0.7739768626099819,3.5233104288152184,-0.03154749123075254,0.005587426748176072,-0.009976788652172107
0.0,-0.465658428241591,3.4210703714623483,-0.025395210235891356,0.0016362009681670567,-0.006491757772934667
0.0,-0.1927861836609957,3.476485584396559,-0.012676590700516221,0.0,-0.007974601291126867
0.0,0.0,3.4559594716547517,-0.004514764723971677,0.0,-0.0070402534737573266
0.0,0.0,3.4077000749718978,-6.171616444462498e-05,0.0,-0.004242957715581577
0.0,0.0,3.4077000749718978,-6.171616444462498e-05,0.0,-0.004242957715581577
0.0,0.0,3.2566298898644646,-0.004388591519110692,0.0,-0.005706298438471261
0.0,-0.06433200338209309,3.239141663271025,-0.016829950955235148,0.0,-0.004122036004702491
0.0,-0.24852982023187664,3.3374027678040945,-0.020538304048612677,0.0035017414859544104,-0.0004041701827896383
0.0,-0.24852982023187664,3.3374027678040945,-0.020538304048612677,0.0035017414859544104,-0.0004041701827896383
0.0,-0.09487866495661096,3.4398763353590516,-0.015397209501160294,0.0,-0.0008916066453883865
0.0,0.0,3.4413224548853947,-0.007914558232172488,0.0,0.0
0.0,0.0,3.4413224548853947,-0.007914558232172488,0.0,0.0
0.0,0.0,3.849639435033756,-0.0010031681909676417,0.0,0.0
0.0,0.0,3.764908285627399,-0.008890333416378985,0.0,0.0
0.0,-0.2506036598802945,3.6486273111282066,-0.016545590268826245,0.0,0.0
0.0,-0.49738537074890843,3.8348893771052914,-0.03136998412263809,0.003906635681320282,0.0
0.0,-0.49738537074890843,3.8348893771052914,-0.03136998412263809,0.003906635681320282,0.0
0.0,-0.5445750215598394,3.6814862279321376,-0.0442574413186977,0.005134735966364022,0.0
0.0,-0.4047009855313085,3.707064617709954,-0.038412120230364076,0.0,0.0
0.0,-0.24020342382654652,3.719226763328455,-0.02770395183973482,0.0,0.0
0.0,-0.2624104859261936,3.623357827478094,-0.014312738610497375,0.0,0.0
0.0,-0.006876670898137113,3.636970014433237,-0.010906143350559314,0.0,0.0
0.0,0.0,3.6657796425791185,-0.006477036448486656,0.0,0.0
0.0,0.0,3.573613924024406,-0.016346593874450466,0.0,0.0
0.0,-0.4379988781501661,3.464875812773009,-0.030663553948208792,0.0,0.0
0.0,-0.8728423178872813,3.4227079886850547,-0.039862022332592034,0.005147512023261593,0.0
0.0,-0.6528580538495731,3.2430996932812555,-0.04191251031873931,0.004703317316939918,0.0
0.0,-0.051707517104178466,3.410186201682624,-0.02372884778463035,0.0,0.0
0.0,0.0,3.4182400780679694,-0.001970963069498139,0.0,0.0
0.0,0.0,3.324396756408177,0.0,0.0,0.0
0.0,0.0,3.2809086891488426,0.0,0.0,0.0
0.0,0.0,3.509971172068819,0.0,0.0,0.0
0.0,0.0,3.6096532258487137,-0.00664610791367107,0.0,0.0
0.0,-0.259384429222898,3.4962392536277727,-0.033106651641248805,0.0,0.0
0.0,-0.5314077428411481,3.498948804114087,-0.04213842454297338,0.0037050439983389873,0.0
0.0,-0.2537017086871224,3.5780642152889706,-0.039714459048516254,0.00558179820303665,0.0
0.0,0.0,3.7770124217775574,-0.02304914044842548,0.0,0.0011322332527980486
0.0,0.0,3.950844138229237,-0.013968666578189256,0.0,0.002561739368080524
0.0,0.0,3.7945484732118944,-0.005200100242431635,0.0,0.003390266845783902
0.0,0.0,3.7898000152186304,-0.006396530604681212,0.0,0.0047674920867849255
0.0,-0.07858563741875442,3.882615773746143,-0.014910388554626008,0.0,0.004643113411438864
0.0,-0.4560257074623526,3.648813517867162,-0.03786412341653802,0.0,0.0031218181115996546
0.0,-0.6019697982383863,3.691715693638026,-0.057707696467402446,0.005657479512978484,0.004619698353568071
0.0,-0.44625998592206295,3.7770954023241883,-0.058330980695123345,0.004297973724202762,0.00403564210827413
0.0,-0.48846775812905463,3.8517127737240306,-0.039162833708833056,0.004077127071751353,0.007781029824124011
0.0,0.0,3.599611191862897,-0.02902935443801577,0.0,0.007127868228018669
0.0,0.0,3.8187586728992526,-0.00896931071859616,0.0,0.00846288703997383
0.0,0.0,3.9262632327255687,0.0,0.0,0.009372322275763064
0.0,0.0,3.803786344787995,-0.001429969319049811,0.0,0.01256059881090153
0.0,0.0,3.7377553177351905,-0.019110549685440077,0.0,0.00446737524768677
0.0,-0.40297865995257254,3.7099658768783867,-0.023269291999870392,0.0,0.012318537254446196
0.0,-0.24693233110143945,4.065154878742874,-0.03237213368500193,0.003566648300827348,0.00937421727093334
0.0,-0.24397898995401102,3.878885504691496,-0.04261417301165936,0.007918117465531525,0.00716388492311647
0.0,0.0,3.8010529641496147,-0.03142635397358512,0.0003413595583771158,0.008669248008687888
0.0,0.0,4.187254729835422,-0.002014557616858925,0.0,0.007978451381961996
0.0,0.0,4.637921522224272,0.0,0.0,0.00944533480796143
0.0,0.0,4.596480902889811,0.0,0.0,0.011737067967024273
0.0,0.0,4.101509221951188,-0.017098729213056534,0.0,0.007648980296059491
0.0,-0.12441661266275006,4.2856109571210155,-0.030261472584331706,0.0008893534277058764,0.0045597683736762
0.0,-0.21676064622096497,4.514752929653252,-0.03730270923813166,0.007643162792578091,0.005959770841127184
0.0,-0.11344126893270737,4.454049449688453,-0.038232558135261704,0.003657813643374093,0.004627511326094271
0.0,-0.10500907653008129,4.142902683581196,-0.026387037004804305,0.0014886692163968902,0.00657371782386891
0.0,0.0,4.062559387257737,-0.013355429795359372,0.0,0.003527408847752651
0.0,0.0,4.472318681202941,0.0,0.0,0.004558343018973691
0.0,0.0,4.521369322589739,0.0,0.0,0.006061480720114504
0.0,-0.05218773847155088,4.1248971235565595,-0.016061446104713394,0.0,0.0019217335768425693
0.0,-0.3381676447967181,4.049007959930677,-0.05007964065362301,0.009212365306567667,0.0035102699423772985
0.0,-0.4051605629443273,4.021924033444794,-0.05503236876247587,0.010592236569525215,0.0007352939924200805
0.0,-0.26611595690887746,3.9610133091456703,-0.03180782025034634,0.000998635554857622,0.003528709260531127
0.0,0.0,3.9957199806268875,-0.017662129796664143,0.0,0.002561108838919459
0.0,0.0,3.788264763592678,-0.0031520721518620413,0.0,0.003511192430886266
0.0,0.0,3.896320829012331,0.0,0.0,0.0027401109613827144
0.0,0.0,3.925609030358757,0.0,0.0,0.002165597282219957
0.0,0.0,3.6851087093129804,-0.009760289884289257,0.0,0.0029977661700228476
0.0,0.0,3.5522746037321085,-0.024819824985073704,0.0,0.0016051164822556453
0.0,-0.1827953299219503,3.6345999496537615,-0.03093915054948617,0.005632872256482041,0.0018958183121504948
0.0,0.0,4.144861568474022,-0.022641824525912495,0.0,0.0019531648246716585
0.0,0.0,4.224792593834448,-0.007992834754793844,0.0,0.0021717453413002638
0.0,0.0,4.3779652591105584,-0.0009708557843180204,0.0,0.0040502599566530195
0.0,0.0,4.3954789002126615,-0.004715358190323262,0.0,0.0023224466896575265
0.0,0.0,4.381990048171891,-0.014030370471430891,0.0007969028471825973,0.00383294630490899
0.0,-0.11158740965500698,4.746382475654959,-0.02267806576967968,0.006743621227803073,0.0007638201229047681
0.0,0.0,4.643130039236685,-0.04373396228334463,0.008892737294007434,0.0010537800807286955
0.0,-0.3793463362003011,4.57338661184953,-0.03616625317724339,0.007139463404316522,0.0013166332620735532
0.0,-0.03435280094921112,4.7089339335076925,-0.02755365148513979,0.0,0.00059570401665191
0.0,0.0,4.744686169885945,-0.013570877482367256,0.0,0.001694939496652084
0.0,0.0,4.712012684298662,-0.02087871795822203,0.0008711482121002871,0.0007078500521172113
0.0,0.0,4.44087086900444,-0.028331744959450976,0.007604175175145206,0.0003124672776657174
0.0,-0.08152828934666836,4.21590962998665,-0.031107411095374637,0.004946697694673608,0.0
0.0,-0.045575008688809975,4.366741395107566,-0.026247813289081778,0.006875141511782108,0.0
0.0,-0.11499022090846196,4.375617635311728,-0.022799131234671803,0.007018118760491324,0.002302726703339989
0.0,0.0,4.129239928465819,-0.02076594176721696,0.0,0.0
0.0,0.0,3.9720580795593037,-0.007908096311680966,0.0,0.0
0.0,0.0,4.16445626529173,-0.00030951280963968593,0.0,0.0
0.0,0.0,4.055843415215252,-0.0026512495780447918,0.0,0.0
0.0,0.0,3.9249320797402327,-0.007453172435344377,0.0,0.0
0.0,0.0,3.9289718621414367,-0.005767324725621571,0.0,0.0
0.0,0.0,4.003646489405466,-0.0013425968466819946,0.0,0.0
0.0,0.0,4.227733076976223,0.0,0.0,0.0
0.0,0.0,4.199582704098161,0.0,0.0,0.0
0.0,0.0,3.9672692984432154,-0.005587358262503365,0.0,0.0
0.0,0.0,4.066113965204428,-0.013314502443598775,0.0,0.0
0.0,0.0,4.236508458614054,-0.012721438111464325,0.0,0.0
0.0,0.0,4.1735757387946535,-0.017979651867154764,0.0,0.0
0.0,0.0,4.061232147339572,-0.01796315416730152,0.0,0.0
0.0,0.0,4.184115334787331,-0.016475315685899845,0.0,0.0
0.0,0.0,4.259033594225743,-0.015848085391353788,0.0,0.0
0.0,0.0,4.139764613656267,-0.02053869419689797,0.0,0.0
0.0,-0.1817226255626236,4.176340204049304,-0.023274134272867494,0.0,0.0
0.0,0.0,4.301517106863371,-0.028710151844700698,0.0,0.0
0.0,0.0,4.612221430984291,-0.028014110349275784,0.0,0.0
0.0,-0.14941908839372642,4.414616782989177,-0.02782797189626802,0.0,0.0
0.0,-0.05614211839410803,4.194446950525513,-0.0236605693398688,0.0,0.0
0.0,-0.07235549487751505,4.588780159060088,-0.014981861955351635,0.0,0.0
0.0,0.0,4.381669982549292,-0.013740096037532474,0.0,0.0
0.0,0.0,4.665211120322084,-0.0120507992711795,0.0,0.0
0.0,0.0,4.657545390463051,-0.004340563214910476,0.0,0.0
0.0,0.0,4.574304379053777,-0.009202767321426393,0.0,0.0
0.0,0.0,4.41117865011372,-0.005586203159510368,0.0,0.0
0.0,0.0,4.685853720198933,-0.006375227028825666,0.0,0.0
0.0,0.0,4.669345299216195,-0.010659627264600024,0.0,0.0
0.0,-0.015025888486517053,4.303015940526159,-0.014399416440580981,0.0,0.0
0.0,0.0,4.415896052095528,-0.010305794303187692,0.0,0.0
0.0,0.0,4.163537638106389,-0.005504741143648249,0.0,0.0
0.0,0.0,3.892600928956182,0.0,0.0,0.0
0.0,0.0,4.010523305709427,0.0,0.0,0.0
0.0,0.0,4.205740941015761,-0.001786485792838562,0.0,0.0
0.0,0.0,3.9414903127415473,-0.01953528971546794,0.0,0.0
0.0,-0.19015203010089382,3.542519592398471,-0.03516610817703915,0.0,-0.0017647315796480707
0.0,-0.07319424802031743,3.834819572282181,-0.030260566817270663,0.0,-0.0011599222471889753
0.0,-0.008334598287049579,4.123316883338285,-0.01570680294251637,0.0,-0.0004504787370964829
0.0,0.0,4.123190967941801,-0.01720035209777094,0.0,-0.002082916961881147
0.0,0.0,4.206008546268015,-0.006814294952022987,0.0,-0.0006606937611012664
0.0,0.0,4.370612089613107,-0.004711631713515114,0.0,-0.0026547116419492764
0.0,0.0,4.491603254094337,-0.009306137505013991,0.0,-0.0028029780882491613
0.0,-0.003531884175857826,4.1832926826825565,-0.015956919529222745,0.0,-0.005206670593870645
0.0,-0.12162053410769677,4.067090017748429,-0.0193320720217417,0.0,-0.009691022579766936
0.0,0.0,4.46422987459466,-0.01539851017949113,0.0,-0.010219304615106447
0.0,0.0,4.421009485209902,-0.015100924253767727,0.0,-0.009524566624987735
0.0,-0.2751173053763233,4.234574882604863,-0.019909809127904833,0.0,-0.008713089343444853
0.0,-0.030428962192170884,4.027795636572899,-0.02134188423872439,0.0,-0.011999366285951633
0.0,0.0,4.347312668010055,-0.007451820552506315,0.0,-0.011768562332778783
0.0,0.0,4.463253179330674,-0.003354197088255064,0.0,-0.011745525477832268
0.0,0.0,4.2549787287995935,-0.007829099499834239,0.0,-0.015122602561141906
0.0,0.0,4.244902779861353,-0.008456948097658762,0.0,-0.013169147786966443
0.0,0.0,4.263921564736415,-0.00928610227482381,0.0,-0.012243267821113638
0.0,0.0,4.372979479885017,-0.008206372536598198,0.0,-0.014140529557321141
0.0,0.0,4.238504495817365,-0.0033147756760661105,0.0,-0.012627955148019582
0.0,0.0,4.212349307028705,-0.0007605926604269926,0.0,-0.012033209919446768
0.0,0.0,4.241880496192098,0.0,0.0,-0.013977262515606844
0.0,0.0,4.4732834658498595,0.0,0.0,-0.012764077767266629
0.0,0.0,4.255214790141522,-0.0009304895879693305,0.0,-0.011298401196491534
0.0,0.0,4.005655749487245,-0.011254111295113393,0.0,-0.011976510107300584
0.0,0.0,4.181703724361297,-0.008317624300196513,0.0,-0.012844621506426587
0.0,0.0,4.515362367965444,-0.004018502755361104,0.0,-0.0118079519047674
0.0,0.0,4.382382596771622,-0.0011108880479367685,0.0,-0.009447247317218474
0.0,0.0,4.552623085317948,-0.011331660373346963,0.0,-0.013404549109175972
0.0,0.0,4.274729419899051,-0.019290946091255937,0.0,-0.011161702909530105
0.0,0.0,4.340377097948131,-0.015368093819928718,0.0,-0.012202259388311579
0.0,0.0,4.522643514526284,-0.008947112727231848,0.0,-0.010138572287330547
0.0,0.0,4.290237305443,-0.010494246048116726,0.0,-0.009051028105175444
0.0,0.0,4.207853197667934,-0.014045746849218815,0.0,-0.011036064042577527
0.0,0.0,3.9951077798497563,-0.017471306575909333,0.0,-0.00848460643803629
0.0,0.0,4.1758564554124336,-0.012724036735891026,0.0,-0.008009823231804507
0.0,0.0,4.325067947060491,-0.0009973019994292025,0.0,-0.008629751614461079
0.0,0.0,4.182479050877799,-0.001527805005043418,0.0,-0.00538767974833797
0.0,0.0,4.115364423502856,-0.0029364288900877397,0.0,-0.009552238885659654
0.0,0.0,4.1817699072640835,-0.0024342672100977946,0.0,-0.007690528733346409
0.0,0.0,4.261916182424104,-0.001366039016570427,0.0,-0.005128493077198043
0.0,0.0,4.190609103049899,-0.0028436162970466284,0.0,-0.004325659768540317
0.0,0.0,4.131783565534905,-0.0021145617506164553,0.0,-0.005306488901349724
0.0,0.0,3.978433889377412,-0.0013864695881409938,0.0,-0.0035773851026931606
0.0,0.0,4.014492347597615,0.0,0.0,-0.0053661916192708145
0.0,0.0,4.211084323316217,0.0,0.0,-0.004729648287584187
0.0,0.0,3.9131822118865776,0.0,0.0,-0.002029628201355976
0.0,0.0,3.7987169530641154,0.0,0.0,-0.002063563295164268
0.0,0.0,4.0115801143706,-0.0020662980910544438,0.0,-0.00447618044491954
0.0,0.0,3.696360348360777,-0.007751025155514962,0.0,-0.0028670840849802557
0.0,0.0,3.7673185984072646,-0.0030659419579057616,0.0,-0.0032158184776617167
0.0,0.0,3.958703323576657,-0.002580473349432757,0.0,-0.0019386239170995332
0.0,0.0,3.830045070514281,-0.010329908092701276,0.0,-0.0015303351458101208
0.0,0.0,3.872737558273161,-0.012793484058306197,0.0,-0.0017516903851461923
0.0,0.0,3.7769562580440192,-0.01106749744355175,0.0,-0.0014245557248617623
0.0,0.0,3.9829563632720677,-0.012427605727319976,0.0,0.0
0.0,0.0,3.8016110539728354,-0.017906523934393192,0.0,0.0
0.0,0.0,3.848287357457951,-0.00974294412612576,0.0,0.0
0.0,0.0,3.9851035866834748,-0.011383302354188236,0.0,0.0
0.0,0.0,3.768097459799212,-0.00941263888175477,0.0,0.0
0.0,0.0,4.007262818998397,-0.005455961292057587,0.0,0.0
0.0,0.0,4.039342533342684,-0.007885587645742743,0.0,0.0
0.0,0.0,3.895781824898237,-0.01481830745715391,0.0,0.0
0.0,0.0,3.8500224897838917,-0.019458352275827845,0.0,0.0
0.0,0.0,4.034542902894841,-0.01660955113332177,0.0,0.0
0.0,0.0,3.818572655645749,-0.013617967678206116,0.0,0.0
0.0,0.0,3.711256019608598,-0.0037377422057308387,0.0,0.0
0.0,0.0,3.678248468371983,-0.0004891938534817011,0.0,0.0
0.0,0.0,3.595356207108677,-0.004192108584419265,0.0,0.0
0.0,0.0,3.498098471635463,-0.0014985213308087964,0.0,0.0
0.0,0.0,3.6091621949384334,0.0,0.0,0.0
0.0,0.0,3.829029650299207,-0.000673892795951588,0.0,0.0
0.0,0.0,3.993034829204853,-0.0032706287352639108,0.0,0.0
0.0,0.0,4.046357593067757,-0.008226376384295861,0.0,0.0
0.0,0.0,3.99188448730227,-0.02043740096179212,0.0,0.0
0.0,0.0,4.046407104430438,-0.01744640777006076,0.0,0.0
0.0,0.0,3.9136929332895236,-0.012226068553245659,0.0,0.0
0.0,0.0,4.214116226409647,-0.008634071501290636,0.0,0.0
0.0,0.0,3.6798161272573253,-0.014685365620731953,0.0,0.0
0.0,0.0,3.6798161272573253,-0.014685365620731953,0.0,0.0
0.0,0.0,3.9910286146990166,-0.0024265563702324596,0.0,0.0
0.0,0.0,3.9910286146990166,-0.0024265563702324596,0.0,0.0
0.0,0.0,3.78410028478513,-0.004829422373292182,0.0,0.0
0.0,0.0,3.246809896942085,-0.011254824445898776,0.0,0.0
0.0,0.0,3.3863251712284317,0.0,0.0,0.0
0.0,0.0,3.402966849145231,0.0,0.0,0.0
0.0,0.0,3.130507225358386,0.0,0.0,0.0
0.0,0.0,3.18796841288624,0.0,0.0,0.0
0.0,0.0,3.1086303630496337,0.0,0.0,0.0
0.0,0.0,3.0989344110215162,0.0,0.0,0.0
0.0,0.0,3.2247571534428365,0.0,0.0,0.0
0.0,0.0,3.245104034416111,0.0,0.0,0.0
0.0,0.0,3.57396161423506,0.0,0.0,0.0
0.0,0.0,3.3615339780172584,-0.0035412379764486893,0.0,0.0018376875440962372
0.0,0.0,3.320871375853541,-0.008885934336754296,0.0,0.0015732743359226022
0.0,0.0,3.670677891478591,-0.011822136701799905,0.0,0.0007677119747553857
0.0,0.0,3.609806217840204,-0.014183241037697508,0.0,0.0008699890050160258
0.0,0.0,3.496835523150265,-0.013157209624255557,0.0,0.0026572104483354266
0.0,0.0,3.5093663035571097,-0.0006991734893744197,0.0,0.0027388423764275294
0.0,0.0,3.7283503391765165,-4.388960483562349e-05,0.0,0.0018523409151026782
0.0,0.0,3.3886759102099075,-0.0019367175758709938,0.0,0.0031678742442224567
0.0,0.0,3.4846742956526304,0.0,0.0,0.002858291910019726
0.0,0.0,3.678024647087257,0.0,0.0,0.0015781141224433769
0.0,0.0,3.51705971906743,0.0,0.0,0.0027057765988655067
0.0,0.0,3.805170737898026,0.0,0.0,0.0020293718498907982
0.0,0.0,3.7089452839910138,0.0,0.0,0.005132643210353195
0.0,0.0,3.6429299697484523,0.0,0.0,0.0028623225665076754
0.0,0.0,3.9482371827201796,0.0,0.0,0.0028366067845946095
0.0,0.0,4.134499441507475,0.0,0.0,0.0029074632606797927
0.0,0.0,4.153824953717519,-0.003858074561960109,0.0,0.0017258056273111201
0.0,0.0,4.043097716913106,-0.006655646019707498,0.0,0.0031762217320910205
0.0,0.0,4.252326101607119,-0.006998050568342508,0.0,0.003898941560542318
0.0,0.0,4.221873367623887,-0.009753048891997889,0.0,0.005804612161789955
0.0,0.0,4.250414787991642,-0.00962035957765647,0.0,0.003079799266808117
0.0,0.0,4.02064124452823,-0.009072821435131242,0.0,0.002640325598860686
0.0,0.0,3.781763504852582,-0.013606102658286726,0.0,0.0020686584623273276
0.0,0.0,3.547866526844661,-0.008742432289592487,0.0,0.003375397746887463
0.0,0.0,3.8464953886604967,0.0,0.0,0.0017396847227577345
0.0,0.0,3.5968201991889357,0.0,0.0,0.0006255074333807194
0.0,0.0,3.6561791311064376,0.0,0.0,0.0
0.0,0.0,3.471565959351031,0.0,0.0,0.002117363692930822
0.0,0.0,3.122603387712865,0.0,0.0,0.0038253503900149456
0.0,0.0,3.1440203793322383,0.0,0.0,0.0034284084347179222
0.0,0.0,3.187262361949231,0.0,0.0,0.003549720683155951
0.0,0.0,3.3090379910010115,0.0,0.0,0.0018296049372600897
0.0,0.0,3.198041839474824,0.0,0.0,0.001816718468862808
0.0,0.0,3.279394457151642,0.0,0.0,0.0006386052132224133
0.0,0.0,3.563875806423148,0.0,0.0,0.0026881558575213107
0.0,0.0,3.9341055625726185,0.0,0.0,0.0035588397893482103
0.0,0.0,3.597618019474942,0.0,0.0,0.001604390873646728
0.0,0.0,3.389495959903093,-0.0064029968808324315,0.0,0.0
0.0,0.0,3.73857513674537,0.0,0.0,0.0
0.0,0.0,3.9797637066528586,0.0,0.0,0.0008823221243191706
0.0,0.0,3.5994701436712986,-0.001389455716128878,0.0,0.0
0.0,0.0,3.757374561501275,0.0,0.0,0.0
0.0,0.0,3.8760963659072685,0.0,0.0,0.0
0.0,0.0,4.083192988399839,0.0,0.0,7.482754670888812e-05
0.0,0.0,3.683704444760523,0.0,0.0,0.0
0.0,0.0,3.4915790398388618,0.0,0.0,0.0
0.0,0.0,3.6183228161285528,0.0,0.0,0.0011514478360622887
0.0,0.0,3.630275314112074,0.0,0.0,0.0
0.0,0.0,3.1978947862061995,0.0,0.0,0.0
0.0,0.0,3.5435172327307725,0.0,0.0,0.0
0.0,0.0,3.4991234509781224,0.0,0.0,8.220413703408222e-05
0.0,0.0,3.4352249392126653,0.0,0.0,0.0
0.0,0.0,3.6542177714539,0.0,0.0,0.0
0.0,0.0,3.3204910248015103,0.0,0.0,7.509934056348061e-05
0.0,0.0,3.7089947309450544,0.0,0.0,0.0
0.0,0.0,3.6236670108539277,0.0,0.0,0.0
0.0,0.0,3.492078788681046,-0.001975567329931706,0.0,0.0
0.0,0.0,3.8307979974559956,0.0,0.0,0.0
0.0,0.0,3.8592163736878917,0.0,0.0,0.0
0.0,0.0,3.757114853719009,0.0,0.0,0.0
0.0,0.0,3.8475494088201905,0.0,0.0,0.0
0.0,0.0,3.8572681703107583,0.0,0.0,0.0
0.0,0.0,3.7855052845323613,0.0,0.0,0.0
0.0,0.0,3.7825442368846263,0.0,0.0,0.0
0.0,0.0,3.880623396901086,0.0,0.0,0.0
0.0,0.0,3.880623396901086,0.0,0.0,0.0
0.0,0.0,3.853286343919188,0.0,0.0,0.00041015851442366354
0.0,0.0,3.8510039756477994,0.0,0.0,0.0
0.0,0.0,4.214102415808505,0.0,0.0,0.0
0.0,0.0,4.165634390808713,0.0,0.0,0.0
0.0,0.0,4.287202319477998,0.0,0.0,0.0
0.0,0.0,4.3545147195941905,0.0,0.0,0.0
0.0,0.0,4.189185998964499,-0.0018632979959490742,0.0,0.0
0.0,0.0,4.261242506833804,-0.001874799087726019,0.0,0.0
0.0,0.0,4.2981152320587395,-7.991955255837673e-06,0.0,0.0
0.0,0.0,4.288505978662572,0.0,0.0,0.0
0.0,0.0,4.133049687152459,0.0,0.0,0.0
0.0,0.0,4.046701561329494,0.0,0.0,1.6768976234346924e-05
0.0,0.0,4.005873918947769,0.0,0.0,0.0
0.0,0.0,3.9274566056461717,0.0,0.0,0.0
0.0,0.0,3.528477109732948,0.0,0.0012655881720703937,0.0
0.0,0.0,3.3897272037914243,0.0,0.0,0.0
0.0,0.0,3.902307158429628,0.0,0.0,0.00021662116215831966
0.0,0.0,3.9089993227214137,0.0,0.0,0.0016533935337876369
0.0,0.0,3.5206709641775453,0.0,0.0,0.0
0.0,0.0,3.432477111070451,0.0,0.0,0.0
0.0,0.0,3.7077571052227247,0.0,0.0,0.0004380062237809322
0.0,0.0,3.8530125634098376,0.0,0.0,0.0034774258570123445
0.0,0.0,3.598230088284538,0.0,0.0,0.000715449222119599
0.0,0.0,3.6491620557451308,0.0,0.0,0.0
0.0,0.0,3.916273735982309,0.0,0.0,0.0007089401411220512
0.0,0.0,3.878754929920632,0.0,0.0,0.0011357642592291742
0.0,0.0,3.8077264925096204,0.0,0.0,0.001990277193839008
0.0,0.0,3.6514698071587,0.0,0.0,0.0009058662526994872
0.0,0.0,3.604796723812992,0.0,0.0,0.0001011827630248327
0.0,0.0,3.698646146148063,0.0,0.0,0.0
0.0,0.0,3.85829229419974,0.0,0.0,0.0018333522301553495
0.0,0.0,3.6335626023003798,0.0,0.0,0.0016514420336600703
0.0,0.0,3.710669989238776,0.0,0.0,0.0
0.0,0.0,3.8663280654485717,0.0,0.0,0.001215507807274426
0.0,0.0,4.161575819530984,0.0,0.0,0.0
0.0,0.0,4.227456782069446,0.0,0.0,0.002056461846893921
0.0,0.0,4.523657101012139,0.0,0.0,0.0014261356324737433
0.0,0.0,4.309879428484853,0.0,0.0,0.002808269953694794
0.0,0.0,4.626731081993794,0.0,0.0,0.0
0.0,0.0,4.721777769675515,-0.0015936818640892296,0.0,0.00036628446183905916
0.0,0.0,4.616272284950129,-0.006239305184665418,0.0,0.0
0.0,0.0,4.7146419662247965,-0.002969223810523647,0.0,0.0
0.0,0.0,4.2632222302829454,-0.0029902261894516457,0.0,0.0
0.0,0.0,4.4137790974694,0.0,0.0,0.0
0.0,0.0,4.27060297258881,0.0,0.0,0.0010560162828191137
0.0,0.0,4.190678496877011,0.0,0.0,0.0
0.0,0.0,4.072773269595778,0.0,0.0,0.0
0.0,0.0,3.9939240682822863,0.0,0.0,0.00048446299503217
0.0,0.0,3.860833077390216,0.0,0.0,0.0
0.0,0.0,3.516850618802434,0.0,0.0,0.0
0.0,0.0,3.7051666422897505,0.0,0.0,0.0
0.0,0.0,3.7896855779046277,0.0,0.0,0.0
0.0,0.0,3.918544009306273,0.0,0.0,0.0
0.0,0.0,3.7507203418423565,0.0,0.0,0.0
0.0,0.0,3.8320948382360833,0.0,0.0,0.0
0.0,0.0,4.105353215056766,0.0,0.0,0.0
0.0,0.0,4.345978919152715,0.0,0.0,0.0
0.0,0.0,4.243493019382816,0.0,0.0,0.0
0.0,0.0,3.806823287902291,0.0,0.0,0.0
0.0,0.0,4.172935752642778,0.0,0.0,0.0
0.0,0.0,4.5712267147286605,0.0,0.0,0.0
0.0,0.0,4.260289952118217,0.0,0.0,0.0
0.0,0.0,3.7990192871435062,-0.004961092448474998,0.0,0.0
0.0,0.0,3.916796584109155,0.0,0.0,0.0
0.0,0.0,4.0603162776605,0.0,0.0,0.0
0.0,0.0,3.6063689510429633,0.0,0.0,0.0
0.0,0.0,3.6063689510429633,0.0,0.0,0.0
0.0,0.0,4.02800971172624,0.0,0.0,0.0
0.0,0.0,4.229919289561242,0.0,0.0,0.0
0.0,0.0,4.072317466514344,0.0,0.0,0.0
0.0,0.0,3.748348103651214,-0.0009748842880455312,0.0,0.0
0.0,0.0,4.099651559881365,0.0,0.0,0.0
0.0,0.0,4.3735892469849595,0.0,0.0,0.0
0.0,0.0,4.298412079990801,0.0,0.0,0.0
0.0,0.0,3.9891390765885637,0.0,0.0,0.0
0.0,0.0,4.166917371037036,0.0,0.0,0.0
0.0,0.0,3.8869592250489537,0.0,0.0,0.0
0.0,0.0,4.044563094022687,0.0,0.0,0.0
0.0,0.0,4.125681236359801,0.0,0.0,0.0
0.0,0.0,4.0044170535827375,0.0,0.0,0.0
0.0,0.0,4.252490052455967,0.0,0.0,0.0
0.0,0.0,4.407112521681897,0.0,0.0,0.0
0.0,0.0,4.521119423891413,0.0,0.0,0.0
0.0,0.0,4.718960867822728,0.0,0.0,0.0
0.0,0.0,4.3978885468411395,-0.002300802161612426,0.0,0.0
0.0,0.0,4.670738028735955,-0.004299611262496153,0.0,0.0
0.0,0.0,4.601008475772775,-0.001416822796812906,0.0,0.0
0.0,0.0,4.268045370992303,-0.005440551626998742,0.0,0.0
0.0,0.0,4.2303005804163,-0.00236629871674491,0.0,0.0
0.0,0.0,3.9972735813666445,0.0,0.0,0.0
0.0,0.0,3.994066908836787,0.0,0.0,0.0
0.0,0.0,4.016352799870826,0.0,0.0,0.0
0.0,0.0,3.990741731758527,0.0,0.0,0.0
0.0,0.0,4.189321746549302,4.178156834466586e-06,0.0,0.0
0.0,0.0,4.297390623634982,0.0,0.0,0.0
0.0,0.0,3.8287181856478005,0.0,0.0,0.0
0.0,0.0,4.300746615704535,0.0,0.0,0.0
0.0,0.0,4.343227888666669,0.0,0.0,0.0
0.0,0.0,4.346484527527747,-0.0025841202870888536,0.0,0.0
0.0,0.0,3.9421979796745896,-0.008093507736880282,0.0,0.0
0.0,0.0,4.112980652576193,-0.0003106690473889726,0.0,0.0
0.0,0.0,4.518738318581649,0.0,0.0,0.0
0.0,0.0,4.214649339280756,0.0,0.0,0.0
0.0,0.0,3.8515772691435877,0.0,0.0,0.0
0.0,0.0,3.625749611380577,0.0,0.0,0.0
0.0,0.0,4.053013942323867,0.0,0.0,0.0
0.0,0.0,4.2511503711734155,0.0,0.0,0.0
0.0,0.0,3.597931432682322,0.0,0.0,-0.0012871896197772603
0.0,0.0,3.6085027506314753,-0.0009520376336756328,0.0,-0.0031375350086223068
0.0,0.0,3.9678660151184935,0.0,0.0,-0.000662473549418074
0.0,0.0,4.38793068034359,0.0,0.0,0.0
0.0,0.0,3.993132370844266,0.0,0.0,-0.0018847444026128697
0.0,0.0,3.7034959287837608,0.0,0.0,-0.0007414246903882586
0.0,0.0,4.16018577008748,0.0,0.0,-0.0028365295304257714
0.0,0.0,4.440134778350005,0.0,0.0,-0.0003430727774698879
0.0,0.0,3.7274684566649414,0.0,0.0,-0.00582089750155779
0.0,0.0,3.570780130418835,-0.0004498790562477895,0.0,-0.008953322549116838
0.0,0.0,3.6734249583452687,0.0,0.0,-0.007813676083363934
0.0,0.0,3.7636087965288447,0.0,0.0,-0.004703178086182416
0.0,0.0,3.9100994259033053,0.0,0.0,-0.00710745539420554
0.0,0.0,3.420408718183746,0.0,0.0,-0.00938947400665553
0.0,0.0,3.9177176096072146,0.0,0.0,-0.009054239375532406
0.0,0.0,3.815168260318182,0.0,0.0,-0.009705569654933174
0.0,0.0,3.888148024920499,-0.0035354691218491088,0.0,-0.012274621488694912
0.0,0.0,3.723839061633808,-0.008490749002689887,0.0,-0.014883741606859546
0.0,0.0,3.9868266490334845,-0.00712164649167803,0.0,-0.014245139824080438
0.0,0.0,4.187613911200783,0.0,0.0,-0.014279608265237411
0.0,0.0,3.983168295462464,0.0,0.0,-0.01329423557813487
0.0,0.0,4.168182607411284,0.0,0.0,-0.01281478742037324
0.0,0.0,4.281589370102759,0.0,0.0,-0.012722032707599945
0.0,0.0,3.9049926681258946,0.0,0.0,-0.010886592641469121
0.0,0.0,3.9049171100853775,0.0,0.0,-0.015214990596050523
0.0,0.0,3.9461016177377872,0.0,0.0,-0.014441661444913222
0.0,0.0,3.498699154138184,0.0,0.0,-0.014048116167144336
0.0,0.0,3.4747296096458,0.0,0.0,-0.013729118962449733
0.0,0.0,3.6047571820560513,0.0,0.0,-0.010309338520327864
0.0,0.0,3.6996630326908333,0.0,0.0,-0.0073403448953012086
0.0,0.0,3.8134668468375486,0.0,0.0,-0.006954751673998514
0.0,0.0,3.8315312370493855,0.0,0.0,-0.011502337032715382
0.0,0.0,3.499946250674217,0.0,0.0,-0.01120593612169403
0.0,0.0,3.386984829399637,-0.004126145253304622,0.0,-0.012364256749422643
0.0,0.0,3.763271222419484,-0.0010635218315516756,0.0,-0.014157361135907588
0.0,0.0,3.538488847086085,-0.00470752367890079,0.0014587427615671013,-0.012175497066667504
0.0,0.0,3.1202356296242857,-0.006910011105112442,0.00021337588727995475,-0.009809845125864417
0.0,0.0,3.030079620849527,0.0,0.0,-0.011887531500990709
0.0,0.0,3.1303081341017593,0.0,0.0,-0.004859770635608392
0.0,0.0,3.1691857161822083,0.0,0.0,-0.0069043837293358
0.0,0.0,2.766317073657457,0.0,0.0,-0.005193967371157101
0.0,0.0,2.7415181100318557,0.0,0.0,-0.005902129893517446
0.0,0.0,3.0156364841405114,0.0,0.0,-0.002927507273173847
0.0,0.0,3.261480960598336,0.0,0.0,-0.001288708984007946
0.0,0.0,3.120034296266033,0.0,0.0,-0.0012762324192882302
0.0,0.0,2.8989229647795716,-0.00019455694943759904,0.0,0.0
0.0,0.0,3.2238309310546818,0.0,0.0,-0.0002244752113506645
0.0,0.0,3.389841762151878,0.0,0.0,0.0
0.0,0.0,3.181599546682131,0.0,0.0,0.0
0.0,0.0,2.92242334406917,-0.0019633491971101733,0.0,0.0
0.0,0.0,2.8850273078138784,-0.00012345205019545822,0.0,0.0
0.0,0.0,2.8447868783385513,0.0,0.0,0.0
0.0,0.0,3.023255334384289,0.0,0.0,0.0
0.0,0.0,2.889941402200081,0.0,0.0,0.0
0.0,0.0,2.6797436581461627,0.0,0.0,0.0
0.0,0.0,2.8850891004676247,0.0,0.0,0.0
0.0,0.0,2.7724095754931457,0.0,0.0,0.0
0.0,0.0,3.031359631983778,0.0,0.0,0.0
0.0,0.0,2.946144196601252,-0.0015674074520340385,0.0,0.0
0.0,0.0,2.9606662627702987,0.0,0.0,0.0
0.0,0.0,2.820489342632873,0.0,0.0,0.0
0.0,0.0,2.766966724821226,0.0,0.0,0.0
0.0,0.0,2.867146781810209,0.0,0.0,0.0
0.0,0.0,2.7569038776701134,0.0,0.0,0.0
0.0,0.0,2.761416219254566,0.0,0.0,0.0
0.0,0.0,2.7896135808678295,0.0,0.0,0.0
0.0,0.0,3.1017915091623207,0.0,0.0,0.0
0.0,0.0,3.0059864678295467,0.0,0.0,0.0
0.0,0.0,2.9759213178856676,0.0,0.0,0.0
0.0,0.0,2.8954140323976634,0.0,0.0,0.0
0.0,0.0,2.8736096346584272,0.0,0.0,0.0
0.0,0.0,3.0420730852505753,-0.0026217376252069416,0.0,0.0
0.0,0.0,2.6933434073770157,-0.012995410786522171,0.0,0.000322811164329635
0.0,0.0,2.7743140312356536,-0.0054632146705316945,0.0,0.0
0.0,0.0,2.8578698733053027,0.0,0.0,0.0
0.0,0.0,2.610823737128209,0.0,0.0,0.0
0.0,0.0,2.60653800813723,0.0,0.0,0.0
0.0,0.0,2.5266504014086073,0.0,0.0,0.0
0.0,0.0,2.1105243784422387,0.0,0.0,0.0
0.0,0.0,2.119936058008054,0.0,0.0,0.0
0.0,0.0,2.3474034843730274,0.0,0.0,0.0
0.0,0.0,2.4060430062812843,0.0,0.0,0.00048188229557514367
0.0,0.0,2.22130202254546,0.0,0.0,0.0
0.0,0.0,2.3849164931769424,0.0,0.0,0.0
0.0,0.0,2.664200599429363,0.0,0.0,0.0010126489489779176
0.0,0.0,2.3505734240835277,0.0,0.0,0.0
0.0,0.0,2.3505734240835277,0.0,0.0,0.0
0.0,0.0,2.5910746327613072,0.0,0.0,0.002449322648231303
0.0,0.0,2.79295096073738,0.0,0.0,0.00045584278816487866
0.0,0.0,2.4777433739165255,0.0,0.0,0.0012400420525275112
0.0,0.0,2.1275689325025113,0.0,0.0,0.0
0.0,0.0,2.3736578923523863,-0.002245426599959357,0.0,0.000536307314382409
0.0,0.0,2.2745047335352986,0.0,0.0,0.001965742547367105
0.0,0.0,2.563632050683555,0.0,0.0,0.0009130881466895956
0.0,0.0,2.3788544307985937,0.0,0.0,0.0023797223098972
0.0,0.0,2.3661809965369605,0.0,0.0,8.497762078506987e-05
0.0,0.0,2.376897408651426,0.0,0.0,0.0014219746922974554
0.0,0.0,2.5339304616626483,0.0,0.0,0.0
0.0,0.0,2.2192115940982213,-0.0025900698706104184,0.0,0.0018809937302139694
0.0,0.0,2.330410198449095,-0.006190228693039264,0.0,0.00011754040642147565
0.0,0.0,2.1327939275387857,-0.006416798620343891,0.0,0.0
0.0,0.0,2.0194317199251755,0.0,0.0,0.0005701836650777769
0.0,0.0,2.173547528476857,0.0,0.0,0.0002841164610011684
0.0,0.0,2.223694082153065,0.0,0.0,0.000893540509157626
0.0,0.0,1.988536029866032,0.0,0.0,0.0
0.0,0.0,1.9860452547901548,0.0,0.0,0.00033589077479161746
0.0,0.0,1.7859817386137347,0.0,0.0,0.0014520313720921515
0.0,0.0,1.9721247500258166,0.0,0.0,0.0
0.0,0.0,2.195949366218554,0.0,0.0,0.0
0.0,0.0,2.14209829438797,0.0,0.0,0.0
0.0,0.0,2.1704587540470386,0.0,0.0,0.0
0.0,0.0,2.1193175254483783,0.0,0.0,0.0
0.0,0.0,2.395239156142599,0.0,0.0,0.0
0.0,0.0,2.1821445857637034,0.0,0.0,0.0
0.0,0.0,2.199580937904247,0.0,0.0,0.0
0.0,0.0,2.094439031795831,0.0,0.0,0.00030850358548593497
0.0,0.0,1.8447619206255088,0.0,0.0,0.0
0.0,0.0,1.7763989870870058,0.0,0.0,0.0
0.0,0.0,1.6322408183396195,0.0,0.0,0.0
0.0,0.0,1.8508778491391626,0.0,0.0,0.0005970501841868022
0.0,0.0,1.861185511738454,0.0,0.0,0.0
0.0,0.0,1.3513886664831551,0.0,0.0,0.0
0.0,0.0,1.6695942297844713,0.0,0.0,0.0
0.0,0.0,1.9266212838064791,0.0,0.0,0.0
0.0,0.0,1.7038379358026088,0.0,0.0,0.0
0.0,0.0,1.5467104926554907,0.0,0.0,0.0
0.0,0.0,1.4517546095361142,0.0,0.0,0.0
0.0,0.0,1.5030758327438423,0.0,0.0,0.0
0.0,0.0,1.565871293801193,0.0,0.0,0.0
0.0,0.0,1.4281273657181657,0.0,0.0,0.0
0.0,0.0,1.5657745346026306,0.0,0.0,0.0
0.0,0.0,1.4816732748065444,0.0,0.0,0.0
0.0,0.0,1.5449965001651265,0.0,0.0,0.0
0.0,0.0,1.8944468316263259,0.0,0.0,0.0003656790712332221
0.0,0.0,1.9428856432197203,0.0,0.0,0.0
0.0,0.0,1.9712888526294325,0.0,0.0,0.0
0.0,0.0,2.205963776826885,-0.0039917798213025225,0.0,0.0
0.0,0.0,2.1596011538073396,-0.0006504297876795421,0.0,0.0
0.0,0.0,2.525167927091108,0.0,0.0,0.0003441092287893916
0.0,0.0,2.3606051001818753,-0.002270978871070112,0.0,0.0
0.0,0.0,1.973741407296324,-0.0095125022614287,0.0,0.0
0.0,0.0,2.2544281150409318,0.0,0.0,0.0
0.0,0.0,2.2277113304638325,0.0,0.0,0.0007817711109019073
0.0,0.0,2.067379713388301,0.0,0.0,0.000625312839609729
0.0,0.0,2.145611004203155,0.0,0.0,0.0
0.0,0.0,1.9671321349848654,0.0,0.0,0.0009780118780500667
0.0,0.0,1.8352217288955182,0.0,0.0,0.002261174025940303
0.0,0.0,1.9990370507981337,0.0,0.0,0.00047787928388835137
0.0,0.0,1.9196995394682923,0.0,0.0,0.0034192383079892684
0.0,0.0,1.7111629049603945,0.0,0.0,0.0014310080445700207
0.0,0.0,1.7327427575832002,0.0,0.0,0.00045905313292223795
0.0,0.0,1.7320803502772915,0.0,0.0,0.0
0.0,0.0,1.7570140268666485,0.0,0.0,0.0019366081015352466
0.0,0.0,1.7770658396433405,0.0,0.0,0.0016959236540140172
0.0,0.0,1.7631139124915727,0.0,0.0,7.591545652966297e-05
0.0,0.0,1.7205527728945207,0.0,0.0,0.001988394504709396
0.0,0.0,1.7091296874606656,0.0,0.0,0.00023664034188026578
0.0,0.0,1.5656559475669494,0.0,0.0,0.0010704013218316415
0.0,0.0,1.7445122293999251,0.0,0.0,0.000941843538735183
0.0,0.0,1.7105907362013917,0.0,0.0,0.0006884901466361565
0.0,0.0,1.7090949601923988,0.0,0.0,0.0
0.0,0.0,1.813695226874446,0.0,0.0,0.0
0.0,0.0,1.8916331136457205,0.0,0.0,0.0010404215839135346
0.0,0.0,1.9562076947200402,0.0,0.0,0.0
0.0,0.0,1.9573167240418048,0.0,0.0,0.0
0.0,0.0,1.9659765571713195,0.0,0.0,0.0
0.0,0.0,2.0901854528231647,0.0,0.0,0.0
0.0,0.0,2.1881938323911228,0.0,0.0,0.0
0.0,0.0,1.883029164246653,-0.0013759098625804678,0.0,0.0
0.0,0.0,1.7729405488262544,0.0,0.0,0.0
0.0,0.0,2.0861344925768863,0.0,0.0,0.0
0.0,0.0,2.0499676470567882,0.0,0.0,0.0
0.0,0.0,1.9218733620697996,0.0,0.0,0.0
0.0,0.0,1.834262436467704,0.0,0.0,0.0
0.0,0.0,1.8518865586161524,0.0,0.0,0.0
0.0,0.0,1.8669107726945633,0.0,0.0,0.0
0.0,0.04801112890745939,1.7430405474262514,0.0,0.0,0.0005120411568759647
0.0,0.0,1.4518800780814434,0.0,0.0,0.0
0.0,0.0,1.7563523084379362,0.0,0.0,0.0
0.0,0.0,2.0138281791715356,0.0,0.0,0.0
0.0,0.0,1.8648316692006666,0.0,0.0,0.0
0.0,0.0,1.8092686308015449,0.0,0.0,0.0
0.0,0.0,1.9021482082435717,0.0,0.0,0.0
0.0,0.0,1.8057403050673013,0.0,0.0,0.0
0.0,0.0,1.5698867331766546,-0.0018667643456196225,0.0,0.0
0.0,0.0,1.4255794031338238,-0.00141381778095195,0.0,0.0
0.0,0.0,1.4545934732013466,0.0,0.0,0.0
0.0,0.0,1.4934357440389847,0.0,0.0,0.0
0.0,0.07814988655745612,1.4187373064918387,0.0,0.0,0.0
0.0,0.0,1.3440789642347815,0.0,0.0,0.0
0.0,0.0,1.3104159508837598,0.0,0.0,0.0
0.0,0.0,1.4198108807455103,0.0,0.0,0.0
0.0,0.0,1.5435424742244783,0.0,0.0,0.0
0.0,0.0,1.513911020838027,0.0,0.0,0.0
0.0,0.0,1.6401174716491724,0.0,0.0,0.0
0.0,0.0,1.799857429394231,0.0,0.0,0.0
0.0,0.0,1.808845590446434,-0.004202908753826946,0.0,0.0
0.0,0.0,1.6609638218206992,-0.0021647281080638923,0.0,0.0
0.0,0.0,1.826112483072821,0.0,0.0,0.0
0.0,0.0,1.9359665513990152,0.0,0.0,0.0
0.0,0.0,1.8964140979855137,0.0,0.0,0.0
0.0,0.0,1.7092240212141707,0.0,0.0,0.0
0.0,0.0,1.6620713271811804,0.0,0.0,0.0
0.0,0.0,1.7198463550271235,0.0,0.0,0.0
0.0,0.0,1.6934545138101857,0.0,0.0,0.0
0.0,0.0,1.8166215870788087,0.0,0.0,0.0
0.0,0.0,1.6948834660129006,0.0,0.0,0.0
0.0,0.0,1.8018254268514884,0.0,0.0,0.0
0.0,0.0,1.8905519523854317,0.0,0.0,0.0
0.0,0.0,1.8535779728661435,0.0,0.0,0.0
0.0,0.0,1.7972962057823079,0.0,0.0,0.0
0.0,0.0,1.9405810469640528,0.0,0.0,0.0
0.0,0.0,1.738646402686586,0.0,0.0,0.0
0.0,0.0,1.6977361689399515,0.0,0.0,0.0
0.0,0.0,1.8045067110256625,0.0,0.0,0.0
0.0,0.0,1.6562334883975374,0.0,0.0,0.0
0.0,0.0,1.701692463010647,0.0,0.0,0.0
0.0,0.0,1.5728132298307116,0.0,0.0,0.0
0.0,0.0,1.5087789319930018,0.0,0.0,0.0
0.0,0.0,1.3780959764604541,0.0,0.0,0.0
0.0,0.0,1.4871416327936655,0.0,0.0,0.0
0.0,0.0,1.7199567625259449,0.0,0.0,0.0
0.0,0.0,1.5654369521083447,0.0,0.0,0.0
0.0,0.0,1.7175046142667685,0.0,0.0,0.0
0.0,0.0,1.7541321558936704,0.0,0.0,0.0
0.0,0.0,1.8007810517870133,0.0,0.0,0.0
0.0,0.0,1.6446223927277788,0.0,0.0,0.0
0.0,0.0,1.650991790302863,-0.0042334511650865755,0.0,0.0
0.0,0.0,1.621598166707307,-0.0003337150367075313,0.0,0.0
0.0,0.0,1.7988127747592977,0.0,0.0,0.0
0.0,0.0,1.8222758124328728,0.0,0.0,0.0
0.0,0.0,1.8370930136847872,0.0,0.0,0.0
0.0,0.0,1.9093260302272455,0.0,0.0,0.0
0.0,0.0,1.7501834054735554,0.0,0.0,0.0
0.0,0.0,1.797621381763013,0.0,0.0,0.0
0.0,0.0,1.758986005071143,0.0,0.0,0.0
0.0,0.0,1.8834006562357424,0.0,0.0,0.0
0.0,0.0,1.8834006562357424,0.0,0.0,0.0
0.0,0.0,1.9196400485036709,0.0,0.0,0.0
0.0,0.0,1.9207135143830683,0.0,0.0,0.0
0.0,0.0,2.2827684200152145,0.0,0.0,0.0
0.0,0.0,2.2827684200152145,0.0,0.0,0.0
0.0,0.0,2.022135989233665,0.0,0.0,0.0
0.0,0.0,2.174810878548441,0.0,0.0,0.0
0.0,0.0,2.243288047441099,0.0,0.0,0.0
0.0,0.0,1.8995446984351094,0.0,0.0008389136159847393,0.0
0.0,0.0,1.9809964161155118,0.0,0.0,0.0
0.0,0.0,2.01420657244955,0.0,0.0,0.0
0.0,0.0,1.8625498001149712,0.0,0.0,0.0
0.0,0.0,1.8654312078838147,0.0,0.0,0.0
0.0,0.0,1.9059422004497333,0.0,0.0,0.0
0.0,0.0,2.065845251296239,0.0,0.0,0.0
0.0,0.0,2.1495737303585094,0.0,0.0,0.0
0.0,0.0,1.991000562883384,0.0,0.0,0.0
0.0,0.0,2.1316057164424262,0.0,0.0,0.0
0.0,0.0,2.3654340749884555,0.0,0.0,0.0
0.0,0.0,2.1042997097129685,0.0,0.0,0.0
0.0,0.0,2.129145802658743,0.0,0.0,0.0
0.0,0.0,2.161288856868937,0.0,0.0,0.0
0.0,0.0,2.2167825389883227,0.0,0.0,0.0
0.0,0.0,1.9827956508233686,0.0,0.0,0.0
0.0,0.0,1.866316791338911,0.0,0.0,0.0
0.0,0.0,2.071031391524134,0.0,0.0,0.0
0.0,0.0,1.6839453778597218,0.0,0.0,0.0
0.0,0.0,1.7158485448041911,0.0,0.0,0.0
0.0,0.0,1.8455280475136617,0.0,0.0,0.0
0.0,0.04330145799215422,1.7580503996179662,0.0,0.0,0.0
0.0,0.0,1.6555287058743247,0.0,0.0,0.0
0.0,0.0,1.7443923382545894,0.0,0.0,0.0
0.0,0.0,1.915625009561388,0.0,0.0,0.0
0.0,0.0,1.827066165123719,0.0,0.00155594356997873,0.0
0.0,0.0,1.9532917888871435,0.0,0.0,0.0
0.0,0.0,1.8663146098640901,0.0,0.0,0.0
0.0,0.0,1.7882613716854743,0.0,0.0,0.0
0.0,0.0,1.9320447888477488,0.0,0.0,0.0
0.0,0.0,1.6398688310621807,0.0,0.0,0.0
0.0,0.0,1.7408884687399724,0.0,0.003569054154410676,0.0
0.0,0.0,1.4831707973995059,0.0,0.001894663084419911,0.0
0.0,0.0,1.5943061943450298,0.0,0.0,0.0
0.0,0.0,1.7461294845077326,0.0,0.0,0.0
0.0,0.0,1.3106214773187186,0.0,0.0,0.0
0.0,0.0,1.3836618898656223,0.0,0.0,0.0
0.0,0.0,1.649589599961757,0.0,0.0,0.0
0.0,0.0,1.4185183854865002,0.0,0.0,0.0
0.0,0.0,1.5124363098728377,0.0,0.0,0.0
0.0,0.0,1.7009048561407716,0.0,0.0,0.0
0.0,0.0,1.714274136814262,0.0,0.0,-9.244397374820054e-05
0.0,0.0,1.6735397570423316,0.0,0.0,-0.0021191990644885963
0.0,0.0,1.7337530385052395,0.0,0.0,-0.0004847647866614073
0.0,0.0,1.7110038478467107,0.0,0.0,-0.0011089444529107824
0.0,0.0,1.7032666620442,0.0,0.0,-0.001197089132524758
0.0,0.0,1.5817225116621372,0.0,0.0,-0.005616311693110201
0.0,0.0,1.6081027536464698,0.0,0.0,-0.0005193488285045726
0.0,0.0,1.5987686515518138,0.0,0.0,-0.0022670029313739517
0.0,0.0,1.401139818890559,0.0,0.0,-0.003868863073243187
0.0,0.0,1.3040331467108015,0.0,0.0,-0.005267062072104126
0.0,0.0,1.3818751462078116,0.0,0.0,-0.0011487876532195265
0.0,0.0,1.2357432472230097,0.0,0.0,-0.001972486499978649
0.0,0.0,1.2088883252223015,0.0,0.0,-0.004149449162519435
0.0,0.0,1.1722107511893045,0.0,0.0,-0.00494828622076926
0.0,0.0,1.1130285903525288,0.0,0.0,-0.0026535846974343144
0.0,0.0,1.2661443846929104,0.0,0.0,-0.002161140499423425
0.0,0.0,1.277651193931191,0.0,0.0,-0.00021690652908803836
0.0,0.0,1.2407573140449557,0.0,0.0,-0.0014335418300233406
0.0,0.0,1.4753505031888756,0.0,0.0,-0.004070026629852047
0.0,0.0,1.311975690964919,0.0,0.0,-0.002488176401935297
0.0,0.0,1.4575832291504358,0.0,0.00030562209938452,-0.003545535063385119
0.0,0.0,1.4024319255458055,0.0,0.00393997869158542,-0.003233831117329773
0.0,0.0,1.426161145250672,0.0,0.0,-0.003848727279627105
0.0,0.0,1.4534518514209074,0.0,0.0,-0.0010077288107221884
0.0,0.0,1.4270831875287335,0.0,0.0,-0.00385548360727571
0.0,0.0,1.3569595917449426,0.0,0.0,-0.005759903314473632
0.0,0.0,1.4107637793032868,0.0,0.0,-0.0011742438459682969
0.0,0.0,1.4119141900573953,0.0,0.0,-0.0022074883431874503
0.0,0.0,1.2702969578560657,0.0,0.0,-0.0014040787228736765
0.0,0.0,1.24052951975777,0.0,0.0,-0.005263304185039477
0.0,0.0,1.267411869092202,0.0,0.0,-0.002083059745966575
0.0,0.0,1.192218177492205,0.0,0.0,-0.002176172115219078
0.0,0.0,1.2246912642021606,0.0,0.0,-0.003038819810087699
0.0,0.0,1.160514478796427,0.0,0.0,-0.003915209168108351
0.0,0.0,1.1717804025181702,0.0,0.0,-0.0016685042000865243
0.0,0.0,1.24748416652104,0.0,0.0,-0.0019368892731659155
0.0,0.0,1.3232523776886747,0.0,0.0,-0.0028393116305960885
0.0,0.0,1.2699511279028781,0.0,0.0,-0.002956032504437516
0.0,0.0,1.1817195468791428,0.0,0.0,-0.0007859796553856581
-0.03314970506046361,0.0,1.407732174195281,0.0,0.0015883417348672476,-0.002178366180190661
-0.39659580524960913,0.0,1.2256335041176938,0.0,0.009921857727167038,-0.0032706466882118958
-0.3788197435433495,0.0,1.106120584602226,-0.0037346868321654152,0.011119234103815248,-0.0037038531553035214
-0.031078284734022726,0.0,1.2296083325209104,0.0,0.0004853083132949348,-0.005521708042038341
0.0,0.0,1.2454391482271252,0.0,0.0,-0.0006617416626704789
0.0,0.06702543648986989,1.1963442908465076,0.0,0.0,-0.0005483004211725912
0.0,0.07293161228944657,0.9601605607190649,0.00014406498798710316,0.0,-0.0026096070409971405
0.0,0.0,0.827143458773336,0.0,0.0,-0.0012795433484390209
0.0,0.0,0.9471859987208747,0.0,0.0,-0.0010351053181302913
0.0,0.0,0.8762287328335805,0.0,5.8498076182382954e-05,-0.002296942715734892
0.0,0.0,0.8023086365171007,0.0,0.0,-0.0021050835556266053
0.0,0.0,0.9853426370218982,0.0,0.0,-0.0010213810934634059
0.0,0.0,1.053634461183178,0.0,0.0,0.0
0.0,0.0,1.0304833329118206,0.0,0.0,-0.001278177292012742
0.0,0.0,1.224326819535061,0.0,0.0,-0.0023831981635199073
-0.07756023852539382,0.0,1.1536915293520524,0.0,0.0,-0.002527123800348412
-0.3760069124775345,0.0,1.042040644511198,0.0,0.005345381538365468,-0.004010220680312234
-0.23226219009723695,0.0,1.0297258735615458,0.0,0.0047271245047028065,-0.0047427004908298966
0.0,0.0,1.0847466014049285,0.0,0.0,-0.004753996957094603
0.0,0.0,1.0997853341386452,0.0,0.0,-0.0020992605093976763
0.0,0.0,0.8879300276115029,0.0,0.0,-0.0015281152306814076
0.0,0.0,0.6859991082824956,0.0,0.0,-0.003853651646901392
0.0,0.0,0.702021680086404,0.0,0.0,-0.0021147752040187426
0.0,0.0,0.7174676135344884,0.0,0.0,-0.0015497411229272247
0.0,0.0,0.6331500777731884,0.0,0.0,-0.0019300221503908304
0.0,0.0,0.5768267773698509,0.0,0.0,-0.002767112609816034
0.0,0.0,0.6418611891752294,0.0,0.0,0.0
0.0,0.0,0.6679030473957467,0.0,0.0,-0.0003560269215500693
0.0,0.0,0.5211969193420666,0.0,0.0,-0.0004902919196215291
0.0,0.0,0.43075543999218596,0.0,0.0,-0.002586528576534845
0.0,0.0,0.7938518807577777,0.0,0.0,-0.0001295581742767273
0.0,0.0,0.7444407265851729,0.0,0.00011660050838723106,-0.001957248700978793
-0.21531176700748036,0.0,0.5947208454943582,0.0,0.003245170924162534,-0.0006681897505640159
0.0,0.0,0.5173639765179999,0.0,0.0027665621394470604,-0.0007578948317217564
0.0,0.0,0.881996097703454,0.0,0.0,-0.0003203260408884435
0.0,0.0,0.7321344259368627,0.0,0.0,0.0
0.0,0.0,0.6130892664409573,0.0,0.0,0.0
0.0,0.0,0.5644709888510825,0.0,0.0,-0.0016122988195984283
0.0,0.0,0.4745924836942586,0.0,0.0,0.0
0.0,0.0,0.4898913587195023,0.0,0.0,-0.0003815600555277972
0.0,0.0,0.300668236323438,0.0,0.0,0.0
0.0,0.0,0.26460907443453524,0.0,0.0,0.0
0.0,0.0,0.35588635814997266,0.0,0.0,0.0
0.0,0.0,0.45129069250024284,0.0002556953129579075,0.0,0.0
0.0,0.0,0.38514744376222204,0.0,0.0,0.0
0.0,0.0,0.4079366249204669,0.0,0.0,0.0
0.0,0.0,0.5050286612587783,0.0,0.0,0.0
-0.02148403052946682,0.0,0.6056999686151686,0.0,0.0010455347419845446,0.0
-0.3037283379609586,0.0,0.539382062661039,0.0,0.004386694672490155,0.0
-0.01130308388522506,0.0,0.7297656977791137,0.0,0.00541391870633212,0.0
0.0,0.0,0.8473942232140782,0.0,0.0,0.0
-0.018920617658218224,0.0,0.8352197705459418,0.0,0.0,0.0
0.0,0.0,0.7847620974692272,0.0,0.0,0.0
0.0,0.0,0.8735000839681286,0.0,0.0,0.0
0.0,0.0,0.5901395515408261,0.0,0.0,0.0
0.0,0.0,0.5976061156426188,0.0,0.0,0.0
0.0,0.0,0.6187280455216086,0.0,0.0009313170238207002,0.0
0.0,0.0,0.4248927862226576,0.0,0.0007697622414547969,0.0
0.0,0.0,0.4277580799625035,0.0,0.0,0.0
0.0,0.0,0.504307605314922,0.0,0.0,0.0
0.0,0.09957707829312293,0.4204786128850936,0.0,0.0,0.0
0.0,0.18266855631355622,0.28180193716671637,0.002907672578812052,0.0,0.0
0.0,0.032474144694617055,0.3043978759982872,0.0008547513669028538,0.0,0.0
0.0,0.0,0.3199602976610729,0.0,0.0,0.0
0.0,0.0,0.3063062419920769,0.0,0.0,0.0
0.0,0.0,0.3915060805420025,0.0,0.0,0.0
0.0,0.0,0.6334421831623631,0.0,0.0,0.0
0.0,0.0,0.5324923432737476,0.0,0.0,0.0
0.0,0.0,0.5172859593048404,0.0,0.0,0.0
0.0,0.0,0.6009614853294758,0.0,0.0,0.0
0.0,0.0,0.6688132345533736,0.0,0.0,0.0
0.0,0.0,0.6354141583899525,0.0,0.0,0.0
0.0,0.0,0.6101794941218804,0.0,0.0,0.0
0.0,0.0,0.6479559011605188,0.0,0.0,0.0
0.0,0.0,0.37121571916359725,0.0,0.0,0.0
0.0,0.0,0.49549477350290927,0.0,0.0,0.0
0.0,0.0,0.42126606823066715,0.0,0.0,0.0
0.0,0.0,0.3814622063841652,0.0,0.0,0.0
0.0,0.06012533792428839,0.3189519378216505,0.0,0.0,0.0
0.0,0.1172266456555725,0.37928327131309414,0.00012282510435217357,0.0,0.0
0.0,0.13650387060841773,0.27715145774488503,0.0,0.0,0.0
0.0,0.24290747178756708,0.24983335670252216,0.0,0.0,0.0
0.0,0.0,0.22799843332875075,0.0,0.0,0.0
0.0,0.0,0.16334402822349475,0.0,0.0,0.0
0.0,0.0,0.28330734746046266,0.0,0.0,0.0
0.0,0.0,0.35094721317947114,0.0,0.0,0.0
0.0,0.0,0.4083405676242098,0.0,0.0,0.0
0.0,0.0,0.3605425322519983,0.0,0.0,0.0
0.0,0.0,0.35506445334121883,0.0,0.0,0.0
0.0,0.0,0.4011459153933622,0.0,0.0,0.0
0.0,0.0,0.33201090543344847,0.0,0.0,0.0
0.0,0.0,0.3140124391591902,0.0,0.0,0.0
0.0,0.0,0.24484412028908378,0.0,0.0,0.0
0.0,0.0,0.27321289788634795,0.0,0.0,0.0
0.0,0.0,0.32621838651190993,0.0,0.0,0.0
0.0,0.0,0.2583175087199614,0.0,0.0,0.0
0.0,0.0,0.28078958159541656,0.0,0.0,0.0
0.0,0.0,0.33782592273539297,0.0,0.0,0.0
0.0,0.0,0.3154457124809045,0.0,0.0,0.0
0.0,0.0,0.21040892151682886,0.0,0.0,0.0
0.0,0.0,0.18067262218090424,0.0,0.0,0.0
0.0,0.0,0.16069579276804052,0.0,0.0,0.0
0.0,0.0,0.08171240115355048,0.0,0.0,0.0
0,0,0,0,0,0
0,0,0,0,0,0
0.0,0.0,0.13365432414426176,0.0,0.0,0.0
0.0,0.0,0.1061516481417097,0.0,0.0,0.0
0.0,0.0,0.12766311393610794,0.0,0.0,0.0
0.0,0.0,0.05069676958358075,0.0,0.0,0.0
0.0,0.0,0.042717705556163346,0.0,0.0,0.0
0,0,0,0,0,0
0,0,0,0,0,0
0,0,0,0,0,0
0,0,0,0,0,0
0,0,0,0,0,0
0.0,0.0,0.0039041995953510906,0.0,0.0,0.0
0.0,0.0,0.020720547713085544,0.0,0.0,0.0
0.0,0.0,0.06442603038842484,0.0,0.0,0.0
0.0,0.0,0.11975356417880552,0.0,0.0,0.0
0,0,0,0,0,0
0,0,0,0,0,0
0,0,0,0,0,0
0,0,0,0,0,0
0,0,0,0,0,0
0,0,0,0,0,0
0,0,0,0,0,0
0,0,0,0,0,0
0,0,0,0,0,0
0,0,0,0,0,0
0,0,0,0,0,0
0,0,0,0,0,0
0,0,0,0,0,0
0,0,0,0,0,0
0,0,0,0,0,0
0,0,0,0,0,0
0,0,0,0,0,0
0,0,0,0,0,0
0,0,0,0,0,0
0,0,0,0,0,0
0,0,0,0,0,0
0,0,0,0,0,0
0,0,0,0,0,0
0,0,0,0,0,0
0,0,0,0,0,0
0,0,0,0,0,0
0,0,0,0,0,0
0,0,0,0,0,0
0,0,0,0,0,0
0,0,0,0,0,0
0,0,0,0,0,0
0,0,0,0,0,0
0,0,0,0,0,0
0,0,0,0,0,0
0,0,0,0,0,0
0,0,0,0,0,0
0,0,0,0,0,0
0,0,0,0,0,0
0,0,0,0,0,0
0,0,0,0,0,0
0,0,0,0,0,0
0,0,0,0,0,0
0,0,0,0,0,0
0,0,0,0,0,0
0,0,0,0,0,0
0,0,0,0,0,0
0,0,0,0,0,0
0,0,0,0,0,0
0,0,0,0,0,0
0,0,0,0,0,0
0,0,0,0,0,0
0,0,0,0,0,0
0,0,0,0,0,0
0,0,0,0,0,0
0,0,0,0,0,0
0,0,0,0,0,0
0,0,0,0,0,0
0,0,0,0,0,0
0,0,0,0,0,0
0,0,0,0,0,0
0,0,0,0,0,0
0,0,0,0,0,0
0,0,0,0,0,0
0,0,0,0,0,0
0,0,0,0,0,0
0,0,0,0,0,0
0,0,0,0,0,0
0,0,0,0,0,0
0,0,0,0,0,0
0,0,0,0,0,0
0,0,0,0,0,0
0,0,0,0,0,0
0,0,0,0,0,0
0,0,0,0,0,0
0,0,0,0,0,0
0,0,0,0,0,0
0,0,0,0,0,0
0,0,0,0,0,0
0,0,0,0,0,0
0,0,0,0,0,0
0,0,0,0,0,0
0,0,0,0,0,0
0,0,0,0,0,0
0,0,0,0,0,0
0,0,0,0,0,0
0,0,0,0,0,0
0,0,0,0,0,0
0,0,0,0,0,0
0,0,0,0,0,0
0,0,0,0,0,0
0,0,0,0,0,0
0,0,0,0,0,0
0,0,0,0,0,0
0,0,0,0,0,0
0,0,0,0,0,0
0,0,0,0,0,0
0,0,0,0,0,0
0,0,0,0,0,0
0,0,0,0,0,0
0,0,0,0,0,0
0,0,0,0,0,0
0,0,0,0,0,0
0,0,0,0,0,0
0,0,0,0,0,0
0,0,0,0,0,0
0,0,0,0,0,0
0,0,0,0,0,0
0,0,0,0,0,0
0,0,0,0,0,0
0,0,0,0,0,0
0,0,0,0,0,0
0,0,0,0,0,0
0,0,0,0,0,0
0,0,0,0,0,0
0,0,0,0,0,0
0,0,0,0,0,0
0,0,0,0,0,0
0,0,0,0,0,0
0,0,0,0,0,0
0,0,0,0,0,0
0,0,0,0,0,0
0,0,0,0,0,0
0,0,0,0,0,0
0,0,0,0,0,0
0,0,0,0,0,0
0,0,0,0,0,0
0,0,0,0,0,0
0,0,0,0,0,0
0,0,0,0,0,0
0,0,0,0,0,0
0,0,0,0,0,0
0,0,0,0,0,0
0,0,0,0,0,0
0,0,0,0,0,0
0,0,0,0,0,0
0,0,0,0,0,0
0,0,0,0,0,0
0,0,0,0,0,0
0,0,0,0,0,0
0,0,0,0,0,0
0,0,0,0,0,0
0,0,0,0,0,0
0,0,0,0,0,0
0,0,0,0,0,0
0,0,0,0,0,0
0,0,0,0,0,0
0,0,0,0,0,0
0,0,0,0,0,0
0,0,0,0,0,0
0,0,0,0,0,0
0,0,0,0,0,0
0,0,0,0,0,0
0,0,0,0,0,0
0,0,0,0,0,0
0,0,0,0,0,0
0,0,0,0,0,0
0,0,0,0,0,0
0,0,0,0,0,0
0,0,0,0,0,0
0,0,0,0,0,0
0,0,0,0,0,0
0,0,0,0,0,0
0,0,0,0,0,0
0,0,0,0,0,0
0,0,0,0,0,0
0,0,0,0,0,0
0,0,0,0,0,0
0,0,0,0,0,0
0,0,0,0,0,0
0,0,0,0,0,0
0.0,0.0,0.0,0.0,0.0,-0.0006247934814438418
0.0,0.0,0.0,0.0,0.0,-0.006318119654189568
0.0,0.0,0.0,0.0,0.0,-0.009912708061340762
0.0,0.0,0.0,0.0,0.0,-0.009988690607154035
0.0,0.0,0.0,0.0,0.0,-0.00837592849224838
0.0,0.0,0.0,0.0,0.0,-0.007638077145574518
0.0,0.0,0.0,0.0,0.0,-0.011397485574017178
0.0,0.0,0.0,0.0,0.0,-0.007742281516844751
0.0,0.0,0.0,0.0,0.0,-0.009097543239617641
0.0,0.0,0.0,0.0,0.0,-0.009649428848998482
0.0,0.0,0.0,0.0,0.0,-0.008140189462566543
0.0,0.0,0.0,0.0,0.0,-0.009511424120858997
0.0,0.0,0.0,0.0,0.0,-0.009839188701096468
0.0,0.0,0.0,0.0,0.0,-0.009963363976749167
0.0,0.0,0.0,0.0,0.0,-0.006196321690857257
0.0,0.0,0.0,0.0,0.0,-0.005183436287412595
0.0,0.0,0.0,0.0,0.0,-0.006944852079431274
0.0,0.0,0.0,0.0,0.0,-0.005638790833909354
0.0,0.0,0.0,0.0,0.0,-0.00717160940600013
0.0,0.0,0.0,0.0,0.0,-0.005479965317115814
0.0,0.0,0.0,0.0,0.0,-0.004950184645419749
0.0,0.0,0.0,0.0,0.0,-0.0031203560729042438
0.0,0.0,0.0,0.0,0.0,-0.004247294157372346
0.0,0.0,0.0,0.0,0.0,-0.00731872756712843
0.0,0.0,0.0,0.0,0.0,-0.0049486147778356965
0.0,0.0,0.0,0.0,0.0,-0.005109904440898031
0.0,0.0,0.0,0.0,0.0,-0.003170825921294934
0.0,0.0,0.0,0.0,0.0,-0.0035425527820960147
0.0,0.0,0.0,0.0,0.0,-0.0028770939240250213
0.0,0.0,0.0,0.0,0.0,-0.0034151241195879583
0.0,0.0,0.0,0.0,0.0,-0.002393349036890793
0.0,0.0,0.0,0.0,0.0,-0.0012335560176705365
0.0,0.0,0.0,0.0,0.0,-0.0010059194411214712
0,0,0,0,0,0
0,0,0,0,0,0
0,0,0,0,0,0
0,0,0,0,0,0
0,0,0,0,0,0
0,0,0,0,0,0
0,0,0,0,0,0
0,0,0,0,0,0
0,0,0,0,0,0
0,0,0,0,0,0
0,0,0,0,0,0
0,0,0,0,0,0
0,0,0,0,0,0
0,0,0,0,0,0
0,0,0,0,0,0
0,0,0,0,0,0
0,0,0,0,0,0
0,0,0,0,0,0
0,0,0,0,0,0
0,0,0,0,0,0
0,0,0,0,0,0
0,0,0,0,0,0
0,0,0,0,0,0
0,0,0,0,0,0
0,0,0,0,0,0
0,0,0,0,0,0
0,0,0,0,0,0
0,0,0,0,0,0
0,0,0,0,0,0
0,0,0,0,0,0
0,0,0,0,0,0
0,0,0,0,0,0
0,0,0,0,0,0
0,0,0,0,0,0
0,0,0,0,0,0
0,0,0,0,0,0
0,0,0,0,0,0
0,0,0,0,0,0
0,0,0,0,0,0
0,0,0,0,0,0
0,0,0,0,0,0
0,0,0,0,0,0
0,0,0,0,0,0
0,0,0,0,0,0
0,0,0,0,0,0
0,0,0,0,0,0
0,0,0,0,0,0
0,0,0,0,0,0
0,0,0,0,0,0
0,0,0,0,0,0
0,0,0,0,0,0
0,0,0,0,0,0
0,0,0,0,0,0
0,0,0,0,0,0
0,0,0,0,0,0
0,0,0,0,0,0
0,0,0,0,0,0
0,0,0,0,0,0
0,0,0,0,0,0
0,0,0,0,0,0
0,0,0,0,0,0
0,0,0,0,0,0
0,0,0,0,0,0
0,0,0,0,0,0
0,0,0,0,0,0
0,0,0,0,0,0
0,0,0,0,0,0
0,0,0,0,0,0
0,0,0,0,0,0
0,0,0,0,0,0
0,0,0,0,0,0
0,0,0,0,0,0
0,0,0,0,0,0
0,0,0,0,0,0
0,0,0,0,0,0
0,0,0,0,0,0
0,0,0,0,0,0
0,0,0,0,0,0
0,0,0,0,0,0
0,0,0,0,0,0
0,0,0,0,0,0
0,0,0,0,0,0
0,0,0,0,0,0
0,0,0,0,0,0
0,0,0,0,0,0
0,0,0,0,0,0
0,0,0,0,0,0
0,0,0,0,0,0
0,0,0,0,0,0
0,0,0,0,0,0
0,0,0,0,0,0
0,0,0,0,0,0
0,0,0,0,0,0
0,0,0,0,0,0
