0,0,0,0,0,0
0,0,0,0,0,0
0,0,0,0,0,0
0,0,0,0,0,0
0,0,0,0,0,0
0,0,0,0,0,0
0,0,0,0,0,0
0,0,0,0,0,0
0,0,0,0,0,0
0,0,0,0,0,0
0,0,0,0,0,0
0,0,0,0,0,0
0,0,0,0,0,0
0,0,0,0,0,0
0,0,0,0,0,0
0,0,0,0,0,0
0,0,0,0,0,0
0,0,0,0,0,0
0,0,0,0,0,0
0,0,0,0,0,0
0,0,0,0,0,0
0,0,0,0,0,0
0,0,0,0,0,0
0,0,0,0,0,0
0,0,0,0,0,0
0,0,0,0,0,0
0,0,0,0,0,0
0.0,0.0,0.0,0.0,0.0025712042144532257,0.0
0.0,0.0,0.0,0.0,0.0015645579659305236,0.0
0.0,0.0,0.0,0.0,0.0058508823141436685,0.0
-0.018279078148208252,0.0,0.0,0.0,0.009459601760886057,0.0
-0.25628364769249407,0.0,0.0,0.0,0.008841884406473205,0.0
-0.2964491084983548,0.0,0.0,0.0,0.012563195464095026,0.0
-0.6368207093569188,0.0,0.0,0.0,0.012941940573050642,0.0
-0.6938008230339857,0.0,0.0,0.0,0.019888043304801834,0.0
-0.9075515085457952,0.0,0.0,0.0,0.021979064700164946,0.0
-1.0475563788222026,0.0,0.0,0.0,0.02514259472975037,0.0
-1.307463254297045,0.0,0.0,0.0,0.023739397799943572,0.0
-1.196525492178043,0.0,0.0,0.0,0.028055035461065192,0.0
-1.0494885744949218,0.0,0.0,0.0,0.03130436784879853,0.0
-1.2187796207660035,0.0,0.0,0.0,0.027310680735194375,0.0
-1.1288322889982487,0.0,0.0,0.0,0.029292535304257857,0.0
-1.0215174724502423,0.0,0.0,0.0,0.031233570645403823,0.0
-1.0837725225340027,0.0,0.0,0.0,0.02447547651785762,0.0
-0.7067114941344712,0.0,0.0,0.0,0.022143170623178825,0.0
-0.6706518414369622,0.0,0.0,0.0,0.01478629264430283,0.0
-0.6794560016704678,0.0,0.0,0.0,0.018224337137231934,0.0
-0.730545643709432,0.0,0.0,0.0,0.021794684039707544,0.0
-0.9642965957402787,0.0,0.0,0.0,0.020722705457969788,0.0
-0.8028594678163555,0.0,0.0,0.0,0.019701290118690654,0.0
-0.5863271020388784,0.0,0.0,0.0,0.015993371061564843,0.0
-0.4560584448447348,0.0,0.0,0.0,0.009527469673369022,0.0
-0.21320509292857953,0.0,0.0,0.0,0.011347206954041551,0.0
-0.1353303989104993,0.0,0.0,0.0,0.010992318500648154,0.0
-0.20120298526472044,0.0,0.0,0.0,0.008321328137028903,0.0
-0.21654372704041674,0.0,0.0,0.0,0.009431034959961046,0.0
-0.12826028505158701,0.0,0.0,0.0,0.010580297335616558,0.0
-0.10121339446771045,0.0,0.0,0.0,0.01027072490263585,0.0
-0.09658627254076779,0.0,0.0,0.0,0.011529740332451247,0.0
-0.22769257144428692,0.0,0.0,0.0,0.00839518088495789,0.0
-0.2667498869171803,0.0,0.0,0.0,0.009298498123870525,0.0
-0.3870365597939037,0.0,0.0,0.0,0.009781006203459472,0.0
-0.36380583052382914,0.0,0.0,0.0,0.013657741721191958,0.0
-0.5351917232709059,0.0,0.0,0.0,0.015082381585862675,0.0
-0.4664663111490229,0.0,0.0,0.0,0.01733851757386754,0.0
-0.3864024392278903,0.0,0.0,0.0,0.019089169754137707,0.0
-0.4393578595135469,0.0,0.0,0.0,0.018542200283630246,0.0
-0.5080508539014268,0.0,0.0,0.0,0.020784753993018584,0.0
-0.5025600431410949,0.0,0.0,0.0,0.02373555062095481,0.0
-0.5704457536136924,0.0,0.0,0.0,0.020460942041026064,0.0
-0.5339141598968195,0.0,0.0,0.0,0.019582359076195415,0.0
-0.4935118762081149,0.0,0.0,0.0,0.020942229178425815,0.0
-0.5569101335411326,0.0,0.0,0.0,0.024068133665481915,0.0
-0.7623920527872914,0.0,0.0,0.0,0.022696651378129283,0.0
-0.6696081430610624,0.0,0.0,0.0,0.025421551203404957,0.0
-0.46524979674264666,0.0,0.0,0.0,0.025949580660816485,0.0
-0.6259641904706947,0.0,0.018725044046976405,0.0,0.019281061972731852,-0.0028993043128785366
-0.5969089434383302,0.0,0.08875693940738151,0.0,0.01847578447511295,-0.014108626656581658
-0.4642194305291554,0.0,0.183674251223109,0.0,0.023908452495303774,-0.019571918773681692
-0.4706919294894024,0.0,0.21177731957423127,0.0,0.02244559228941721,-0.01978114049044056
-0.2999072398188046,0.0,0.2718468368899733,0.0,0.025148519828933243,-0.020308990150516962
-0.35089462125676035,0.0,0.21988064957335074,0.0,0.022255487913233875,-0.020338008356608848
-0.4898150439899376,0.0,0.3104890940493644,0.0,0.02120627689685547,-0.019647670016931434
-0.4349056668818047,0.0,0.3743863293824209,0.0,0.023296500073220684,-0.02015655074146283
-0.5476843691284878,0.0,0.44846000730245555,-0.0010258177556974678,0.02046524347448244,-0.01806457903753455
-0.47631537446850436,0.0,0.47807243754652395,0.0,0.022671825696603427,-0.014207568305694928
-0.4893214830300197,0.0,0.5890733083433576,0.0,0.021618613165348077,-0.017625695779089068
-0.367100204934823,0.0,0.5483730150782231,-0.00015458815067541392,0.023747112923046845,-0.014315189583411173
-0.5067241903120665,0.0,0.6704688326144457,-0.002533878123724049,0.02295940973207052,-0.01989794342968938
-0.5105630751609281,0.0,0.8137302406131834,-0.002265840883308959,0.02165431065957576,-0.014947359155740126
-0.3542211981628691,-0.1322484949281316,0.8339974188007648,-0.00036143920131888004,0.02333659698233395,-0.011668011348184721
-0.5019948700065131,0.0,0.8999041986792553,-0.003960554482068866,0.017986458868314643,-0.014826449781150488
-0.28259361724835846,0.0,0.815724073417902,-0.002652403622809764,0.0220870601954246,-0.015315925507234703
-0.3315651613916624,-0.0334822076049174,0.9787258285789902,-4.4526865938483245e-05,0.02118866459377774,-0.01452008570051854
-0.3122414373090178,0.0,1.1008975045953464,-0.0024986618998398247,0.023804753636904215,-0.010331626945890866
-0.44967770543200825,-0.14257828367176426,1.1861406548194537,-0.001992210007385837,0.02181098422007452,-0.009442843936140569
-0.266217310768099,-0.043774232358485245,1.2207638274349677,-0.002912997177387123,0.024546864627392313,-0.010118401026659899
-0.2751871254081051,0.0,1.5244826518224155,-0.0017865882934586124,0.02013828330499967,-0.011064328352952076
-0.398721545365464,0.0,1.6618693095738764,-0.0036185351034828867,0.014388018353211829,-0.013252026351206068
-0.2115109056407754,0.0,1.6835241059864288,-0.005440511839909105,0.014903514699656279,-0.012532828810304843
0.0,0.0,1.7384678095647899,-0.004169208505400887,0.017510850118292058,-0.0109054716649061
-0.024046223002984583,0.0,2.0876659049103723,-0.0016859512466327429,0.01279601381427006,-0.010677108880465063
-0.032881570207574186,0.0,2.1429222750653363,-0.0010497783739235214,0.008404519341757954,-0.011778151098477211
0.0,0.0,2.246841667614889,0.0,0.009011402471525803,-0.009571766770948916
0.0,0.0,2.4817668185662165,-0.0011954631628903283,0.010259319886103287,-0.009827161509817777
0.0,0.0,2.6808951889921326,-0.0016067492133098303,0.00697070049975135,-0.007594040630497926
0.0,0.0,2.9592947592939263,-0.0033540686710261227,0.004186364935854049,-0.010840215583595976
0.0,0.0,3.000437615500463,-0.00603641973516568,0.0018910588866931262,-0.007006398106971637
0.0,0.0,3.269293305680045,-0.00047915170931334247,0.0010844945150198571,-0.006160448798041416
0.0,0.0,3.3635072156582417,0.0,0.0014771519445400238,-0.002607417018366722
0.0,0.0,3.556800516378496,0.0,0.0,-0.0020295126200869074
0.0,0.0,3.8571271498850366,0.0,0.0,-0.0006665265882634168
0.0,0.0,4.09566027605783,0.0,0.0,-0.0003562081360372228
0.0,0.0,4.166679985923387,0.0,0.0,0.0
0.0,0.0,4.173074332301781,-0.011308157977826486,0.0,0.0
0.0,0.0,4.251205853216751,-0.008695491939236296,0.0,0.0
0.0,0.0,4.264897184963358,-0.003879618956726804,0.0,0.0
0.0,0.0,4.583623064390794,-0.00014603998106310918,0.0,0.0
0.0,0.0,4.713418758009797,0.0,0.0,0.0
0.0,0.0,4.75193216864717,0.0,0.0,0.0
0.0,0.0,4.708923883774203,0.0,0.0,0.0
0.0,0.0,4.957573861705503,0.0,0.0,0.0
0.0,0.0,5.009415636011858,-0.002117131014709576,0.0,0.0
0.0,0.0,5.216371881295628,-0.001422690166004643,0.0,0.0
0.0,0.0,5.291826035095076,-0.0011106873892768492,0.0,0.0
0.0,0.0,5.673851513645539,-0.0010859837368245432,0.0,0.0
0.0,0.0,5.703228549470772,-0.001822781757994351,0.0,0.0
0.0,0.0,5.783979568226534,-0.0004804247279391975,0.0,0.0
0.0,0.0,5.875621098430308,-0.00681439701361663,0.0,0.0
0.0,0.0,6.120127899601345,-0.008511713390452641,0.0,0.0
0.0,0.0,6.254997999980012,-0.00590857264786593,0.0,0.0
0.0,0.0,6.221930631061015,-0.011851662989902183,0.0,0.0
0.0,0.0,6.042055652239761,-0.013025899669661417,0.0,0.0
0.0,0.0,6.313955616150015,-0.018217551105424813,0.0,0.0
0.0,0.0,6.393834404330999,-0.01523542347387829,0.0,0.0
0.0,0.0,6.384541443091015,-0.019738679699855745,0.0,0.0
0.0,0.0,6.287759233362596,-0.024138356882001114,0.0,0.0
0.0,0.0,6.248915373249613,-0.019752177463075664,0.0,0.0
0.0,0.0,6.470906772287348,-0.025144521105084427,0.0,0.0
0.0,0.0,6.476309822303587,-0.022689710240826038,0.0,0.0
0.0,0.0,6.393197420352633,-0.028054572743905076,0.0,0.0
0.0,0.0,6.510373662649637,-0.03236700173845773,0.0,0.0
0.0,0.0,6.401183296932648,-0.025050859648570838,0.0,0.0
0.0,0.0,6.600370003446088,-0.028031786558773066,0.0,0.0
0.0,0.0,6.463811589746011,-0.02826559108779033,0.0,0.0
0.0,0.0,6.570909173721847,-0.0259628919532246,0.0,0.0
0.0,-0.0007480892033925316,6.56836499048858,-0.018769206217209945,0.0,0.0
0.0,0.0,6.56920775706178,-0.019779720251190444,0.0,0.0
0.0,0.0,6.699669065397418,-0.02891558110464555,0.0,0.0
0.0,0.0,6.577817021372686,-0.02942726821854106,0.0,0.0
0.0,0.0,6.751581962163428,-0.03454044556614683,0.0,0.0
0.0,-0.1108416611164541,6.7671437538779715,-0.0373571929899274,0.0,0.0
0.0,-0.13077444252236034,6.82728786578943,-0.042455146132410554,0.0,0.0
0.0,-0.2788457447471998,6.887301641251865,-0.04315120362445269,0.0,0.0
0.0,-0.08302059382625677,7.018727311069009,-0.05179124042827519,0.0,0.0
0.0,-0.3566102306614697,7.10863445339465,-0.043980346587638754,0.0,0.0
0.0,-0.33296732829647874,7.324890894052134,-0.04550084562070914,0.0,0.0
0.0,-0.385653958622619,7.311806353402654,-0.04952066818502073,0.0,0.0
0.0,-0.5375801128778515,7.352753221364874,-0.05619256190053292,0.0,0.0
0.0,-0.5042179748694819,7.380048359150789,-0.0601788007026693,0.0,0.0
0.0,-0.5839921327122549,7.402756921262832,-0.05761335133640137,0.0,0.0
0.0,-0.15129317776355772,7.692869683808697,-0.058473502495200134,0.0,0.0
0.0,-0.3260799761252974,7.601180406961364,-0.04467393696454008,0.0,0.0
0.0,-0.08616498728293477,7.4975719696525385,-0.04487473860510175,0.0,0.0
0.0,0.0,7.511744461090119,-0.04687703845040527,0.0,0.0
0.0,0.0,7.301030526218915,-0.04915728289184396,0.0,0.0
0.0,0.0,7.4017525253045235,-0.04660696354478243,0.0,0.0
0.0,-0.03734093134570029,7.481481446332507,-0.04607301330571095,0.0,0.0
0.0,-0.06054023319989427,7.505761293946999,-0.05849725149021388,0.0,0.0
0.0,-0.11047538185723407,7.603597630341531,-0.05864922443422318,0.0,0.0
0.0,-0.27699392818673974,7.833412510348511,-0.06068681836841468,0.0,0.0
0.0,-0.34539187130438526,7.783113282791362,-0.07589067147089416,0.0,0.0
0.0,-0.5212859480972672,7.6837137954611,-0.07315184694371846,0.0,0.0
0.0,-0.3437497675923798,8.132725204654701,-0.06624625730181648,0.0,0.0
0.0,-0.357997734280092,8.317655160067565,-0.055873828619278386,0.0,0.0
0.0,-0.15795562923161244,8.276377936646153,-0.05259649032934146,0.0,0.0
0.0,-0.046536748007350776,8.383493351899926,-0.05863779806878844,0.0,0.0
0.0,-0.3590139807152546,8.355594602193555,-0.05609024828022382,0.0,0.0
0.0,-0.12621587138182794,8.508089230441986,-0.06305906832112648,0.0,0.0
0.0,-0.29373395732907726,8.550363881251865,-0.06190077224552948,0.0,0.0
0.0,-0.3683946063330258,8.4844827962482,-0.06797418053525223,0.0,0.0
0.0,-0.28431260922443413,8.669560477111075,-0.07820021211415984,0.0,0.0
0.0,-0.567459553379789,8.531506566720543,-0.0725285777267538,0.0,0.0
0.0,-0.4146658640113972,8.481459322005792,-0.07354936854670341,0.0,0.0
0.0,-0.3028361293619044,8.62895079573346,-0.06103750178743628,0.0,0.0
0.0,-0.1194082099739617,8.654926377586822,-0.053672846899479154,0.0,0.0
0.0,0.0,8.48390772477964,-0.052325888113090524,0.0,0.0
0.0,-0.08387799609372384,8.527113761474968,-0.046636752836339425,0.0,0.0
0.0,-0.16910340515293207,8.731621644085422,-0.04788605622723584,0.0,0.0
0.0,-0.4371478675295002,8.617617171529462,-0.06186063743659933,0.0,0.0
0.0,-0.41675750950212975,8.452395235205861,-0.085187506880641,0.0,0.0
0.0,-0.4754249682880899,8.658548817590537,-0.0894294188984469,0.0,0.0
0.0,-0.49076509837522186,8.915407342909152,-0.07772037538389669,0.0,-0.0013523659639386918
0.0,-0.45470028990994305,8.774550399991423,-0.06862955619454289,0.0,-0.0021273474043207903
0.0,-0.24315632366815434,8.824803835312332,-0.052975165753687284,0.0,-0.001973086840087046
0.0,0.0,8.96029167902926,-0.04043404695434362,-0.006260824817759992,-0.0022905599020250863
0.0,0.0,9.185848538481187,-0.03268928952342181,-0.010488776974537858,-0.004196620407740338
0.0,-0.02415522989004277,9.199244672342791,-0.04295251965104236,-0.005275702166543955,-0.007885196829724
0.0,-0.27655658580033016,9.097986962711811,-0.06624825321191816,0.0,-0.011346773656180111
0.0,-0.6789281684459514,9.104262270001161,-0.0869045597506151,0.0,-0.013025427205794037
0.0,-0.6917187994273364,9.306619115339418,-0.10376665830915122,0.0,-0.013553744003814986
0.0,-0.661333886167934,9.373932995564665,-0.0995195134895684,0.0,-0.012599404180206487
0.0,-0.4529507992941234,9.073710732519253,-0.08681786703119862,0.0,-0.017157303068788116
0.0,0.0,9.058048804174124,-0.06213232506386066,-0.0014787271097173407,-0.020211633229950735
0.0,0.0,9.247131488143465,-0.040065157309225316,-0.007865010293309247,-0.021455878751492144
0.0,0.0,9.296897450047064,-0.04320867934057363,-0.0072431027746503816,-0.022825988824561223
0.0,-0.3287389647195402,8.921030105462975,-0.0658829405032723,0.0,-0.024028108166020537
0.0,-0.7032418318899234,8.581289849208641,-0.10089341705873452,0.0,-0.025823036483952604
0.0,-1.3030478872890725,8.50999077988683,-0.11197718240065499,0.0,-0.027418957409211697
0.0,-1.052143992564298,8.707957148971108,-0.12919255054783418,0.0,-0.03111314654162925
0.0,-1.2073056596667353,8.435548844798301,-0.10414355829613062,0.0,-0.027081216306864792
0.0,-0.34920253191302464,8.360676052251474,-0.08356310539351988,0.0,-0.03181885846312663
0.03226422031648704,-0.14672448010219583,8.603401834565712,-0.05242043777679593,-0.0118063580409524,-0.028996309060397157
0.0,0.0,8.437223095930346,-0.044573922269483014,-0.014652562575940891,-0.03204763474621443
0.0,0.0,8.379186971720927,-0.047589323122464146,-0.0040913683360379325,-0.02823278611372121
0.0,-0.5086612267098929,7.8869400914269345,-0.08713392964538848,0.0,-0.029958693797409074
0.0,-0.21523873041281902,8.168648159546196,-0.09575480437682676,0.0,-0.03623254302580626
0.0,-0.44480555553510426,8.265533225067873,-0.07364135207927973,0.0,-0.027526760757990865
0.0,-0.029365640907630025,8.100989540183837,-0.06515192627411463,-0.0023166406416434823,-0.030039740463514458
0.0,0.0,7.950069631272667,-0.05702741274743893,-0.003276171422975745,-0.027111540372714803
0.0,0.0,7.949166795689601,-0.04211824763224216,-0.005443719067713756,-0.02748674845156852
0.0,0.0,8.421938727883035,-0.0377432480283314,-0.0018039398690572889,-0.023600281473059162
0.0,0.0,7.9719987866705235,-0.0677217073628514,0.0,-0.02411419433075296
0.0,-0.47598208961618804,7.82814449553994,-0.07704485458926917,0.0,-0.02891149989007736
0.0,-0.10519973830621232,7.936700244594408,-0.08101039920006375,0.0,-0.02582100303248574
0.0,-0.14431396265196825,7.575771072759918,-0.07124388986820825,0.0,-0.02542888456330944
0.0,-0.2726842130445857,7.427528301268952,-0.06285295232168,0.0,-0.02181855831379241
0.0,0.0,7.821838678864118,-0.054135870769350815,-0.0011979747410176393,-0.029181925438603262
0.0,0.0,7.841384077934913,-0.04894542223044251,0.0,-0.02472095655097701
0.0,0.0,7.559162846067136,-0.05504654012452068,0.0,-0.02665994694130102
0.0,0.0,7.533267735280795,-0.04862335498096938,0.0,-0.02802151672694454
0.0,0.0,8.12466476249752,-0.054662410213011235,-0.001526776635622929,-0.027317284769491808
0.0,-0.09563709075281296,7.82110584326148,-0.07964322996589997,0.0,-0.025516490668861795
0.0,-0.6000907275394314,7.660181655936467,-0.09588728539957225,0.0,-0.02967558141598169
0.0,-0.5607241173495648,7.737978463796677,-0.0996961081665703,0.0,-0.02658138420080643
0.06005955479119165,-0.47413853275048945,8.000930484904883,-0.0790289101791467,0.0,-0.025798809789614307
0.38534508443068705,0.0,7.898288588671937,-0.06496578527664806,-0.012056543511920672,-0.019670589712704474
1.037582036722475,0.0,7.719408274587505,-0.04453708747034059,-0.018314369754321755,-0.01883765425996072
0.7819407444164469,0.0,8.263514344428598,-0.04004766609564325,-0.01612056126756078,-0.016380064453353056
0.2445551026246552,-0.0797812611624452,8.171141777493128,-0.05406669902218969,-0.002858869188035295,-0.014627702432979946
0.0,-0.3272584963145825,8.009795615993209,-0.092468730590917,0.0,-0.016008494233885895
0.0,-0.31275771365234845,8.185925109477404,-0.10133898216890343,0.0,-0.01270201754382184
0.0787578739935795,-0.2745999588211868,8.370657978091335,-0.08820965711499897,0.0,-0.009365178916497666
0.3061731643036575,-0.0008027690645982389,7.91855642347237,-0.06966272307015944,-0.0015883660435334964,-0.0074185227471132474
0.4024376675501434,0.0,8.360658453917768,-0.05518537154490699,-0.00933820556124671,-0.004232058955228236
0.13076621653023163,0.0,8.442662591296271,-0.05184247047327513,-0.00339959971469309,-0.003951787540019836
0.0,0.0,8.127173499109656,-0.06403291462700927,0.0,0.0
0.0,0.0,7.939101904188634,-0.06538118213296229,0.0,0.0
0.001123031642752618,0.0,7.973717277416303,-0.051382371933898316,0.0,0.0
0.4778394427428781,0.0,8.136994275300548,-0.047214212963457534,0.0,0.0
0.41686539078413587,0.0,7.737345101535162,-0.062318395133366324,-0.00023385897133973145,0.0
0.29269223002642514,0.0,7.363374322479999,-0.07060858232291709,0.0,0.0
0.15889759093666417,0.0,6.8929088275711,-0.07568108059570171,0.0,0.0
0.6217932482681748,0.0,7.108621387671619,-0.043259569166032165,0.0,0.0
0.6593539317541449,0.0,7.380171627309276,-0.03408752514184684,-0.008273877574673173,0.0
0.7664124725397231,0.0,7.036144795200883,-0.0328342130138863,-0.006371156950628042,0.0
0.49822834986381803,0.0,6.695574380616009,-0.044390137092823585,-0.003663866149461939,0.0
0.3800162583583971,0.0,6.950138823391067,-0.05413590108761819,0.0,0.0
0.6722197673423586,0.0,6.782523890322201,-0.056207063760594214,0.0,0.0
0.9719109134351902,0.0,6.718240002030939,-0.05150704134950457,-0.012905414221537747,0.0
1.1952917739364923,0.0,6.679870861870258,-0.045884662606189584,-0.015822390000489,0.0
1.0160640059624568,0.0,6.834785698168702,-0.04679146930673196,-0.020575012413279584,0.0
0.8581035856413346,0.0,6.827836028963068,-0.05368362674080546,-0.01094514492423673,0.0
0.7805608289790219,0.0,6.783836463093714,-0.05330544784021709,-0.006189940798124872,0.0
0.8653974097056271,0.0,6.953927643244607,-0.044464483608909575,-0.011655222398304846,0.0
1.040139403313233,0.0,7.571079961168564,-0.03198545211876288,-0.016869643735765362,0.0
0.7894389122598102,0.0,7.428610313451074,-0.0534134144366768,-0.011047334259810134,0.0
0.5754215102504585,0.0,7.352749772396029,-0.06904829180579494,-0.0037061816379256604,0.0
0.3039265925889367,0.0,7.729614403360384,-0.0774997056626792,-0.0031369395021783437,0.0
0.20180980301378035,0.0,7.98827072126839,-0.0672517889097913,0.0,0.0
0.03741776451351844,0.0,8.028222872241507,-0.06156547740804258,0.0,0.0
0.0,0.0,7.590441018221706,-0.0507783044060387,0.0,0.0
0.0,0.0,7.545009835314938,-0.040982300426551196,0.0,0.0
0.0,0.0,7.6524615273310435,-0.04387444364003558,0.0,0.0
0.0,0.0,7.406068357161073,-0.035637461451008295,0.0,0.0
0.030160721575760892,0.0,7.119287183457514,-0.02617174556565043,0.0,0.0
0.09390650238153342,0.0,7.104734275191666,-0.029364690532967253,0.0,0.0
0.0,0.0,6.903790098550914,-0.033854912486412245,0.0,0.0
0.0,0.0,6.329088258606828,-0.04517355847633217,0.0,0.0
0.0,0.0,6.5539732471994965,-0.029440952150810024,-0.00018845673446615303,0.0
0.1788463483244,0.0,6.758541180991898,-0.018818885157082178,-0.0016378013967903843,0.0
0.10864138942617645,0.0,6.439985709669199,-0.028429173487993488,-0.0014753416827361257,0.0
0.0,0.0,6.4110719387171144,-0.03509097530929408,0.0,0.0
0.0,0.0,6.560120807151103,-0.04709907141466334,0.0,0.0
0.0,0.0,6.3549119279183435,-0.04574775090631073,0.0,0.0
0.0,0.0,6.681403117715931,-0.04816810120195639,0.0,0.0
0.0,0.0,6.854596694625646,-0.06128868075544107,0.0,0.0
0.0,-0.01648311671591441,6.154450274162006,-0.08886090707697468,0.0,0.0
0.0,0.0,6.100109726093306,-0.08007245226336043,0.0,0.0
0.0,0.0,6.43808956830753,-0.04260528834981482,0.0,0.0
0.0,0.0,7.082743713749499,-0.015709535947489618,0.0,0.0
0.0,0.0,6.206380993168542,-0.031680473242503566,0.0,0.0
0.0,0.0,5.677725499243231,-0.042339628312718425,0.0,0.0
0.0,0.0,6.369373222323903,-0.02430832608954538,0.0,0.0
0.0,0.0,6.7055442922004955,-0.01849330293961948,0.0,0.0
0.0,0.0,6.317529328458898,-0.028115678818880878,0.0,0.0
0.0,0.0,5.740240075187062,-0.04581832766249931,0.0032834885498503595,0.0
0.0,0.0,5.811512634309343,-0.027512801823666867,0.0,0.0
0.0,0.0,6.749501871615168,-0.010049539201747521,0.0,0.0
0.0,0.0,6.715078750752947,-0.004222392355869119,0.0,0.0
0.0,0.0,6.533567313567943,-0.013619724940531427,0.0,0.0
0.0,0.0,6.81029941574411,-0.02060198528337814,0.0,0.0
0.0,0.0,7.417638434435922,-0.024707668954766386,0.0,0.0
0.0,0.0,7.417638434435922,-0.024707668954766386,0.0,0.0
0.0,0.0,6.2257176216005625,-0.09572198162549166,0.028444075643966032,0.0
0.0,0.0,6.2257176216005625,-0.09572198162549166,0.028444075643966032,0.0
0.0,0.0,7.277675910034391,-0.035657509688986413,0.0038711871407420932,0.0
0.0,0.0,6.8175237876353565,-0.02927378531614445,0.0,0.0
0.0,0.0,5.778565915086154,-0.04336889728342928,0.0,0.0
0.0,0.0,6.029300826715951,-0.029465770133864484,0.0,0.0
0.0,0.0,7.062574720883885,-0.015653544595966202,0.0,0.0
0.0,0.0,6.844474992729627,-0.027534952505116523,0.0005434285282693047,0.0
0.0,0.0,6.28749450156973,-0.048616833605547305,0.007382078586364733,0.0
0.0,0.0,6.28749450156973,-0.048616833605547305,0.007382078586364733,0.0
0.0,0.0,6.7518834985792795,-0.03584165238388731,0.0031277699605654205,0.0
0.0,0.0,6.557763511922841,-0.029318278553737677,0.0,0.0
0.0,0.0,6.503280599294048,-0.028122574433434216,0.0,0.0
0.0,0.0,6.407702656159152,-0.018071379432403254,0.0,0.0
0.0,0.0,6.719540276361757,-0.02080199610618144,0.0,0.0
0.0,0.0,6.988646317430556,-0.016360733531078805,0.00739244407515804,0.0
0.0,0.0,7.021482724974713,-0.026603723630826626,0.01157446827362791,0.0
0.0,0.0,6.820351568524748,-0.03165588878250035,0.012940242697135099,0.0
0.0,0.0,6.698148125554471,-0.029821141887885615,0.0032746984621598815,0.0
0.0,0.0,7.396315849588165,-0.008275852134604413,0.0,0.0
0.0,0.0,7.401592706907789,-0.00946558651762049,0.0,0.0
0.0,0.0,6.786551683288586,-0.015890613121442326,0.0010996811680527023,0.0
0.0,0.0,7.173349267223881,-0.015882239123301677,0.0,0.0
0.0,0.0,7.56844704120533,-0.006400888177744216,0.0014734917607789558,0.0
0.0,0.0,7.57774496069756,-0.015214425198038792,0.007556960185741796,0.0
-0.05181924627129395,0.0,7.153942569065968,-0.04715756093721416,0.02118391937190917,0.0
0.0,0.0,6.960533777888012,-0.05895296606772765,0.016754885849738575,0.0
0.0,0.0,7.3651391603090755,-0.03681137419110579,0.0032789246510034654,0.0
0.0,0.0,7.601195392130822,-0.03931493564638305,0.007080516279169206,0.0
0.0,0.0,7.020472360835474,-0.04234140861621946,0.0022186332839487137,0.0
0.0,0.0,6.64914938571367,-0.030381623068970253,0.0,0.0
0.0,0.0,7.1229829288909485,-0.028710407494846157,0.0,0.0
0.0,0.0,7.166730001373186,-0.03211158659992806,0.004831768687186248,0.0
0.0,0.0,7.062577065555772,-0.05455509929435037,0.011534789193124917,0.0
0.0,0.0,5.791871180889545,-0.05970988715769983,0.007516276197127862,0.0
0.0,0.0,6.448774143848603,-0.039871176075820455,0.004703352970516668,0.0
0.0,0.0,6.877509302531156,-0.024644366920065552,0.003921917752380234,0.0
0.0,0.0,6.140324157220137,-0.029522150847972127,0.0035616898051671246,0.0
0.0,0.0,5.270681773544835,-0.017408242645200828,0.0,0.0
0.0,0.0,6.020171061025522,-0.0016315431926771928,0.0,0.0
0.0,0.0,6.194846729243128,0.0,0.0,0.0
0.0,0.0,5.687750494137476,-0.0028846391708677033,0.0,0.0
0.0,0.0,5.442256733612264,-0.012137023122532028,0.0,0.0
0.0,0.0,5.658962132554175,-0.014272294194061636,0.0038811095972269157,0.0
0.0,0.0,6.348280032883494,-0.0087879183902379,0.0,0.0
0.0,0.0,5.937645245153783,-0.020925106057710936,0.007590747947494878,0.0
0.0,0.0,5.764058393074912,-0.022016147710147083,0.006101831345350801,0.0
0.0,0.0,6.0379007612623425,-0.012406693166521003,0.00163754245682015,0.0
0.0,0.0,6.565756317983722,0.0,0.0,0.0
0.0,0.0,6.438567258058886,-0.007875606889526683,0.007023406282322295,0.0
0.0,0.0,6.47538372626713,-0.021681565437650013,0.009742847440461212,0.0
0.0,0.0,5.941677767861255,-0.02306022596334283,0.010077444370136229,0.0
0.0,0.0,6.492754746242694,-0.01042750824538334,0.009840118010446115,0.0
0.0,0.0,6.4106578642752385,-0.003163411474029117,0.0010336439123939034,0.0
0.0,0.0,5.754271017527996,-0.0004322345221413175,0.0,0.0
0.0,0.0,5.788412429269565,-0.004572801056763177,0.0,0.0
0.0,0.0,6.068766994938409,-0.002801302260721161,0.005637097977750928,0.0
0.0,0.0,5.887605809762932,-0.008390697233522428,0.007478218094019548,0.0
0.0,0.0,5.202721462817898,-0.016055628409638638,0.0020264569238839392,0.0
0.0,0.0,5.828254710197667,-0.014687921295054213,0.0,0.0
0.0,0.0,6.128387983369089,-0.024769209780554895,0.0,-0.001135859508356121
0.0,0.0,5.673084861527839,-0.05927619245978392,0.0033296443299318983,-0.006807853966288519
0.0,0.0,5.38945148613667,-0.06415848698448487,0.009237992522391887,-0.010015744702290134
0.0,0.0,5.8714555034245475,-0.04313721725788354,0.001574981923707832,-0.013462684029712822
0.0,0.0,5.8275869754690195,-0.02942996840474782,0.0019423320617108543,-0.01280906023315789
0.0,0.0,5.369359899754744,-0.019915245273634835,0.0,-0.012813436710402647
0.0,0.0,4.980381247554074,-0.014602495617239683,0.0,-0.015427484575405765
0.0,0.0,4.8869484492057484,-0.010951222177962442,0.0,-0.010826978705218385
0.0,0.0,5.011394937376751,0.0,0.0,-0.011724719431027516
0.0,0.0,4.9895244546306685,0.0,0.0,-0.011646128808641505
0.0,0.0,5.0466791128116215,0.0,0.0,-0.01413345083290726
0.0,0.0,4.810403679482197,0.0,0.0,-0.008979733809631602
0.0,0.0,5.167138697525173,0.0,0.0,-0.008799801893420053
0.0,0.0,5.2275882458747045,0.0,0.0,-0.006065701181542551
0.0,0.0,5.390327699633132,0.0,0.0,-0.0035279845032417005
0.0,0.0,5.5833155087926185,-0.001711642967398195,0.0,-0.007114675170115917
0.0,0.0,5.698076742914448,-0.011030420476764132,0.0,-0.0050061067688911345
0.0,0.0,5.34906091127349,-0.038337856450934335,0.0027317878111824115,-0.00997516520083587
0.0,0.0,5.278918733863106,-0.02143264604738517,0.0,-0.007309305455777062
0.0,0.0,5.278918733863106,-0.02143264604738517,0.0,-0.007309305455777062
0.0,0.0,5.241389516366447,-0.01015092645369842,0.0,-0.004127998296846479
0.0,0.0,5.182409179191131,0.0,0.0,-0.003361668534880216
0.0,0.0,5.05144131403972,0.0,0.0,-0.00488257590462372
0.0,0.0,4.763250565183044,-0.0017534884043456777,0.0,-0.003644941766927896
0.0,0.0,4.826840770195414,-0.007251408041657964,0.0006847440761858637,-0.004448492108445528
0.0,0.0,4.500290738556518,-0.010806604593368522,0.004761844134954391,-0.006619282335832408
0.0,0.0,4.410147010452123,-0.0013040784058695593,0.0,-0.004474664112053032
0.0,0.0,4.699692560564895,0.0,0.0,-0.004174940598526925
0.0,0.0,3.9333537419745666,0.0,0.0,-0.0030677701352014677
0.0,0.0,3.854564521840961,0.0,0.0,-0.004019957962960962
0.01856744889635415,0.0,4.16364737927671,0.0,0.0,-0.0041461537165175776
0.0,0.0,4.157034101877423,0.0,0.0,-0.0023163896012216778
0.0,0.0,3.8716133018587597,-0.0006555602479188616,0.0,-0.002873327656516418
0.0,0.0,3.9838299761456013,-0.006547920383114017,0.0,-0.005454324525408104
0.0,0.0,4.252702725918198,-0.002844804666674334,0.0,-0.002581696314539147
0.0,0.0,4.582377929588107,-0.006001716116968011,0.0,-0.0013132476899735432
0.0,0.0,4.168802720068305,-0.01050720274639502,0.0,-0.002892258441614857
0.0,0.0,4.3453380116749525,-0.014376532069080433,0.0,-0.0014077257042405104
0.0,0.0,4.558136539042916,-0.0185719062033888,0.0,-0.003143530494509742
0.0,0.0,4.341761084205481,-0.015285546137331973,0.0,-0.0007124445237239506
0.0,0.0,4.299018764795938,-0.01366125922262904,0.0,-0.0027629631806731047
0.0,0.0,4.58234836007016,-0.00660265138064014,0.0,-0.0016114143865037837
0.0,0.0,4.378561895936246,-0.013949756964691109,0.0,-0.0011785740698188644
0.0,0.0,4.016468538275327,-0.01555963928561511,0.0,-0.0012442452150210215
0.0,0.0,4.247453725404184,-0.004385950916684268,0.0,-7.430607238935398e-05
0.0,0.0,4.282836663298921,-0.0010886513560918799,0.0,0.0
0.16872281342313986,0.0,3.962836850534278,0.0,0.0,0.0
0.1916675234406247,0.0,4.207496311781855,0.0,0.0,0.0
0.1916675234406247,0.0,4.207496311781855,0.0,0.0,0.0
0.03761325594059025,0.0,4.199290490018545,0.0,0.0,0.0
0.049315381777619724,0.0,4.420174954405999,0.0,0.0,0.0
0.0,0.0,4.333013519811173,-0.008027477651925196,0.0,0.0
0.0,0.0,4.272800109073875,-0.00968078304142413,0.0,0.0
0.0,0.0,4.620876867800537,-0.0037052933730806715,0.0,0.0
0.0,0.0,4.308879368819948,-0.008078137094657963,0.0,0.0
0.0,0.0,4.33925894283329,-0.0015350052101166193,0.0,0.0
0.0,0.0,4.2021175044454,-0.001918690310117998,0.0,0.0
0.0,0.0,4.27764448262072,0.0,0.0,0.0
0.0,0.0,3.9997763583035977,0.0,0.0,0.0
0.0033774041841676877,0.0,3.8133143444940734,0.0,0.0,0.0
0.012044991106873518,0.0,3.9189723927950766,0.0,0.0,0.0
0.0,0.0,4.317750518653861,0.0,0.0,0.0
0.0,0.0,3.835999908499123,-0.004059098410175129,0.0,0.0
0.0,0.0,3.8191720090293564,-0.015039036578551154,0.0,0.0
0.0,0.0,4.011000963060705,-0.012087189835497036,0.0,0.0
0.0,0.0,3.8816294193664915,-0.014527550401662764,0.0,0.0
0.0,0.0,3.921341115807766,-0.0067575442668036416,0.0,0.0
0.0,0.0,3.709408415404392,0.0,0.0,0.0
0.0,0.0,3.8115942124907782,0.0,0.0,0.0
0.0,0.0,3.839407026328189,0.0,0.0,0.0
0.0,0.0,3.786063101417215,0.0,0.0,0.0
0.0,0.0,3.88930742310072,0.0,0.0,0.0
0.0,0.0,3.9056938600970774,0.0,0.0,0.0
0.0,0.0,3.741518924894037,0.0,0.0,0.0
0.0,0.0,3.9118190936195867,0.0,0.0,0.0
0.0,0.0,3.7259283726724277,-0.003424134892459877,0.0,0.0
0.0,0.0,3.413054593287774,-0.0028488846468024418,0.0023589153873770793,0.0
0.0,0.0,3.7574448646509104,0.0,0.0,0.0
0.0,0.0,3.517804008507786,0.0,0.0,0.0
0.0,0.0,3.5024606154719264,0.0,0.0,0.0
0.0,0.0,3.530249742005767,0.0,0.0,0.0
0.0,0.0,3.4080196026866134,0.0,0.0,0.0
0.0,0.0,3.611085477734652,0.0,0.0,0.0
0.0,0.0,3.6729876764818554,0.0,0.0,0.0
0.0,0.0,3.567193158598717,-0.002028140891968329,0.0,0.0
0.0,0.0,3.298485103360433,-0.0007587204979761003,0.0,-0.001204703112503573
0.0,0.0,3.7217011532460136,0.0,0.0,0.0
0.0,0.0,3.440930757077735,0.0,0.0,0.0
0.0,0.0,3.166993099241313,0.0,0.0,-3.97533047717037e-05
0.0,0.0,2.9983618636662674,0.0,0.0,-0.0005405040509663523
0.0,0.0,3.014356629704252,0.0,0.0,0.0
0.0,0.0,2.9593542793148258,0.0,0.0,0.0
0.0,0.0,2.7217783187852027,0.0,0.0,0.0
0.0,0.0,2.9996610695430515,0.0,0.0,0.0
0.0,0.0,3.1124712601642086,0.0,0.0,0.0
0.0,0.0,2.851318744558001,0.0,0.0,0.0
0.0,0.0,3.0722976124260475,0.0,0.0,0.0
0.0,0.0,3.387815839160934,-0.0013034476842320739,0.001941996745817057,0.0
0.0,0.0,3.384867027579362,-0.0030702899360944788,0.002654633602464071,0.0
0.0,0.0,3.4534392557335947,-0.0013903273408299162,0.0018041221561600825,0.0
0.0,0.0,3.7031617473151988,0.0,0.0,0.0
0.0,0.0,3.6225572981870373,0.0,0.0036106369499721313,0.0
0.0,0.0,3.56429394557712,-0.0030662440795519866,0.0030296367018020705,0.0
0.0,0.0,3.656577675848814,-0.006636092763131736,0.01299167582528322,0.0
0.0,0.0,3.338619341904347,-0.007081035364824809,0.007134914182323116,0.0
0.0,0.0,3.3848548486187844,-0.0038479262186886702,0.0026985856801898063,-0.0002769146626042248
0.0,0.0,3.4815013333890783,0.0,0.0,0.0
0.0,0.0,3.3310289198170677,0.0,0.0,0.0
0.0,0.0,3.4355019188019833,0.0,0.0,0.0
0.0,0.0,3.4332024113004787,0.0,0.0,0.0
0.0,0.0,3.4950950893751425,0.0,0.0,0.0
0.0,0.0,3.2602331307061987,0.0,0.0028048698811767156,0.0
0.0,0.0,3.2794253176141823,0.0,0.001240132685930879,0.0
0.0,0.0,3.7225112786537577,0.0,0.0029603114907782824,0.0
0.0,0.0,3.3593242389302693,0.0,0.0026952191344457987,0.0
0.0,0.0,2.8880849962657282,0.0,0.0,0.0
0.0,0.0,3.404769729156474,0.0,0.0,0.0
0.0,0.0,3.3487305798490254,0.0,0.0,0.0
0.0,0.0,3.1730866850175934,0.0,0.0,0.0
0.0,0.0,3.3220160440261095,0.0,0.0,0.0
0.0,0.0,3.5714417199113377,0.0,0.0030895486584499704,0.0
0.0,0.0,3.4138037733316393,-0.005310249575751277,0.00707324061980958,0.0
0.0,0.0,3.2297105479026165,-0.006884936300571548,0.0146537591641353,0.0
0.0,0.0,2.960939963303491,-0.0016143884016005243,0.0,0.0
0.0,0.0,3.13325332367979,0.0,0.004525136717987625,0.0
0.0,0.0,2.9369284257635506,0.0,0.0,0.0
0.0,0.0,2.3483678647307924,0.0,0.0,0.0
0.0,0.0,2.446248578189893,0.0,0.0,0.0
0.0,0.0,2.4433469885696,0.0,0.0,0.0
0.0,0.0,2.092883611760592,0.0,0.0,0.0
0.0,0.0,2.277745719336748,0.0,0.0,0.0
0.0,0.0,2.354844958622335,0.0,0.0,0.0
0.0,0.0,2.4199538555499034,0.0,0.008271426166624173,0.0
0.0,0.0,2.468035430414287,0.0,0.007543344472361385,0.0
0.0,0.0,2.6552884952474436,0.0,0.0011787025316557164,0.0
0.0,0.0,2.75255817340534,0.0,0.00040139249277897917,0.0
0.0,0.0,2.7176019599674133,0.0,0.0,0.0
0.0,0.0,3.0013180607992775,0.0,0.0,0.0
0.0,0.0,2.862081307418556,0.0,0.0,0.0
0.0,0.0,3.1332146173792443,0.0,0.0,0.0
0.0,0.0,3.248016207981432,0.0,0.002226628699266206,0.0
0.0,0.0,3.1380517482293664,0.0,0.00018882130988116715,0.0
0.0,0.0,3.2612294104959494,-0.0013923712104171944,0.004192422815812608,0.0
0.0,0.0,3.24747301785276,-0.002269843960048689,0.005101661536626835,0.0
0.0,0.0,3.1601705579972417,0.0,0.000714820722115031,0.0
0.0,0.0,3.024014768968671,0.0,0.0,0.0
0.0,0.0,2.851433268105356,0.0,0.0,0.0
0.0,0.0,3.0530210985793933,0.0,0.0,0.0
0.0,0.0,2.870167566824116,0.0,0.002026872813251576,0.0
0.0,0.0,2.024661648412328,-0.007077095914318215,0.009695261795071715,0.0
0.0,0.0,2.325786862357277,0.0,0.0,0.0
0.0,0.0,2.7975632309128393,0.0,0.0,0.0
0.0,0.0,2.3476926297037792,0.0,0.0,0.0
0.0,0.0,1.8156852018672331,0.0,0.0,0.0
0.0,0.0,2.242089416468952,0.0,0.0,0.0
0.0,0.0,2.057653249843561,0.0,0.005029132462501439,0.0
0.0,0.0,1.9216784145820451,-0.005038227694965776,0.0,0.0
0.0,0.0,1.8081479679123635,-0.0012580504065932054,0.0,0.0
0.0,0.0,1.8959531337099875,0.0,0.0,0.0
0.0,0.0,2.194252526712196,0.0,0.0,0.0
0.0,0.0,1.8374165798694033,0.0,0.0,0.0
0.0,0.0,1.2906728869354436,0.0,0.0,0.0
0.0,0.0,1.932131000314413,0.0,0.0,0.0
0.0,0.0,2.0157064686928816,0.0,0.0,0.0
0.0,0.0,1.4893242921033811,-0.0004962041092438807,0.002835825746852864,0.0
0.0,0.0,1.5121434707312333,-0.0062511184728188795,0.0018287975166547544,0.0
0.0,0.0,1.9782555026164554,0.0,0.0,0.0
0.0,0.0,2.2924840324844853,0.0,0.0,0.0
0.0,0.0,1.8697735655566898,-0.0032765992386257783,0.0,0.0
0.0,0.0,1.4999347907619218,-0.004280641349601342,0.0,0.0
0.0,0.0,2.04573338701589,0.0,0.0,0.0
0.0,0.0,2.2103420326053396,0.0,0.0011964641106964027,0.0
0.0,0.0,1.641180458884237,-0.016366529425515326,0.007164738127746437,0.0
0.0,0.0,1.8992335082552838,0.0,0.0,0.0
0.0,0.0,1.9189808304206815,0.0,0.0,0.0
0.0,0.0,1.5305464125289552,0.0,0.0,0.0
0.0,0.0,1.4261348786185224,0.0,0.0,0.0
0.0,0.0,1.7459642286185855,0.0,0.0,0.0
0.0,0.0,1.9367412849950725,0.0,0.0,0.0
0.0,0.0,1.4077753395103416,-0.0043010389504853025,0.007265758697808958,0.0
0.0,0.0,1.2115624926313453,-0.02138443473462532,0.02001760247160161,0.0
0.0,0.0,1.4186213028052217,-0.012727988664623708,0.013241110346331885,0.0
0.0,0.0,1.2829231517701563,-0.0017429622195139077,0.001634944366352449,0.0
0.0,0.0,1.0812866549828906,0.0,0.0,0.0
0.0,0.0,0.945047657462682,0.0,0.0,0.0
0.0,0.0,0.9330237973217338,0.0,0.0,0.0
0.0,0.0,0.8483309185199162,0.0,0.0,0.0
0.0,0.0,1.008844363187959,0.0,0.0,0.0
0.0,0.0,0.9443018433820016,0.0,0.0,0.0
0.0,0.0,0.7759425156606164,0.0,0.005071479766293628,0.0
0.0,0.0,0.9101182703175905,0.0,0.0,0.0
0.0,0.0,1.1982684801987182,0.0,0.0,0.0
0.0,0.0,1.184194377926112,0.0,0.0,0.0
0.0,0.0,0.7796157043877981,0.0,0.0,0.0
0.0,0.0,1.1255744135085597,0.0,0.0,0.0
0.0,0.0,1.4110599913101338,0.0,0.0,0.0
0.0,0.0,1.3469891231062892,0.0,0.0,0.0
0.0,0.0,1.140289853613894,-0.0018219710173667217,0.0,0.0
0.0,0.0,1.1761817819364522,-0.0023993473870532376,0.0,0.0
0.0,0.0,1.6257466416764346,0.0,0.0,0.0
0.0,0.0,1.7495103019032592,0.0,0.0,0.0
0.0,0.0,1.4469571361264335,-0.0064798816175952265,0.0,0.0
0.0,0.0,1.2912177039517823,-0.018117682698611352,0.0013119632848778077,0.0
0.0,0.0,1.5012949135842057,-0.011091935703680337,0.0,0.0
0.0,0.0,1.6377214759202299,0.0,0.0,0.0
0.0,0.0,1.6428896297611035,-0.0016821291990469615,0.0,0.0
0.0,0.0,1.0570510254975636,-0.012368589936216416,0.0026228278607529697,0.0
0.0,0.0,1.4060774111585181,-0.0029437530596111428,0.0,0.0
0.0,0.0,1.6591419703776367,0.0,0.0,0.0
0.0,0.0,1.3700850451390552,0.0,0.0,0.0
0.0,0.0,1.4594961468909533,0.0,0.0,0.0
0.0,0.0,1.549047846089935,0.0,0.0,0.0
0.0,0.0,1.6146708359245685,0.0,0.0,0.0
0.0,0.0,1.7656523384124359,0.0,0.0,0.0
0.0,0.0,1.5603492843711377,-0.000434728669464461,0.0,0.0
0.0,0.0,1.5034043220658924,-0.002055348537585644,0.0018677506316170066,0.0
0.0,0.0,1.354417354046698,-0.010131053319361838,0.005429309838393281,0.0
0.0,0.0,1.2684784079240898,-0.0030581037703339762,0.002370688069796003,0.0
0.0,0.0,1.3105036935371375,0.0,0.0,0.0
0.0,0.0,1.4104861506421997,0.0,0.0,0.0
0.0,0.0,1.2131146503996189,0.0,0.0,0.0
0.0,0.0,1.067039489022895,0.0,0.0,0.0
0.0,0.0,1.0744426224553225,0.0,0.0016565808097769273,0.0
0.0,0.0,0.8766340240169299,0.0,0.0018112035967721256,0.0
0.0,0.0,1.112636620777168,0.0,0.002113200777483391,0.0
0.0,0.0,0.8203569782703883,0.0,0.00714061278161605,0.0
0.0,0.0,0.8522258944949412,-0.001016540916537537,0.008190190658179467,0.0
0.0,0.0,1.0295160912727463,0.0,0.0,0.0
0.0,0.0,1.0023449066047643,0.0,0.0,0.0
0.0,0.0,1.0238568054774748,-0.006396553571726799,0.0,0.0
0.0,0.0,0.5834885191600714,-0.010687282247565181,0.0,0.0
0.0,0.0,0.7342406320632018,-0.0017400315757495558,0.002272194640045445,0.0
0.0,0.0,0.8157637470814949,0.0,0.0,0.0
0.0,0.0,0.8223955346093291,0.0,0.0009230559527983075,0.0
0.0,0.0,0.7038038818390363,0.0,0.0029535755920874493,0.0
0.0,0.0,0.6216657502128826,0.0,0.0021507563500940724,0.0
0.0,0.0,0.9654421245709841,0.0,0.0,0.0
0.0,0.0,0.9252150289108702,0.0,0.0,0.0
0.0,0.0,1.0257115763793847,0.0,0.0,0.0
0.0,0.0,1.1987447092265264,0.0,0.0,0.0
0.0,0.0,1.2322821178175205,-0.001912319345697623,0.0,0.0
0.0,0.0,1.246365974292676,0.0,0.0,0.0
0.0,0.0,1.4191536275219678,0.0,0.0,0.0
0.0,0.0,1.3672776242390667,-0.0122296415166254,0.004013538554589419,0.0
0.0,0.0,0.940473168978613,-0.028443944977778763,0.008847063778145807,0.0
0.0,0.0,0.9584985424858192,-0.02901500235402805,0.00976429915129441,0.0
0.0,0.0,0.6381624309345268,-0.018493336690546085,0.008243006495465955,0.0
0.0,0.0,0.5266320026409989,0.0,0.0,0.0
0.0,0.0,0.6608904257782942,0.0,0.0,0.0
0.0,0.0,0.37982360202632215,0.0,0.0,0.0
0.0,0.0,0.27811026090232027,0.0,0.0,0.0
0.0,0.0,0.3852919166609938,0.0,0.0,0.0
0.0,0.0,0.26189963486819984,-4.608460081960596e-05,0.0,0.0
0.0,0.0,0.2254064818260649,-0.001652536669430769,0.0,0.0
0.0,0.0,0.2825036053303596,-0.004620227044043975,0.0,0.0
0.0,0.0,0.20873820563853823,-0.010631959778752809,0.0,-0.0035001904933511727
0.0,0.0,0.15087004599578813,-0.004343906260289686,0.0,-0.007779539805132307
0.0,0.0,0.27585138500891154,0.0,0.0,-0.013234529771986461
0.0,0.0,0.15621225425276278,0.0,0.0,-0.01044610310754374
0.0,0.0,0.10850761575502636,0.0,0.0,-0.00906974054338831
0.0,0.0,0.18268822931451018,0.0,0.0,-0.013662081288637514
0.0,0.0,0.16731199328916788,0.0,0.0,-0.01312061003854823
0.0,0.0,0.10973504910457821,0.0,0.0,-0.01397929386590772
0.0,0.0,0.06941206646092657,0.0,0.0,-0.01100056198531214
0.0,0.0,0.17160817647453747,0.0,0.0,-0.010590934477886322
0.0,0.0,0.27068177272419525,0.0,0.0,-0.012796990267299222
0.0,0.0,0.3322294453269813,-0.0012409428309936338,0.00044086156791042525,-0.012316127883889867
0.0,0.0,0.3639264278189728,-0.009918262230571758,0.0039330786706594815,-0.016156585151626147
0.0,0.0,0.480981770517257,-0.005095001985835616,0.002944595871029297,-0.015491857290275208
0.0,0.0,0.5959027032719139,-0.004677446227754074,0.0003193643771544138,-0.013901638335829974
0.0,0.0,0.6309841328591896,-0.0019843133752494115,0.0,-0.017836976353604254
0.0,0.0,0.513218262892504,-0.006292625532903715,0.0,-0.011770318957583443
0.0,0.0,0.46353869870865144,-0.007423880329358571,0.0023822443989521373,-0.013899023200831367
0.0,0.0,0.4993309812305221,-0.006667942339776083,0.004366795457589466,-0.016512311584114397
0.0,0.0,0.28393662859824514,-0.008398012422343568,0.0005138326356925098,-0.016268004580516787
0.0,0.0,0.17141687831803665,-0.0008926423611568696,0.0,-0.014669804912754884
0.0,0.0,0.06345658242009311,0.0,0.0,-0.014289451267270095
0.0,0.0,0.004154799347459249,0.0,0.0,-0.010705050206969886
0.0,0.0,0.0,0.0,0.0,-0.01119872552346798
0.0,0.0,0.0,0.0,0.0002912129404886025,-0.011790271220419193
0.0,0.0,0.0,-0.002257328144835859,0.007423663663111165,-0.013365399351834024
0.0,0.0,0.0,0.0,0.0,-0.009059647759402129
0.0,0.0,0.0,0.0,0.0,-0.008846010973480862
0.0,0.0,0.0,0.0,0.0,-0.001315014369005148
0,0,0,0,0,0
0.0,0.0,0.0,0.0,0.005238287098919146,0.0
0.0,0.0,0.0,-0.010948797335356237,0.009548763546918247,0.0
0.0,0.0,0.0,-0.011911026865250817,0.006319885307814745,0.0
0.0,0.0,0.0,-0.002460708382093382,0.003428727853670704,0.0
0.0,0.0,0.0,-0.005600043868458567,0.004335059604914879,0.0
0.0,0.0,0.0,-0.0032706299583316993,0.005584242908802637,0.0
0.0,0.0,0.0,-0.0004324842514002933,0.0025232937073581515,0.0
0.0,0.0,0.0,0.0,0.013422743771973097,0.0
0.0,0.0,0.0,0.0,0.009197112324596104,0.0
0,0,0,0,0,0
0,0,0,0,0,0
0,0,0,0,0,0
0.0,0.0,0.0,0.0,0.002265042925312579,0.0
0.0,0.0,0.0,-0.0027939046446077984,0.0035385645428752223,0.0
0.0,0.0,0.0,0.0,0.004503930928781812,0.0
0,0,0,0,0,0
0,0,0,0,0,0
0.0,0.0,0.0,-3.356131277046005e-05,0.0,0.0
0.0,0.0,0.0,-0.011426866991777454,0.01048524635946865,0.0
0.0,-0.030378029305481773,0.0,-0.025755802475534696,0.020056796394877213,0.0
0.0,-0.12107309568134453,0.0,-0.029914550785250904,0.02117108777235876,0.0
0.0,0.0,0.0,-0.01999944363205369,0.007966796847292753,0.0
0.0,0.0,0.0,-0.0037270525770673503,0.003855888957540992,0.0
0.0,0.0,0.0,0.0,0.0026588401633106645,0.0
0,0,0,0,0,0
0,0,0,0,0,0
0.0,0.0,0.0,0.0,0.0003419241326899889,0.0
0.0,0.0,0.0,0.0,0.0007293649949701025,0.0
0.0,0.0,0.0,0.0,0.002645687986903066,0.0
0,0,0,0,0,0
0,0,0,0,0,0
0,0,0,0,0,0
0,0,0,0,0,0
0,0,0,0,0,0
0.0,0.0,0.0,0.0,0.0013034981321643222,0.0
0.0,0.0,0.0,0.0,0.0007199250345701002,0.0
0.0,0.0,0.0,-0.0011268671580897587,0.002790740842763959,0.0
0.0,0.0,0.0,-0.0016051719300602604,0.0,0.0
0.0,0.0,0.0,0.0,0.0005316051062550183,0.0
0.0,0.0,0.0,-0.0026472931228914373,0.005780959560420133,0.0
0.0,0.0,0.0,-0.004405751783186692,0.012263021141099052,0.0
0.0,0.0,0.0,-0.0008633891996231941,0.009801186239045709,0.0
0.0,0.0,0.0,-0.0007513604636621395,0.0034814994978399445,0.0
0,0,0,0,0,0
0,0,0,0,0,0
0,0,0,0,0,0
0,0,0,0,0,0
0,0,0,0,0,0
0.0,0.0,0.0,0.0,0.00019148007299013176,0.0
0.0,0.0,0.0,0.0,0.0022155707474300745,0.0
0.0,0.0,0.0,0.0,0.00024951710070864947,0.0
0.0,0.0,0.0,0.0,0.000830754093591978,0.0
0,0,0,0,0,0
0,0,0,0,0,0
0,0,0,0,0,0
0,0,0,0,0,0
0.0,0.0,0.0,-0.003822885391388172,0.0022162320324021017,0.0
0.0,0.0,0.0,-0.004221778485204055,0.0075504319623319206,0.0
0.0,0.0,0.0,-0.002301878778501683,0.0036043533159028293,0.0
0,0,0,0,0,0
0,0,0,0,0,0
0,0,0,0,0,0
0,0,0,0,0,0
0,0,0,0,0,0
0,0,0,0,0,0
0.0,0.0,0.0,-0.0009188019493244516,0.0,0.0
0.0,0.0,0.0,-0.0025232294565843438,0.0,0.0
0,0,0,0,0,0
0,0,0,0,0,0
0,0,0,0,0,0
0,0,0,0,0,0
0,0,0,0,0,0
0,0,0,0,0,0
0,0,0,0,0,0
0.0,0.0,0.0,-0.005191454874603518,0.0,0.0
0.0,0.0,0.0,-0.00904315720651015,0.0045006920118499105,0.0
0.0,0.0,0.0,-0.007203685805217965,0.004321295071351873,0.0
0,0,0,0,0,0
0,0,0,0,0,0
0,0,0,0,0,0
0,0,0,0,0,0
0,0,0,0,0,0
0,0,0,0,0,0
0.0,0.0,0.0,-0.0006204951600836748,0.0,0.0
0,0,0,0,0,0
0,0,0,0,0,0
0,0,0,0,0,0
0,0,0,0,0,0
0,0,0,0,0,0
0,0,0,0,0,0
0,0,0,0,0,0
0,0,0,0,0,0
0,0,0,0,0,0
0.0,0.0,0.0,-0.0016720649080173024,0.0,0.0
0.0,0.0,0.0,-0.0008142802472916055,0.0,0.0
0.0,0.0,0.0,-0.0016878718131758512,0.0,0.0
0.0,0.0,0.0,-0.0018466831187191936,0.0,0.0
0.0,0.0,0.0,-0.0005646721505169601,0.0,0.0
0,0,0,0,0,0
0,0,0,0,0,0
0,0,0,0,0,0
0,0,0,0,0,0
0.0,0.0,0.0,-0.002785763573513066,0.0,0.0
0.0,0.0,0.0,-0.004932374418324539,0.0,0.0
0.0,0.0,0.0,-0.0070579916197590796,0.0,0.0
0.0,0.0,0.0,-0.0027937762202863486,0.0,0.0
0,0,0,0,0,0
0,0,0,0,0,0
0,0,0,0,0,0
0,0,0,0,0,0
0,0,0,0,0,0
0,0,0,0,0,0
0,0,0,0,0,0
0,0,0,0,0,0
0,0,0,0,0,0
0,0,0,0,0,0
0,0,0,0,0,0
0,0,0,0,0,0
0,0,0,0,0,0
0,0,0,0,0,0
0,0,0,0,0,0
0,0,0,0,0,0
0,0,0,0,0,0
0,0,0,0,0,0
0,0,0,0,0,0
0,0,0,0,0,0
0,0,0,0,0,0
0.0,0.0,0.0,-0.0012373604638559396,0.0,0.0
0.0,0.0,0.0,-0.00276864466200413,0.0,0.0
0.0,0.0,0.0,-0.002966918943377255,0.0,0.0
0.0,0.0,0.0,-0.003383836182424056,0.0,0.0
0,0,0,0,0,0
0,0,0,0,0,0
0,0,0,0,0,0
0,0,0,0,0,0
0,0,0,0,0,0
0,0,0,0,0,0
0,0,0,0,0,0
0,0,0,0,0,0
0,0,0,0,0,0
0,0,0,0,0,0
0,0,0,0,0,0
0,0,0,0,0,0
0,0,0,0,0,0
0,0,0,0,0,0
0,0,0,0,0,0
0,0,0,0,0,0
0,0,0,0,0,0
0,0,0,0,0,0
0,0,0,0,0,0
0,0,0,0,0,0
0,0,0,0,0,0
0,0,0,0,0,0
0,0,0,0,0,0
0,0,0,0,0,0
0,0,0,0,0,0
0,0,0,0,0,0
0,0,0,0,0,0
0,0,0,0,0,0
0,0,0,0,0,0
0,0,0,0,0,0
0,0,0,0,0,0
0,0,0,0,0,0
0,0,0,0,0,0
0,0,0,0,0,0
0,0,0,0,0,0
0,0,0,0,0,0
0,0,0,0,0,0
0,0,0,0,0,0
0,0,0,0,0,0
0.0,0.0,-0.06505319285530535,0.0,0.0,0.0
0.0,0.0,-0.06585834585114678,0.0,0.0,0.0
0.0,0.0,-0.0458143108359267,0.0,0.0,0.0
0.0,0.0,-0.058935793774149335,0.0,0.0,0.0
0.0,0.0,-0.10111838674053938,0.0,0.0,0.0
0.0,0.0,-0.13671838971346348,0.0,0.0,0.0
0.0,0.0,-0.10285040984829445,0.0,0.0,0.0
0.0,0.0,-0.05697457407359617,0.0,0.0,0.0
0,0,0,0,0,0
0.0,0.0,-0.057453063166618065,0.0,0.0,0.0
0,0,0,0,0,0
0,0,0,0,0,0
0,0,0,0,0,0
0,0,0,0,0,0
0,0,0,0,0,0
0,0,0,0,0,0
0,0,0,0,0,0
0,0,0,0,0,0
0,0,0,0,0,0
0,0,0,0,0,0
0,0,0,0,0,0
0,0,0,0,0,0
0,0,0,0,0,0
0,0,0,0,0,0
0,0,0,0,0,0
0,0,0,0,0,0
0,0,0,0,0,0
0,0,0,0,0,0
0,0,0,0,0,0
0,0,0,0,0,0
0,0,0,0,0,0
0,0,0,0,0,0
0.0,0.0,-0.05016776592264578,0.0,0.0,0.0
0.0,0.0,-0.11775961750210959,0.0,0.0,0.0
0.0,0.0,-0.2181722823053808,0.0,0.0,0.0
0.0,0.0,-0.2825205220072303,0.0,0.0,0.0
0.0,0.0,-0.14479339597405413,0.0,0.0,0.0
0.0,0.0,-0.19637984642197034,0.0,0.0,0.0
0.0,0.0,-0.1601059379938331,0.0,0.0,0.0
0.0,0.0,-0.16712180662822052,0.0,0.0,0.0
0.0,0.0,-0.0694837218612991,0.0,0.0,0.0
0.0,0.0,-0.11684323977756457,0.0,0.0,0.0
0.0,0.0,-0.006511253804038342,0.0,0.0,0.0
0,0,0,0,0,0
0,0,0,0,0,0
0,0,0,0,0,0
0,0,0,0,0,0
0,0,0,0,0,0
0,0,0,0,0,0
0,0,0,0,0,0
0,0,0,0,0,0
0,0,0,0,0,0
0,0,0,0,0,0
0,0,0,0,0,0
0,0,0,0,0,0
0,0,0,0,0,0
0,0,0,0,0,0
0.0,0.0,-0.017096972387218294,0.0,0.0,0.0
0,0,0,0,0,0
0.0,0.0,-0.026381247517103124,0.0,0.0,0.0
0,0,0,0,0,0
0,0,0,0,0,0
0,0,0,0,0,0
0,0,0,0,0,0
0,0,0,0,0,0
0,0,0,0,0,0
0,0,0,0,0,0
0.0,0.0,-0.048864566606007825,0.0,0.0,0.0
0,0,0,0,0,0
0.0,0.0,-0.04260843969819875,0.0,0.0,0.0
0.0,0.0,-0.11459523705423151,0.0,0.0,0.0
0.0,0.0,-0.04595259270987329,0.0,0.0,0.0
0.0,0.0,-0.06773542380553704,0.0,0.0,0.0
0.0,0.0,-0.0718877688196445,0.0,0.0,0.0
0.0,0.0,-0.05856703964950052,0.0,0.0,0.0
0.0,0.0,-0.05041197083912964,0.0,0.0,0.0
0.0,0.0,-0.047767696850694166,0.0,0.0,0.0
0,0,0,0,0,0
0,0,0,0,0,0
0,0,0,0,0,0
0,0,0,0,0,0
0,0,0,0,0,0
0.0,0.0,0.0,0.0,0.0006771603517580132,0.0
0,0,0,0,0,0
0,0,0,0,0,0
0,0,0,0,0,0
0.0,0.0,0.0,0.0,0.0005155158796674782,0.0
0,0,0,0,0,0
0,0,0,0,0,0
0,0,0,0,0,0
0,0,0,0,0,0
0,0,0,0,0,0
0,0,0,0,0,0
0,0,0,0,0,0
0,0,0,0,0,0
0,0,0,0,0,0
0,0,0,0,0,0
0,0,0,0,0,0
0,0,0,0,0,0
0,0,0,0,0,0
0,0,0,0,0,0
0,0,0,0,0,0
0,0,0,0,0,0
0,0,0,0,0,0
0,0,0,0,0,0
0,0,0,0,0,0
0,0,0,0,0,0
0,0,0,0,0,0
0,0,0,0,0,0
0,0,0,0,0,0
0,0,0,0,0,0
0,0,0,0,0,0
0,0,0,0,0,0
0,0,0,0,0,0
0.0,0.0,-0.0063655606745229255,0.0,0.0,0.0
0,0,0,0,0,0
0,0,0,0,0,0
0.0,0.0,-0.022721342310570238,0.0,0.0,0.0
0,0,0,0,0,0
0,0,0,0,0,0
0.0,0.0,-0.009409096739987376,0.0,0.0,0.0
0,0,0,0,0,0
0,0,0,0,0,0
0,0,0,0,0,0
0,0,0,0,0,0
0,0,0,0,0,0
0,0,0,0,0,0
0,0,0,0,0,0
0,0,0,0,0,0
0,0,0,0,0,0
0,0,0,0,0,0
0,0,0,0,0,0
0,0,0,0,0,0
0,0,0,0,0,0
0,0,0,0,0,0
0,0,0,0,0,0
0,0,0,0,0,0
0,0,0,0,0,0
0,0,0,0,0,0
0,0,0,0,0,0
0,0,0,0,0,0
0,0,0,0,0,0
0,0,0,0,0,0
0,0,0,0,0,0
0,0,0,0,0,0
0,0,0,0,0,0
0,0,0,0,0,0
0,0,0,0,0,0
0,0,0,0,0,0
0,0,0,0,0,0
0,0,0,0,0,0
0,0,0,0,0,0
0,0,0,0,0,0
0,0,0,0,0,0
0,0,0,0,0,0
0,0,0,0,0,0
0,0,0,0,0,0
0,0,0,0,0,0
0,0,0,0,0,0
0,0,0,0,0,0
0,0,0,0,0,0
0,0,0,0,0,0
0,0,0,0,0,0
0,0,0,0,0,0
0,0,0,0,0,0
0,0,0,0,0,0
0,0,0,0,0,0
0,0,0,0,0,0
0,0,0,0,0,0
0,0,0,0,0,0
0,0,0,0,0,0
0,0,0,0,0,0
0,0,0,0,0,0
0,0,0,0,0,0
0,0,0,0,0,0
0,0,0,0,0,0
0,0,0,0,0,0
0,0,0,0,0,0
0,0,0,0,0,0
0,0,0,0,0,0
0,0,0,0,0,0
0,0,0,0,0,0
0,0,0,0,0,0
0,0,0,0,0,0
0,0,0,0,0,0
0,0,0,0,0,0
0,0,0,0,0,0
0,0,0,0,0,0
0,0,0,0,0,0
0,0,0,0,0,0
0,0,0,0,0,0
0,0,0,0,0,0
0,0,0,0,0,0
0,0,0,0,0,0
0,0,0,0,0,0
0,0,0,0,0,0
0,0,0,0,0,0
0,0,0,0,0,0
0,0,0,0,0,0
0,0,0,0,0,0
0,0,0,0,0,0
0,0,0,0,0,0
0,0,0,0,0,0
0,0,0,0,0,0
0,0,0,0,0,0
0,0,0,0,0,0
0,0,0,0,0,0
0,0,0,0,0,0
0,0,0,0,0,0
0,0,0,0,0,0
0,0,0,0,0,0
0,0,0,0,0,0
0,0,0,0,0,0
0,0,0,0,0,0
0,0,0,0,0,0
0,0,0,0,0,0
0,0,0,0,0,0
0,0,0,0,0,0
0,0,0,0,0,0
0,0,0,0,0,0
0,0,0,0,0,0
0,0,0,0,0,0
0,0,0,0,0,0
0,0,0,0,0,0
0,0,0,0,0,0
0,0,0,0,0,0
0,0,0,0,0,0
0,0,0,0,0,0
0,0,0,0,0,0
0,0,0,0,0,0
0,0,0,0,0,0
0,0,0,0,0,0
0,0,0,0,0,0
0,0,0,0,0,0
0,0,0,0,0,0
0,0,0,0,0,0
0,0,0,0,0,0
0,0,0,0,0,0
0,0,0,0,0,0
0,0,0,0,0,0
0,0,0,0,0,0
0,0,0,0,0,0
0,0,0,0,0,0
0,0,0,0,0,0
0,0,0,0,0,0
0,0,0,0,0,0
0,0,0,0,0,0
0,0,0,0,0,0
0,0,0,0,0,0
0,0,0,0,0,0
0,0,0,0,0,0
0,0,0,0,0,0
0,0,0,0,0,0
0,0,0,0,0,0
0,0,0,0,0,0
0,0,0,0,0,0
0,0,0,0,0,0
0,0,0,0,0,0
0,0,0,0,0,0
0,0,0,0,0,0
0,0,0,0,0,0
0,0,0,0,0,0
0,0,0,0,0,0
0,0,0,0,0,0
0,0,0,0,0,0
0,0,0,0,0,0
0,0,0,0,0,0
0,0,0,0,0,0
0,0,0,0,0,0
0,0,0,0,0,0
0,0,0,0,0,0
0,0,0,0,0,0
0,0,0,0,0,0
0,0,0,0,0,0
0,0,0,0,0,0
0,0,0,0,0,0
0,0,0,0,0,0
0,0,0,0,0,0
0,0,0,0,0,0
0,0,0,0,0,0
0,0,0,0,0,0
0,0,0,0,0,0
0,0,0,0,0,0
0,0,0,0,0,0
0,0,0,0,0,0
0,0,0,0,0,0
0,0,0,0,0,0
0,0,0,0,0,0
0,0,0,0,0,0
0,0,0,0,0,0
0,0,0,0,0,0
0,0,0,0,0,0
0,0,0,0,0,0
0,0,0,0,0,0
0,0,0,0,0,0
0,0,0,0,0,0
0,0,0,0,0,0
0,0,0,0,0,0
0,0,0,0,0,0
0,0,0,0,0,0
0,0,0,0,0,0
0,0,0,0,0,0
0,0,0,0,0,0
0,0,0,0,0,0
0,0,0,0,0,0
0,0,0,0,0,0
0,0,0,0,0,0
0,0,0,0,0,0
0,0,0,0,0,0
0,0,0,0,0,0
0,0,0,0,0,0
0,0,0,0,0,0
0,0,0,0,0,0
0,0,0,0,0,0
0,0,0,0,0,0
0,0,0,0,0,0
0,0,0,0,0,0
0,0,0,0,0,0
0,0,0,0,0,0
0,0,0,0,0,0
0,0,0,0,0,0
0,0,0,0,0,0
0,0,0,0,0,0
0,0,0,0,0,0
0,0,0,0,0,0
0,0,0,0,0,0
0,0,0,0,0,0
0,0,0,0,0,0
0,0,0,0,0,0
0,0,0,0,0,0
0,0,0,0,0,0
0,0,0,0,0,0
0,0,0,0,0,0
0,0,0,0,0,0
0,0,0,0,0,0
0,0,0,0,0,0
0,0,0,0,0,0
0,0,0,0,0,0
0,0,0,0,0,0
0,0,0,0,0,0
0,0,0,0,0,0
0,0,0,0,0,0
0,0,0,0,0,0
0,0,0,0,0,0
0,0,0,0,0,0
0,0,0,0,0,0
0,0,0,0,0,0
0,0,0,0,0,0
0,0,0,0,0,0
0,0,0,0,0,0
0,0,0,0,0,0
0,0,0,0,0,0
0,0,0,0,0,0
0,0,0,0,0,0
0,0,0,0,0,0
0,0,0,0,0,0
0,0,0,0,0,0
0,0,0,0,0,0
0,0,0,0,0,0
0,0,0,0,0,0
0,0,0,0,0,0
0,0,0,0,0,0
0,0,0,0,0,0
0,0,0,0,0,0
0,0,0,0,0,0
0,0,0,0,0,0
0,0,0,0,0,0
0,0,0,0,0,0
0,0,0,0,0,0
0,0,0,0,0,0
0,0,0,0,0,0
0,0,0,0,0,0
0,0,0,0,0,0
0,0,0,0,0,0
0,0,0,0,0,0
0,0,0,0,0,0
0,0,0,0,0,0
0,0,0,0,0,0
0,0,0,0,0,0
0,0,0,0,0,0
0,0,0,0,0,0
0,0,0,0,0,0
0,0,0,0,0,0
0,0,0,0,0,0
0,0,0,0,0,0
0,0,0,0,0,0
0,0,0,0,0,0
0,0,0,0,0,0
0,0,0,0,0,0
0,0,0,0,0,0
0,0,0,0,0,0
0,0,0,0,0,0
0,0,0,0,0,0
0,0,0,0,0,0
0,0,0,0,0,0
0,0,0,0,0,0
0,0,0,0,0,0
0,0,0,0,0,0
0,0,0,0,0,0
0,0,0,0,0,0
0,0,0,0,0,0
0,0,0,0,0,0
0,0,0,0,0,0
0,0,0,0,0,0
0,0,0,0,0,0
0,0,0,0,0,0
0,0,0,0,0,0
0,0,0,0,0,0
0,0,0,0,0,0
0,0,0,0,0,0
0,0,0,0,0,0
0,0,0,0,0,0
0,0,0,0,0,0
0,0,0,0,0,0
0,0,0,0,0,0
0,0,0,0,0,0
0,0,0,0,0,0
0,0,0,0,0,0
0,0,0,0,0,0
0,0,0,0,0,0
0,0,0,0,0,0
0,0,0,0,0,0
0,0,0,0,0,0
0,0,0,0,0,0
0,0,0,0,0,0
0,0,0,0,0,0
0,0,0,0,0,0
0,0,0,0,0,0
0,0,0,0,0,0
0,0,0,0,0,0
0,0,0,0,0,0
0,0,0,0,0,0
0,0,0,0,0,0
0,0,0,0,0,0
0,0,0,0,0,0
0,0,0,0,0,0
0,0,0,0,0,0
0,0,0,0,0,0
0,0,0,0,0,0
0,0,0,0,0,0
0,0,0,0,0,0
0,0,0,0,0,0
0,0,0,0,0,0
0,0,0,0,0,0
0,0,0,0,0,0
0,0,0,0,0,0
0,0,0,0,0,0
0,0,0,0,0,0
0,0,0,0,0,0
0,0,0,0,0,0
0,0,0,0,0,0
0,0,0,0,0,0
0,0,0,0,0,0
0,0,0,0,0,0
0,0,0,0,0,0
0,0,0,0,0,0
0,0,0,0,0,0
0,0,0,0,0,0
0,0,0,0,0,0
0,0,0,0,0,0
0,0,0,0,0,0
0,0,0,0,0,0
0,0,0,0,0,0
0,0,0,0,0,0
0,0,0,0,0,0
0,0,0,0,0,0
0,0,0,0,0,0
0,0,0,0,0,0
0,0,0,0,0,0
0,0,0,0,0,0
0,0,0,0,0,0
0,0,0,0,0,0
0,0,0,0,0,0
0,0,0,0,0,0
0,0,0,0,0,0
0,0,0,0,0,0
0,0,0,0,0,0
0,0,0,0,0,0
0,0,0,0,0,0
0,0,0,0,0,0
0,0,0,0,0,0
0,0,0,0,0,0
0,0,0,0,0,0
0,0,0,0,0,0
0,0,0,0,0,0
0,0,0,0,0,0
0,0,0,0,0,0
0,0,0,0,0,0
0,0,0,0,0,0
0,0,0,0,0,0
0,0,0,0,0,0
0,0,0,0,0,0
0,0,0,0,0,0
0,0,0,0,0,0
0,0,0,0,0,0
0,0,0,0,0,0
0,0,0,0,0,0
0,0,0,0,0,0
0,0,0,0,0,0
0,0,0,0,0,0
0,0,0,0,0,0
0,0,0,0,0,0
0,0,0,0,0,0
0,0,0,0,0,0
0,0,0,0,0,0
0,0,0,0,0,0
0,0,0,0,0,0
0,0,0,0,0,0
0,0,0,0,0,0
0,0,0,0,0,0
0,0,0,0,0,0
0,0,0,0,0,0
0,0,0,0,0,0
0,0,0,0,0,0
0,0,0,0,0,0
0,0,0,0,0,0
0,0,0,0,0,0
0,0,0,0,0,0
0,0,0,0,0,0
0,0,0,0,0,0
0,0,0,0,0,0
0,0,0,0,0,0
0,0,0,0,0,0
0,0,0,0,0,0
0,0,0,0,0,0
0,0,0,0,0,0
0,0,0,0,0,0
0,0,0,0,0,0
0,0,0,0,0,0
0,0,0,0,0,0
0,0,0,0,0,0
0,0,0,0,0,0
0,0,0,0,0,0
0,0,0,0,0,0
0,0,0,0,0,0
0,0,0,0,0,0
0,0,0,0,0,0
0,0,0,0,0,0
0,0,0,0,0,0
0,0,0,0,0,0
0,0,0,0,0,0
0,0,0,0,0,0
0,0,0,0,0,0
0,0,0,0,0,0
0,0,0,0,0,0
0,0,0,0,0,0
0,0,0,0,0,0
0,0,0,0,0,0
0,0,0,0,0,0
0,0,0,0,0,0
0,0,0,0,0,0
0,0,0,0,0,0
0,0,0,0,0,0
0,0,0,0,0,0
0,0,0,0,0,0
0,0,0,0,0,0
0,0,0,0,0,0
0,0,0,0,0,0
0,0,0,0,0,0
0,0,0,0,0,0
0,0,0,0,0,0
0,0,0,0,0,0
0,0,0,0,0,0
0,0,0,0,0,0
0,0,0,0,0,0
0,0,0,0,0,0
0,0,0,0,0,0
0,0,0,0,0,0
0,0,0,0,0,0
0,0,0,0,0,0
0,0,0,0,0,0
0,0,0,0,0,0
0,0,0,0,0,0
0,0,0,0,0,0
0,0,0,0,0,0
0,0,0,0,0,0
0,0,0,0,0,0
0,0,0,0,0,0
0,0,0,0,0,0
0,0,0,0,0,0
0,0,0,0,0,0
0,0,0,0,0,0
0,0,0,0,0,0
0,0,0,0,0,0
0,0,0,0,0,0
0,0,0,0,0,0
0,0,0,0,0,0
0,0,0,0,0,0
0,0,0,0,0,0
0,0,0,0,0,0
0,0,0,0,0,0
0,0,0,0,0,0
0,0,0,0,0,0
0,0,0,0,0,0
0,0,0,0,0,0
0,0,0,0,0,0
0,0,0,0,0,0
0,0,0,0,0,0
0,0,0,0,0,0
0,0,0,0,0,0
0,0,0,0,0,0
0,0,0,0,0,0
0,0,0,0,0,0
0,0,0,0,0,0
0,0,0,0,0,0
0,0,0,0,0,0
0,0,0,0,0,0
0,0,0,0,0,0
0,0,0,0,0,0
0,0,0,0,0,0
0,0,0,0,0,0
0,0,0,0,0,0
0,0,0,0,0,0
0,0,0,0,0,0
0,0,0,0,0,0
0,0,0,0,0,0
0,0,0,0,0,0
0,0,0,0,0,0
0,0,0,0,0,0
0,0,0,0,0,0
0,0,0,0,0,0
0,0,0,0,0,0
0,0,0,0,0,0
0,0,0,0,0,0
0,0,0,0,0,0
0,0,0,0,0,0
0,0,0,0,0,0
0,0,0,0,0,0
0,0,0,0,0,0
0,0,0,0,0,0
0,0,0,0,0,0
0,0,0,0,0,0
0,0,0,0,0,0
0,0,0,0,0,0
0,0,0,0,0,0
0,0,0,0,0,0
0,0,0,0,0,0
0,0,0,0,0,0
0,0,0,0,0,0
0,0,0,0,0,0
0,0,0,0,0,0
0,0,0,0,0,0
0,0,0,0,0,0
0,0,0,0,0,0
0,0,0,0,0,0
0,0,0,0,0,0
0,0,0,0,0,0
0,0,0,0,0,0
0,0,0,0,0,0
0,0,0,0,0,0
0,0,0,0,0,0
0,0,0,0,0,0
0,0,0,0,0,0
0,0,0,0,0,0
0,0,0,0,0,0
0,0,0,0,0,0
0,0,0,0,0,0
0,0,0,0,0,0
0,0,0,0,0,0
0,0,0,0,0,0
0,0,0,0,0,0
0,0,0,0,0,0
0,0,0,0,0,0
0,0,0,0,0,0
0,0,0,0,0,0
0,0,0,0,0,0
0,0,0,0,0,0
0,0,0,0,0,0
0,0,0,0,0,0
0,0,0,0,0,0
0,0,0,0,0,0
0,0,0,0,0,0
0,0,0,0,0,0
0,0,0,0,0,0
0,0,0,0,0,0
0,0,0,0,0,0
0,0,0,0,0,0
0,0,0,0,0,0
0,0,0,0,0,0
0,0,0,0,0,0
0,0,0,0,0,0
0,0,0,0,0,0
