0,0,0,0,0,0
0,0,0,0,0,0
0,0,0,0,0,0
0,0,0,0,0,0
0,0,0,0,0,0
0,0,0,0,0,0
0,0,0,0,0,0
0,0,0,0,0,0
0,0,0,0,0,0
0,0,0,0,0,0
0,0,0,0,0,0
0,0,0,0,0,0
0,0,0,0,0,0
0,0,0,0,0,0
0,0,0,0,0,0
0,0,0,0,0,0
0,0,0,0,0,0
0,0,0,0,0,0
0,0,0,0,0,0
0,0,0,0,0,0
0,0,0,0,0,0
0,0,0,0,0,0
0,0,0,0,0,0
0,0,0,0,0,0
0,0,0,0,0,0
0,0,0,0,0,0
0,0,0,0,0,0
0,0,0,0,0,0
0,0,0,0,0,0
0,0,0,0,0,0
0,0,0,0,0,0
0,0,0,0,0,0
0,0,0,0,0,0
0,0,0,0,0,0
0,0,0,0,0,0
0,0,0,0,0,0
0,0,0,0,0,0
0,0,0,0,0,0
0,0,0,0,0,0
0,0,0,0,0,0
0,0,0,0,0,0
0,0,0,0,0,0
0,0,0,0,0,0
0,0,0,0,0,0
0,0,0,0,0,0
0,0,0,0,0,0
0,0,0,0,0,0
0,0,0,0,0,0
0,0,0,0,0,0
0,0,0,0,0,0
0,0,0,0,0,0
0,0,0,0,0,0
0,0,0,0,0,0
0,0,0,0,0,0
0,0,0,0,0,0
0,0,0,0,0,0
0,0,0,0,0,0
0,0,0,0,0,0
0,0,0,0,0,0
0,0,0,0,0,0
0,0,0,0,0,0
0,0,0,0,0,0
0,0,0,0,0,0
0,0,0,0,0,0
0,0,0,0,0,0
0,0,0,0,0,0
0,0,0,0,0,0
0,0,0,0,0,0
0,0,0,0,0,0
0,0,0,0,0,0
0,0,0,0,0,0
0,0,0,0,0,0
0,0,0,0,0,0
0,0,0,0,0,0
0,0,0,0,0,0
0,0,0,0,0,0
0,0,0,0,0,0
0,0,0,0,0,0
0,0,0,0,0,0
0,0,0,0,0,0
0,0,0,0,0,0
0,0,0,0,0,0
0,0,0,0,0,0
0,0,0,0,0,0
0,0,0,0,0,0
0,0,0,0,0,0
0,0,0,0,0,0
0,0,0,0,0,0
0,0,0,0,0,0
0,0,0,0,0,0
0,0,0,0,0,0
0,0,0,0,0,0
0,0,0,0,0,0
0.0,0.0,0.0,0.0,0.0013379983280370994,0.0
0,0,0,0,0,0
0.0,0.0,0.0,0.0,0.0013810638760169821,0.0
0,0,0,0,0,0
0.0,0.0,0.0,0.0,0.0021949527345647138,0.0
0.0,0.0,0.0,0.0,0.002935626787910749,0.0
0.0,0.0,0.0,0.0,0.0017136504926793341,0.0
0.0,0.0,0.0,0.0,0.0013299395125325436,0.0
0.0,0.0,0.0,0.0,0.002573171250579051,0.0
0.0,0.0,0.0,0.0,0.0002360507403526522,0.0
0.0,0.0,0.0,0.0,0.0018714942414657172,0.0
0.0,0.0,0.0,0.0,0.0019453504259203751,0.0
0.0,0.0,0.022119939522119207,0.0,0.0012701829483143074,0.00044542074562934866
0.0,0.0,0.062189136320872786,0.0,0.0025798999280986492,0.0033436954210092533
0.0,0.0,0.09646720508587639,0.0,0.0011305899954004803,0.0011854297613742024
0.0,0.0,0.147594581410427,0.0,0.0,0.00211314930261706
0.0,0.0,0.2104041594342855,0.0,0.0,0.0038244505557108698
0.0,0.0,0.20838273063606022,0.0,0.0,0.003543734807824709
0.0,0.0,0.2760471300910201,0.0,0.001347548259363575,0.007846246760296823
0.0,0.0,0.33820418502848815,0.0,0.0,0.0033082672174372606
0.0,0.0,0.34942539508732434,0.0,0.0,0.004931297773089041
0.0,0.0,0.5093088966716148,0.0,0.0,0.006252570853666785
0.0,0.0,0.5849710549684384,0.0,0.0,0.005272009543902212
0.0,0.0,0.6174984723420416,0.0,0.0,0.009217376333011128
0.0,0.0,0.6174984723420416,0.0,0.0,0.009217376333011128
0.0,0.0,0.7734986197693939,0.0,0.0,0.008733275292312196
0.0,0.0,0.7734986197693939,0.0,0.0,0.008733275292312196
0.0,0.0,0.8654524424331903,0.0,0.0,0.009174841511142666
0.0,0.0,1.0338736623501221,0.0,0.0,0.007721640945722542
0.0,0.0,1.062166035152201,0.0,0.0,0.00688352665071845
0.0,0.0,1.0829462421097473,0.0,0.0,0.005364904301444913
0.0,0.0,1.1452853630913105,0.0,0.0,0.009891333067259924
0.0,0.0,1.268631708809423,0.0,0.0,0.005923979462036037
0.0,0.0,1.1953255935072318,-0.00013082843429404998,0.0,0.006377686011271802
0.0,0.0,1.489438597578877,-0.003165025876166152,0.0,0.005066272038162784
0.0,0.0,1.5143034260304271,-0.001043132095260383,0.0,0.0041593088432584505
0.0,0.0,1.7437288280872338,0.0,0.0,0.003823432488199134
0.0,0.0,1.7557274458764442,0.0,0.0,0.004340393939133648
0.0,0.0,1.6796449041927697,-1.7239476692373074e-05,0.0,0.0027649774922621356
0.0,0.0,1.836060104524861,-0.0012206714703560165,0.0,0.001985505096713839
0.0,0.0,1.8721942660011792,-0.00220062800131812,0.0021879650824716025,0.001088449986721642
0.0,0.0,2.0709477637397655,-0.0008075393151414709,0.0029492758319315127,0.0
0.0,0.0,2.0716140201234703,-0.0026252735030594825,0.003302405853812014,0.0
0.0,0.0,2.056584547014778,-0.0016677504731473253,0.0030655044525179456,0.0
0.0,0.0,2.1399832291717784,-0.0006961349482425281,0.005755150317662735,0.0
0.0,0.0,2.3395480579557253,-0.0012526145547829511,0.006074424105280281,0.0
0.0,0.0,2.466656234927228,-0.002522935325029107,0.005601764898271096,0.0
0.0,0.0,2.466656234927228,-0.002522935325029107,0.005601764898271096,0.0
0.0,0.0,2.5196260107057733,-0.0023501760383875412,0.013075383095813548,0.0
0.0,0.0,2.7073151554435473,-0.003393189096297876,0.016473509204225474,0.0
0.0,0.0,2.8187827644195336,-0.0035107825544192063,0.014015321507296794,0.0
0.0,0.0,3.1537207392398026,-0.0012936993331332295,0.011569295640047158,0.0
0.0,0.0,3.421212358699461,-0.00028601765034445316,0.013981347550170439,0.0
0.0,0.0,3.2752040306447605,-0.005772304794093167,0.0173555584924602,0.0
0.0,0.0,3.3501016388291744,-0.006608392405413168,0.01659944406520029,0.0
0.0,0.0,3.696313836553236,-0.008329148132249862,0.013935031706238313,0.0
0.0,0.0,3.7610896702113927,-0.008358172959064283,0.01689381864574158,0.0
0.0,0.0,3.774352776845563,-0.012775726985936733,0.01627269872070991,0.0
0.0,0.0,4.0105135541189245,-0.0111346783798597,0.017688847655700675,0.0
0.0,0.0,4.098407494103951,-0.007933601964718224,0.01192215978395323,0.0
0.0,0.0,4.239124957615289,-0.011700485301810434,0.014728875662531726,0.0
0.0,0.0,4.180075416672816,-0.013505859133673961,0.01346810442606792,0.0
0.0,-0.009674776889568651,4.357940046314942,-0.0113612090171771,0.015950030233506392,0.0
0.0,0.0,4.47293707722849,-0.013926106826277615,0.011946211672894353,0.0
0.0,0.0,4.641338058824064,-0.01722345215147461,0.014778054715508632,0.0
0.0,0.0,4.819155129406896,-0.01933653528894178,0.010347801283493123,0.0
0.0,0.0,4.9007314884238244,-0.016623603244787483,0.01281885938866741,0.0
0.0,0.0,5.057227213538798,-0.015442990360222387,0.009870200929067059,0.0
0.0,0.0,5.2746287089134265,-0.01290679413818365,0.006421008439486803,0.0
0.0,0.0,5.359797355560019,-0.01780861421267705,0.011785021423209193,0.0
0.0,-0.03772503692005694,5.60662832875223,-0.014184143647498964,0.007653568233068909,0.0
0.0,0.0,5.671496742393669,-0.019468250971433447,0.005515534340524424,0.0
0.0,-0.10918823215007067,5.761900148750238,-0.015332724976652404,0.014967630648826901,0.0
0.0,-0.05492363587239217,5.900306202259597,-0.014888788724007052,0.009783448234550315,0.0
0.0,-0.014507450397728563,5.8873236083800355,-0.016301902448367954,0.013075046517324782,0.0
0.0,-0.04278925109198688,6.130713358142531,-0.015043859892753458,0.011416827724689478,0.0
0.0,-0.05502941144468816,6.332224974221047,-0.01614987368362699,0.012134285439656825,0.0
0.0,0.0,6.4038238973958475,-0.020953170715039594,0.01012738222267412,0.0
0.0,0.0,6.616302915470271,-0.020430640438292392,0.009141062744350972,0.0
0.0,0.0,6.7613657991082805,-0.023197589182125052,0.01055982949319002,0.0
0.0,-0.0718484733313288,6.909313238571906,-0.02043138250562107,0.014112180768097986,0.0
0.0,-0.1963049143295505,7.13823708325223,-0.022308933880786867,0.015494507023451948,0.0
0.0,-0.02559829764785529,7.23510352332529,-0.0334307941731187,0.01724531157227776,0.0
0.0,-0.36031199607270276,7.163533730856621,-0.03141523373716493,0.018403802675736346,0.0
0.0,-0.2881154141368863,7.345385301820896,-0.03376675848661791,0.018380527251268413,0.0
0.0,-0.32476129453101465,7.594097026581818,-0.026376095869557647,0.015442499473798351,0.0
0.0,-0.1825218806973048,7.718943695716829,-0.03091527717707255,0.009874236819065008,0.0
0.0,-0.26559541812245235,7.692168021157568,-0.029265826010071383,0.012646244857031055,0.0
0.0,-0.17070529915526772,7.95800502707513,-0.03689691502023849,0.013400725647124818,0.0
0.0,-0.25583248986153884,7.788633001949736,-0.040928678879533206,0.019880923091748878,0.0
0.0,-0.5497361166271442,7.964327239244147,-0.03552919227770631,0.017193542697174637,0.0
0.0,-0.25647597758642837,8.037622030063597,-0.03789349539015367,0.015608789124474092,0.0
0.0,-0.2536240742276756,8.061773797507438,-0.032546192401169086,0.011351939367029511,0.0
0.0,-0.09909381254359262,8.076277463537494,-0.028164150719606335,0.008833361723614073,0.0
0.0,0.0,7.995813177440931,-0.025036332923525563,0.006836446056616581,0.0
0.0,-0.020897366485643783,8.072006863549205,-0.01985606909925682,0.007408601971602405,0.0
0.0,-0.0006450903648196534,7.900238721337954,-0.030449577390351666,0.006718643682118443,0.0
0.0,-0.09317170277974472,7.983371930042973,-0.026285828483147484,0.008080555514388783,0.0
0.0,0.0,8.266781308119803,-0.02689382512156388,0.006245963444501143,0.0
0.0,0.0,8.150813829424523,-0.029141259903228765,0.009472900549588518,0.0
0.0,-0.043748783505303465,8.125646444582552,-0.03080667742074538,0.012259163125064301,0.0
0.0,-0.11591298190714545,8.32983973649042,-0.03280143799042296,0.01267814722322202,0.0
0.0,-0.3246656067346984,8.5017301409191,-0.03585395596226891,0.01052730241418659,0.0
0.0,-0.2619515229114583,8.382686520878487,-0.04618830378041098,0.013006068318628055,0.0
0.0,-0.33299900490170853,8.216181644466392,-0.04481491541782,0.008627977291768427,0.0
0.0,-0.29980968971824185,8.378872785444106,-0.0340884593430789,0.00590908165960732,0.0
0.0,-0.1307081690143021,8.518554880623196,-0.024340366490567863,0.008927145837877236,0.0
0.0,0.0,8.501447561370714,-0.02607302515573154,0.005550725634840568,0.0
0.0,-0.2111085237971264,8.590340931979565,-0.024671165817839142,0.0046923223639146645,0.0
0.0,-0.1671982664739683,8.58007423895383,-0.030779802546120383,0.006890543019053485,0.0
0.0,-0.01738330060998896,8.424713218722353,-0.032756062017137585,0.0033553038058693396,0.0
0.0,-0.03150073876819025,8.97461862355706,-0.01968699256022636,0.0,0.0
0.0,0.0,9.160924617389911,-0.024457586315394776,0.0,0.0
0.0,-0.383514982323408,8.99245885988695,-0.04591565644871974,0.008588633988785958,0.0
0.0,-1.0632828172631013,8.724014120050956,-0.05724705104234189,0.023419466327483568,0.0
0.0,-0.6877799514874943,9.071419766248813,-0.06346074418231532,0.023639982831965986,0.0
0.0,-0.6575722188729624,8.935973331447903,-0.05531208432539973,0.016860176627407623,0.0
0.0,-0.5353870176265503,8.464009691548135,-0.04525975032206553,0.007865362413252981,0.0
0.0,-0.19836700778556016,8.832742969652633,-0.030451580106218817,0.0,0.0
0.0,-0.19070890158323164,8.853616706486054,-0.026660655491644026,0.0,0.0
0.0,-0.39164821025814184,8.592573225753963,-0.03238661316827317,0.0,0.0
0.0,-0.3671017447821553,8.396962904277249,-0.04381593485909087,0.011688260779140163,0.0
0.0,-0.5702905305754131,8.639888244787333,-0.04709367476641397,0.0176262569863603,0.0
0.0,-0.716318444313682,8.598102287390285,-0.050436407017370996,0.02006369810152874,0.0
0.0,-0.5206182396222936,8.640062680045808,-0.05682939074920908,0.017257325438945474,0.0
0.0,-0.521379548582948,8.682891948733168,-0.045775701253651616,0.015413937541860948,0.0
0.0,-0.37627191999087894,8.531446378618266,-0.03472436305170406,0.006290468094448655,5.2723473262742956e-05
0.0,0.0,8.356696355914295,-0.024394123235229298,0.0009576016266782357,0.0005131746434481459
0.0,0.0,8.468256180340942,-0.013680520863162182,0.0,0.0
0.0,0.0,8.629390315321908,-0.0057665538159970536,0.0,0.0006600913699857646
0.0,0.0,8.810304356957685,-0.014670133632145439,0.0,0.0012423986318850443
0.0,-0.29699299017199127,8.8765404801153,-0.03668287364178839,0.007386408475074424,0.0
0.0,-0.7510294938282228,8.810917068328418,-0.05937329220985451,0.01744209600799572,0.0
0.0,-0.8035767455469551,8.748520820931684,-0.06314648265650173,0.02588711672933578,0.0
0.0,-0.7226093408161844,9.00607563101504,-0.051027749931513114,0.015593746951156836,0.00010891240002315484
0.0,-0.1437487224144767,8.91712573056817,-0.04093203586086795,0.002912754402139446,0.0012554435377843288
0.0,-0.005118834863267364,8.768065838187184,-0.018282696725916266,0.0,0.0011199150101430563
0.0,0.0,8.807353750665058,-0.011144556972183823,0.0,0.0014376262713211515
0.0,0.0,9.115739892771206,-0.014523899916863665,0.0,0.0020340188789225028
0.0,-0.10555190209384571,8.842389998911987,-0.029668885881249378,0.005656832977498814,0.0009475564396394475
0.0,-0.7169143614291789,8.448328011937322,-0.0527777661095112,0.02272690368341841,0.0
0.0,-1.0169648448008373,8.52414237885668,-0.06963414966229635,0.034144425754918994,0.0015809874897526437
0.0,-0.84064486497524,8.535333863887129,-0.07772875272557064,0.030466875736604927,0.00031948010122383
0.0,-0.776692064901715,8.177317279108058,-0.05826169224983554,0.014921024054398033,0.0
0.0,-0.2913703043731823,8.18279035639777,-0.0358316549287526,0.0014541578271411158,0.00224373646592819
0.0,0.0,8.118022675862486,-0.01717795857367697,0.0,0.0024387544804507244
0.0,0.0,7.797382953544241,-0.012680643589080037,0.0,0.0015693201178848429
0.0,0.0,7.795731916391171,-0.007024440279071571,0.0,0.0007011903625812975
0.0,0.0,7.53168494312972,-0.02524172221347164,0.004976588132398902,0.002898356677190939
0.0,-0.03391385099026568,7.480897310822226,-0.03718733800575123,0.007275908394596633,0.0005486055223323717
0.0,-0.28062642780542485,7.316687729682424,-0.040047082151763176,0.01084330643471396,0.0
0.0,-0.27580548709813124,7.0831611547247935,-0.0362678821360453,0.007282081097508951,0.0020165542341827923
0.0,0.0,7.116563752836624,-0.025058866280633706,0.00117344626061997,0.002929621912452008
0.0,0.0,6.987700089441432,-0.010100013227785424,0.0,0.0021915677223635762
0.0,0.0,6.880988125330939,-0.008046418651977203,0.0,0.0021693075786624353
0.0,0.0,6.9480191766419015,-0.0067911927947363546,0.0,0.003071286533797293
0.0,0.0,6.933288782535408,-0.017450988786899706,0.0009977928512121099,0.0023605873839973863
0.0,0.0,6.721779992519169,-0.0215389371395483,0.0001893474354593624,0.0006627456413061925
0.0,-0.0023781989536288445,6.7288333924338914,-0.025526173493148552,0.0,0.002099710700063726
0.0,-0.14527764835971144,6.600398206117558,-0.0336876081107728,0.0,0.0027368616208030055
0.0,-0.43902943952029866,6.456605384089409,-0.03400481825440031,0.0007390367652539619,0.0029418464662778606
0.0,-0.21318308796149,6.820238137340562,-0.05000971478495293,0.00414581592628101,0.0005831921916785476
0.0,-0.35783247576778543,6.365689529013913,-0.05511496069663626,0.007489076286158761,0.001099151308034811
0.0,-0.3064561210401912,6.477696193981887,-0.038886318779010456,0.003099456142107281,0.0
0.0,-0.02449196888155631,6.7707190368321095,-0.016128982788615437,0.0,0.0010634876437992397
0.0,0.0,6.7015977420186434,-0.019710967511397778,0.0,0.002484112497070575
0.0,0.0,6.465359957871326,-0.025945511015254497,0.0,0.0017021030936650822
0.0,-0.17373186655558642,6.561825993747583,-0.030142082485153553,0.0,0.0
0.0,-0.21995638215706798,6.431015559376658,-0.030971973719701812,0.004863323177956708,0.0011938363696757908
0.0,0.0,6.343923932010698,-0.027338022987510736,0.0009771064133045747,0.003428273760617213
0.0,0.0,6.319628107302767,-0.012507628219350687,0.0,0.003586352721068692
0.0,0.0,6.358629306260767,-0.010403807163027013,0.0,0.004447232370873315
0.0,0.0,6.50141287136226,-0.01588731298242401,0.0,0.0005318969063696398
0.0,0.0,6.263065817788433,-0.02942082863429659,0.0043482616596921524,0.0031551321617107123
0.0,-0.08813305485382361,6.285739652740506,-0.036580466676899674,0.006482653325695575,0.003203471026069883
0.0,-0.18430647397183145,6.45136397529626,-0.03716121624442985,0.006575106460414627,0.003386082218878748
0.0,-0.08800998409098644,6.541648211425792,-0.03554270523798776,0.0030862539477409996,0.004658608478924588
0.0,0.0,6.624164192781267,-0.030468714203341758,0.0,0.004425124121532779
0.0,-0.02751036963634936,6.855069970526747,-0.03527386624542077,0.0024969304218287825,0.0024391138305627927
0.0,-0.3107071330278073,6.7340554703174105,-0.05405797279768341,0.014681055362927636,0.005038158705329336
0.0,-0.5178310131518656,6.480038203935827,-0.04831223746627998,0.018093458691828403,0.002177999759452941
0.0,0.0,6.681449069759144,-0.031017508640647035,0.0027662968431719503,0.0016483006520702792
0.0,0.0,6.917765238188946,-0.017701015852076674,0.0,0.004297125788181603
0.0,0.0,6.65548341794049,-0.022094911956191184,0.0,0.003314983445193255
0.0,-0.05155625868834644,6.327613979521921,-0.031099396253679412,0.0020638395038952563,0.0014064488274994967
0.0,-0.35666962350855996,5.836010801860429,-0.04105073735471338,0.014438543163109389,0.0035339645614266627
0.0,-0.036246159714813264,5.959343460920999,-0.027008826096584993,0.009876567848403513,0.004583592537984418
0.0,0.0,6.336994175164787,-0.010597522363559094,0.0,0.00021664707982949814
0.0,0.0,6.126015892368057,-0.014569545217122013,0.0035282740663025052,0.005384799517295304
0.0,0.0,5.545909415004583,-0.03223912523446858,0.0067020126962427165,0.0009704736809962192
0.0,0.0,5.537872758610257,-0.0294348655100633,0.006281147590072987,0.0003709555583718346
0.0,0.0,5.734053329628114,-0.02143820602884253,0.0064824945455380315,0.002453084327711199
0.0,0.0,5.510854016133044,-0.015004741744419636,0.0,0.002997594093656966
0.0,0.0,5.544555560212241,-0.012120454187906322,0.0,0.0007569997082850701
0.0,0.0,5.6151328807822924,-0.015858387832885682,0.0,0.0
0.0,0.0,5.318000137808192,-0.01701189151870344,0.0043850016987450925,0.00231944998899458
0.0,0.0,5.341078524710527,-0.017426117169278284,0.0,0.0012103207842083946
0.0,0.0,5.329075129492141,-0.010344101702316451,0.0,8.61000398842197e-06
0.0,0.0,5.4314832206041,-0.010350119769998677,0.0,0.0001725621672375761
0.0,0.0,5.135187639939911,-0.012619856165625915,0.0,0.0018419687228006013
0.0,0.0,5.087990645497007,-0.015811399115708207,0.0024966881208353764,0.0013975205411656106
0.0,0.0,5.344961801352707,-0.010946779982028016,0.006624110520696673,0.0019051597076242596
0.0,0.0,5.31975228230702,-0.014550435156750526,0.002481111174570079,0.0023007071793908164
0.0,0.0,5.54677218099825,-0.009157359261808964,0.0006130519904573721,0.004366166001649928
0.0,0.0,6.11298986475323,-0.014747264862366011,0.0,0.0002127354094267407
0.0,0.0,6.123493919702964,-0.022829967218365957,0.0034586180386572975,0.0
0.0,0.0,6.212578328474317,-0.030434933901009896,0.0009695223082987923,0.00244601552976801
0.0,0.0,6.32071267329448,-0.02770259375574354,0.0028920279699507934,0.0
0.0,0.0,6.411423511557018,-0.028497840545873,0.0013533742036326943,0.0004090065728314016
0.0,0.0,6.791105475241674,-0.027971173674707965,0.007139446484802506,0.000343182006279808
0.0,0.0,6.244943739100632,-0.03140140547053505,0.013912571638625821,0.0
0.0,0.0,5.903119769606422,-0.03365239114721257,0.011219792962523057,0.0
0.0,0.0,6.234250217569867,-0.02231509397568631,0.004534777588855815,0.0
0.0,0.0,5.8205489095047644,-0.022633226574681954,0.009040229270743282,0.0017120197436717693
0.0,0.0,5.72196066694745,-0.022936188382791305,0.006462488030121213,0.00018093282879979368
0.0,0.0,5.5347173657685556,-0.02314226455374712,0.010625825926048868,0.0
0.0,0.0,5.089815789815778,-0.011129087353966423,0.008421513391525085,0.0
0.0,0.0,5.307928748334352,0.0,0.0017058689437086001,0.0
0.0,0.0,5.5918417322656016,0.0,0.0013406275437731203,0.0
0.0,0.0,4.9094467587102715,-0.009148643062807493,0.01597672014841334,0.0
0.0,0.0,4.667918646050008,-0.015604198775928984,0.013826381224402148,0.0
0.0,0.0,5.155966525683992,-0.0019294513248666431,0.008095693584590292,0.0
0.0,0.0,5.129000667818895,0.0,0.0011475769262601313,0.0009268710622006415
0.0,0.0,5.21391238832681,-0.0029569716330270527,0.0036306995904299326,0.0
0.0,0.0,5.05625486772297,-0.007864600654162094,0.009658684419885152,0.0
0.0,0.0,5.360529610815019,-0.024748476074557307,0.01388714971802571,0.0
0.0,0.0,5.733047486953383,-0.022432199072264947,0.015077385875511431,0.0
0.0,0.0,5.786619336016847,-0.04503388501076865,0.022052108196149466,0.0
0.0,-0.03183625122943132,5.689853637797465,-0.04944393907261543,0.026144367932599617,0.0
0.0,0.0,5.734686767088327,-0.046679022490944896,0.022682112729672497,0.0
0.0,0.0,5.6964729711296505,-0.02336020443228693,0.008436797096889761,0.0
0.0,0.0,5.946970525074851,-0.012852231855832189,0.006323938698645839,0.0
0.0,0.0,5.927459833546184,-0.01379492712945184,0.008729532018496201,0.0
0.0,0.0,5.362863398087433,-0.022849848185042015,0.011390350135768175,0.0
0.0,0.0,5.309573651748859,-0.03153745810947077,0.016080397700778487,0.0
0.0,0.0,5.369593548151951,-0.01806594434645768,0.006059621179733925,0.0
0.0,0.0,5.540001921504236,-0.013075333242054172,0.006250251805276006,0.0
0.0,0.0,5.1654297544569285,-0.02277354058784426,0.007052008521259557,0.0
0.0,0.0,4.826124975902565,-0.027594251546664894,0.015994036267950623,0.0
0.0,0.0,4.902186964592539,-0.010519367189351307,0.002080866699113617,0.0
0.0,0.0,5.588992412213104,0.0,0.0,0.0
0.0,0.0,5.390098936854003,-0.0039810295394769,0.0,0.0
0.0,0.0,5.409765823260042,-0.011994653433996253,0.003124772684973486,0.0
0.0,0.0,5.640549356404396,-0.02184333335990417,0.011535795008311906,0.0
0.0,0.0,6.106091760158694,-0.027058209111601735,0.019278479175499776,0.0
0.0,-0.17651950823093862,5.8228664151092016,-0.0445668696727765,0.028087410496522674,0.0
0.0,-0.3263351668412255,5.709621607224834,-0.049198295436559326,0.035979073966162387,0.0
0.0,-0.10892675178049546,5.9844079726565695,-0.04303150879760568,0.037457280817332864,0.0
0.0,0.0,6.112395032825494,-0.024194405527739014,0.018799339623922585,0.0
0.0,0.0,5.581191199666863,-0.022392053739268523,0.014209159628702972,0.0
0.0,0.0,5.558494594015388,-0.016157634579124242,0.005416214081007441,0.0
0.0,0.0,5.700837666700907,-0.010880240545663049,0.008012793612299672,0.0
0.0,0.0,5.657903323572077,-0.015739462229097483,0.004117974912062373,0.0
0.0,0.0,5.775437031464113,-0.02096791844059385,0.008739311447097484,0.0
0.0,0.0,5.545968307611329,-0.03340905038405851,0.018288769502497092,0.0
0.0,0.0,5.700973689373027,-0.02984384450395263,0.021248471664169634,0.0
0.0,0.0,5.870138879323872,-0.022983903746087393,0.016627985119062237,0.0
0.0,0.0,5.466835094943015,-0.017823702191004813,0.0019865844967551912,0.0
0.0,0.0,5.888544140815508,-0.005024513191777228,0.0007482893047471966,0.0
0.0,0.0,6.075979897297314,-0.005061376018446577,0.005185341915560106,0.0
0.0,0.0,5.915699746011034,-0.017423916919021183,0.013614229616671417,0.0
0.0,0.0,6.091753542428181,-0.04054643522746595,0.02234047184729308,0.0
0.0,0.0,6.279979014729405,-0.04485795684357547,0.022563979477754532,0.0
0.0,0.0,6.841743164113207,-0.044464097838655625,0.030260242044432357,0.0
0.0,-0.08277934410422028,7.051392083501059,-0.043834402208719724,0.026926007223131883,0.0
0.0,-0.2113522561170072,6.486331316107065,-0.05605959366476021,0.028399939421914662,0.0
0.0,0.0,6.798475852868582,-0.036243181942780096,0.014444460493625782,0.0
0.0,0.0,7.423394900227192,-0.01944435417087851,0.00748879003507121,0.0
0.0,0.0,7.414907546079926,-0.025783547937374085,0.01371094075552845,0.0
0.0,0.0,6.843711607143686,-0.041096941570657436,0.022926225872851928,0.0
0.0,0.0,6.653954883177233,-0.03494040947790703,0.0193841181700738,0.0
0.0,0.0,7.4455015954689,-0.02858525273560607,0.021454284150963843,0.0
0.0,0.0,7.437173863872472,-0.03539026796493698,0.03561556432676544,0.0
-0.2119806097043746,-0.32469437915772,6.557853994177431,-0.06509170579736542,0.05103214856976759,0.0
0.0,0.0,6.01842849510505,-0.05781043612350202,0.04235503352117404,0.0
0.0,0.0,6.92782490617932,-0.01387113307232502,0.009249401398678074,0.0
0.0,0.0,7.254605924064171,-0.010191933707693782,0.012526402810201714,0.0
0.0,-0.04816719924154058,6.380519297132415,-0.031371561863816504,0.025482356997380308,0.0
0.0,0.0,5.9129082444765455,-0.04665975825815928,0.025651594649346937,0.0
0.0,0.0,6.554881799026331,-0.023832388346667947,0.01749190052387732,0.0
0.0,0.0,7.015679291661444,-0.027318334876785578,0.02401668074775604,0.0
0.0,0.0,6.298630089313128,-0.04549916142972328,0.029648517493342547,0.0
0.0,0.0,5.917262675854474,-0.05102717281212589,0.03625627697375348,0.0
0.0,0.0,6.264669574945679,-0.03485213070254978,0.03631641378119861,0.0
0.0,0.0,6.937495385096062,-0.021393007692265376,0.025815303754264524,0.0
0.0,0.0,6.294616871467049,-0.03268224668252132,0.03159441341308752,0.0
0.0,0.0,5.824144562901989,-0.03463097904337171,0.030799301244951217,0.0
0.0,0.0,6.06529762356611,-0.027805528597669188,0.026812300982944865,0.0
0.0,0.0,6.324846256075164,-0.027520827461906882,0.028290867394388918,0.0
0.0,0.0,5.919855718435775,-0.04368845540462732,0.025438902348818647,0.0
0.0,0.0,5.787959540629922,-0.034502443299450306,0.023274677239440024,0.0
0.0,0.0,6.412385749803069,-0.016934505615533585,0.013253496143292503,0.0
0.0,0.0,6.639127200105105,-0.011831420491958749,0.00995890011197374,0.0
0.0,0.0,6.097393939076946,-0.024161496477955704,0.007765876906893142,0.0
0.0,0.0,6.218353667647539,-0.0312127468824344,0.0168563939980415,0.0
0.0,0.0,6.387499638862495,-0.032014835592415615,0.014830118923738811,0.0
0.0,0.0,6.691847779424229,-0.0347574685727029,0.007966044068079438,0.0
0.0,-0.058373976787592353,6.529752506179221,-0.04941331938945063,0.02225350954758783,0.0
0.0,-0.12176804046156586,6.347810276217125,-0.07098917890847149,0.03389239005398205,0.0
0.0,-0.24982942055454305,6.7695519446548875,-0.05271121122033068,0.028036417499290457,0.0
0.0,0.0,6.827464957576943,-0.044531240903756444,0.015800178364063278,0.0
0.0,0.0,7.121527613719077,-0.03848413944887984,0.005150554596950213,0.0
0.0,0.0,6.930027692932439,-0.04281604222771453,0.004222706714459464,0.0
0.0,0.0,6.86290913873165,-0.04320210912048578,0.004673845686080587,0.0
0.0,0.0,7.247220744067863,-0.04268074159390636,0.01139620184328504,0.0
0.0,-0.13010233285416517,6.857186999699001,-0.06331907125202456,0.02214791741048602,0.0
0.0,-0.2525846069662457,6.666144545014572,-0.07554560860669482,0.04063943992077522,0.0
0.0,0.0,6.776001664673034,-0.05334686267084813,0.021110293176736832,0.0
0.0,0.0,7.191139036664053,-0.03480031632532558,0.005910921572374772,0.0
0.0,0.0,6.86280165139361,-0.0321107745769961,0.014665454424498911,0.0
0.0,0.0,6.767837295561907,-0.05207919220450624,0.01651323255660133,0.0
0.0,-0.23701407675769937,6.564820306823028,-0.06151754233377561,0.026948987792734642,0.0
0.0,-0.062099218693249095,6.784885052658557,-0.05686890603561805,0.017069410873972728,0.0
0.0,0.0,6.961707558587389,-0.06731404562565936,0.02836494395467919,0.0
0.0,-0.1836469387761672,6.347157164345469,-0.08149937252089756,0.046773080314204823,0.0
0.0,-0.14022520027420385,5.602940509577729,-0.07403453714600496,0.03639720222668672,0.0
0.0,0.0,5.891691916039773,-0.032130180536441316,0.010688651656109431,0.0
0.0,0.0,6.040314241793694,-0.012423127699735042,0.006699691356055794,0.0
0.0,0.0,5.5617888434350515,-0.006477970680887739,0.0,0.0
0.0,0.0,5.508176858761612,-0.005514992688237656,0.0,0.0
0.0,0.0,5.595707101632976,-0.015538357707833758,0.011800840529578296,0.0
0.0,0.0,5.8591587489960055,-0.03024561564538214,0.02515566799886505,0.0
0.0,0.0,5.644283981455411,-0.042651815224091,0.02254070508231734,0.0
0.0,0.0,5.474009713314947,-0.05022768481973666,0.02577973403044336,0.0
0.0,0.0,6.131770361027025,-0.04030817138290475,0.015243872044098522,0.0
0.0,0.0,6.247980449418315,-0.03103340501364817,0.009824038339892803,0.0
0.0,0.0,6.35581296013458,-0.028668616291335082,0.0,0.0
0.0,0.0,5.9108387727474225,-0.036106161218054315,0.005384825328910626,0.0
0.0,0.0,6.248507756050243,-0.042919316597778055,0.006337168180867067,0.0
0.0,-0.18306421228290012,6.462586094692827,-0.06012359068840532,0.02895098580047748,0.0
0.0,-0.45691799021693563,5.568817905184165,-0.09094672250210387,0.037264590729893625,0.0
0.0,-0.2644945873689108,5.537806438913503,-0.09401492593720381,0.035258488317322666,0.0
0.0,0.0,5.477913993222794,-0.06250299278019468,0.02273299631911329,0.0
0.0,0.0,5.899916521277125,-0.03179575908060227,0.0047875441302214685,0.0
0.0,0.0,5.827637991026327,-0.01959856913805349,0.004302455525054798,0.0
0.0,0.0,5.218584873041296,-0.03429922348985939,0.01065707592818573,0.0
0.0,0.0,5.601057638504934,-0.03504599925244429,0.01821556652338921,0.0
0.0,0.0,5.6499837127683525,-0.04602309131169545,0.02794677155719564,0.0
0.0,-0.10724999856940183,5.291238678094951,-0.07731714038222583,0.03793590410241726,0.0
0.0,-0.15206047430676592,5.199401782107094,-0.093058749147002,0.04403888588570253,0.0
0.0,0.0,5.428437620111189,-0.06448041587711127,0.027363773558345926,0.0
0.0,0.0,5.336547977750546,-0.047090677729463015,0.024101574548772983,0.0
0.0,0.0,5.033673655742678,-0.03566790936969849,0.017421401940151175,0.0
0.0,0.0,5.071119059988932,-0.021971283626322693,0.011510785256667455,0.0
0.0,0.0,4.994060971048847,-0.01785468207220078,0.012404902472952013,0.0
0.0,0.0,4.929844185766382,-0.02024152058252141,0.014587778603599022,0.0
0.0,0.0,4.941049962457606,-0.04206730179292172,0.024994378855064708,0.0
0.0,0.0,4.786157032186262,-0.06161987288743046,0.028738982048853952,0.0
0.0,0.0,4.795190753958764,-0.06781107717112786,0.03869435351805832,0.0
0.0,0.0,4.996293979695917,-0.048514705560773384,0.02203183427741274,0.0
0.0,0.0,5.182975571478453,-0.041364475293851094,0.02734567555568317,0.0
0.0,0.0,4.920629839809722,-0.037699499195644796,0.031882661619427946,0.0
0.0,0.0,4.6491887764866,-0.03447732923925798,0.024121944956391462,0.0
0.0,0.0,5.0126466813089285,-0.02512239987980002,0.018282335296791,0.0
0.0,0.0,4.9877870146328185,-0.03968972712072173,0.022843578505346036,0.0
0.0,0.0,4.530231050324817,-0.05448766104723222,0.027574236480627484,0.0
0.0,0.0,4.60539359521905,-0.06110668442116289,0.02330337066428482,0.0
0.0,0.0,4.714974136707326,-0.06525335029456628,0.03644010050671427,0.0
0.0,0.0,4.691128896131996,-0.06848513094305483,0.04108656608108545,0.0
0.0,0.0,4.480520832301038,-0.04469010208826877,0.024671679528868232,0.0
0.0,0.0,4.5927367749304455,-0.026972790426738842,0.013069086386124371,0.0
0.0,0.0,4.766957423608533,-0.01954181872681829,0.009904825749492854,0.0
0.0,0.0,4.795753251070521,-0.017518189150204498,0.007248355604850659,0.0
0.0,0.0,4.4885895106908045,-0.029397603034994325,0.006511723395003062,0.0
0.0,0.0,4.831034715427749,-0.04793341655299873,0.024956026793764,0.0
0.0,0.0,4.892276310072229,-0.06668595118554196,0.03691384132960483,0.0
0.0,0.0,4.769430127103965,-0.08420454269121598,0.04918399307245993,0.0
0.0,0.0,4.354079515058899,-0.08211919266916982,0.040290900373992765,0.0
0.0,0.0,4.754133870216606,-0.04234184829280557,0.01897609201565386,0.0
0.0,0.0,5.147061442287959,-0.0335057716168985,0.01261375143402534,0.0
0.0,0.0,4.584326431619199,-0.029965213885998897,0.009718557199271354,0.0
0.0,0.0,4.491959488237731,-0.03638673958819082,0.008219112396845618,0.0
0.0,0.0,4.263472990685445,-0.060149064328711796,0.024102570129074817,0.0
0.0,0.0,4.285089029170146,-0.0675455258123076,0.032674945856840956,0.0
0.0,0.0,3.8583753948738484,-0.08392124574841806,0.0399927611985974,0.0
0.0,0.0,3.7393563364317486,-0.0616607410296352,0.021894568369317337,0.0
0.0,0.0,4.2476207821606895,-0.03454696243623707,0.015694750573130332,0.0
0.0,0.0,4.148307063068243,-0.032709775488487094,0.015246643950194132,0.0
0.0,0.0,3.8340674886798523,-0.03743400905602339,0.01920282664746843,0.0
0.0,0.0,4.125816700143425,-0.05477907998392264,0.027619520111643314,0.0
0.0,0.0,4.285489408323657,-0.06516275334490824,0.040502631974777374,0.0
0.0,-0.3594777179729668,3.947228586989444,-0.09254377560055863,0.053003884263932266,0.0
0.0,-0.09713265053439696,3.73278159225971,-0.08978455123180981,0.038069999311110644,0.0
0.0,0.0,3.9149811548958175,-0.062283899307830626,0.02005789326311811,0.0
0.0,0.0,3.9784644336640986,-0.050885877860625726,0.022811523396610175,0.0
0.0,0.0,3.5043747562140504,-0.03380638543179171,0.01580011395741636,0.0
0.0,0.0,3.597561965895152,-0.014700302596228851,0.008958085065694302,0.0
0.0,0.0,3.6004429627650993,-0.009430131047646426,0.006158293077478525,0.0
0.0,0.0,3.6491873609564722,-0.019101125282987935,0.015374174553281378,0.0
0.0,0.0,3.565816011595634,-0.026919146686450186,0.016307269802482868,0.0
0.0,0.0,3.38908506902754,-0.04572513854742986,0.026557767801645666,0.0
0.0,0.0,3.5203588604993756,-0.05366377538186533,0.03398895496933638,0.0
0.0,0.0,3.7234372645280565,-0.06152570052918292,0.040360242837152796,0.0
0.0,0.0,3.3995365458439744,-0.05433228996388419,0.027971414402254514,0.0
0.0,0.0,3.451215043316793,-0.04973878690991877,0.019551982671553527,0.0
0.0,0.0,3.7508301556443144,-0.03680519403162103,0.018282006898588096,0.0
0.0,0.0,3.805708163044131,-0.045823679316589885,0.031065465149661686,0.0
0.0,0.0,3.0626352025649775,-0.06235614379484805,0.0317254597749801,0.0
0.0,0.0,3.1922018185704166,-0.038494339637611695,0.013798784010195738,0.0
0.0,0.0,3.5987194812860195,-0.03260144770165443,0.012032832166191684,0.0
0.0,0.0,3.284912650676168,-0.031923924793294825,0.01787554605385192,0.0
0.0,0.0,2.8958619165117407,-0.044103585669493364,0.023635433233944424,0.0
0.0,0.0,3.0288453629006544,-0.03674793363301284,0.019967160601656625,0.0
0.0,0.0,3.4647562613307867,-0.03078334335929355,0.027893489781290852,0.0
0.0,0.0,3.112055000061664,-0.04427063767020424,0.03746073429136126,0.0
0.0,0.0,3.0078769854750638,-0.054925310954416065,0.03827909584375945,0.0
0.0,0.0,2.907606860839158,-0.05736182695950642,0.03361034528972196,0.0
0.0,0.0,3.0260801003686426,-0.03842968497989817,0.01836213482788334,0.0
0.0,0.0,3.169309203741199,-0.02444181366957925,0.0137664255333278,0.0
0.0,0.0,2.6924014696969665,-0.03237746581570678,0.015747595765418683,0.0
0.0,0.0,2.6289412419941134,-0.02751448298483613,0.012081858606083292,0.0
0.0,0.0,2.930284415166795,-0.011139628598359355,0.014762940891827503,0.0
0.0,0.0,2.9477435475094227,-0.01579500694593977,0.02042538557502641,0.0
0.0,0.0,2.7153885873541577,-0.03054806645520964,0.03817350118271791,0.0
0.0,0.0,2.77406103208678,-0.04382190763123928,0.051259166160976186,0.0
0.0,0.0,2.8289523891258535,-0.05441941496469991,0.04763415257308531,0.0
0.0,0.0,3.2872356862870213,-0.048332322280252527,0.03357209209595317,0.0
0.0,0.0,3.058865770519927,-0.049943219521528734,0.03659906380566404,0.0
0.0,0.0,2.912245151206675,-0.06134304499907506,0.03487515294304525,0.0
0.0,0.0,3.2836337611454014,-0.048048655939377335,0.030586307549437843,0.0
0.0,0.0,3.088084638861053,-0.043903083547590205,0.031342995452864585,0.0
0.0,0.0,3.29051235415875,-0.03458334216584185,0.02078247410881761,0.0
0.0,0.0,3.177324980094011,-0.0468559675120646,0.03426880849749344,0.0
0.0,0.0,3.179012989894969,-0.05568074430504196,0.03491854724376804,0.0
0.0,0.0,3.1830776083685626,-0.04516540778644405,0.03901273471917198,0.0
0.0,0.0,3.1555588703638096,-0.044883569813628316,0.03722015813532912,0.0
0.0,0.0,2.835946614836501,-0.04165116401594941,0.030351555514226174,0.0
0.0,0.0,3.0170924228050207,-0.032154835096039676,0.02596738841898047,0.0
0.0,0.0,2.7996265288374653,-0.02166523561237544,0.017869910409859274,0.0
0.0,0.0,2.7520998617651804,-0.021261575114913618,0.01793625400379984,3.3507553031175565e-05
0.0,0.0,2.8018214168123063,-0.02764193473285025,0.015797906965921555,0.0
0.0,0.0,2.729734208609027,-0.03006897216454076,0.015553560052562549,0.0
0.0,0.0,2.736694013810762,-0.03808190038150212,0.017733017085927054,0.0
0.0,0.0,2.928744000732252,-0.0506113895166273,0.026292223123143332,0.0
0.0,0.0,2.7189194373329406,-0.058536373298379095,0.029964359505954486,0.0
0.0,0.0,2.709415540295426,-0.04638081271568156,0.023945956724490604,0.0
0.0,0.0,2.8349911342529284,-0.03148144190770584,0.016398328051085837,0.0
0.0,0.0,2.925421506947516,-0.029888356499290596,0.01903105476351854,0.0016204884501389116
0.0,0.0,2.5071242436415653,-0.03890295792517924,0.02904826401283265,0.0
0.0,0.0,2.286652167440022,-0.041439592114343664,0.02889291265551318,0.0
0.0,0.0,2.2700014330417053,-0.02947897955196076,0.016444716530752662,0.0
0.0,0.0,2.546924116070114,-0.013738247086129802,0.014307242001498716,0.0021194247850972554
0.0,0.0,2.3158221581805654,-0.025701360544343722,0.021561082192157837,0.002525447959543218
0.0,0.0,2.287121980366842,-0.0360732458162404,0.02654170954967495,0.0
0.0,0.0,2.4145620233281484,-0.03133743739932486,0.026836322228332883,0.0
0.0,0.0,3.049955090798071,-0.029050174308783223,0.026854439660139416,0.001481621415779733
0.0,0.0,3.049955090798071,-0.029050174308783223,0.026854439660139416,0.001481621415779733
0.0,0.0,2.4629590964067076,-0.04894575976769896,0.04082882567914321,0.0
0.0,0.0,2.3928865002300266,-0.051359502378419485,0.045181800209135745,0.0
0.0,0.0,2.609593196976666,-0.013194094859988476,0.02167252004149824,0.0
0.0,0.0,2.4418536453080457,-0.005774863416935224,0.011510308748442551,0.0
0.0,0.0,2.353764557052116,-0.0064903977208365425,0.013451227212964495,0.0
0.0,0.0,2.2940667114138518,-0.005609691569303852,0.01794381595581917,0.0
0.0,0.0,2.5996175319036654,-0.00010274234164125791,0.008296001766950886,0.0
0.0,0.0,2.5978784670510775,-0.006152254261733546,0.010511130566079056,0.0
0.0,0.0,2.6074065900340107,-0.01738330994304012,0.01864368080998674,0.0
0.0,0.0,2.922515967794902,-0.024326769401653778,0.023101944248494134,0.0
0.0,0.0,2.9309191282816895,-0.044720330389314104,0.042003815742622144,0.0
0.0,0.0,2.628939273442747,-0.06411304876814991,0.05183873118165736,0.0
0.0,0.0,2.816684800108983,-0.0451476662516478,0.03135184180908971,0.0
0.0,0.0,2.951717073555902,-0.03221713405669681,0.020782581976971626,0.0
0.0,0.0,2.737524229233338,-0.040591339205501314,0.025921537494899467,0.0
0.0,0.0,2.5831544167925045,-0.03731853712040628,0.033496551710976416,0.0
0.0,0.0,2.484523254877625,-0.03335079029856498,0.032808419299306606,0.0
0.0,0.0,2.3134941544847285,-0.0359871096644448,0.03366097582016876,0.0
0.0,0.0,2.4308568843684726,-0.019025213596819305,0.028792826277510675,0.0
0.0,0.0,2.4656844212338944,-0.019602564731971923,0.03372283906749554,0.0
0.0,0.0,2.076499468991849,-0.032553727364779114,0.030529083332791297,0.0
0.0,0.0,2.544206927793849,-0.020822326751826395,0.028152293382105637,0.0
0.0,0.0,2.5921794107612977,-0.015120323322516773,0.024606421414765833,0.0
0.0,0.0,2.3846949684188607,-0.020749588517784617,0.030600983398096287,0.0
0.0,0.0,2.3410490480172643,-0.016871232827866726,0.027673992659412026,0.0
0.0,0.0,2.506926224302467,-0.012087051369275195,0.03218405815235489,0.0
0.0,0.0,2.3224521068455104,-0.01984004675732523,0.042123044290257254,0.0
0.0,0.0,2.2239212934880426,-0.016010806814522195,0.03965456648767649,0.0
0.0,0.0,2.0944936113759036,-0.013823357364073505,0.03377159790798278,0.0
0.0,0.0,2.109190082916112,-0.0038278706996046448,0.030157215916971136,0.0
0.0,0.0,2.1749929123994347,-0.003356580830750633,0.027972031245138845,0.0
0.0,0.0,1.9763379732068587,-0.002612852531009648,0.0312496411298403,0.0
0.0,0.0,1.9517616924257166,-0.004516280913138161,0.03149182203470347,0.0
0.0,0.0,2.097919470263691,-0.004131672197971531,0.032142057905655164,0.0
0.0,0.0,2.0946234255981153,-0.004183232632316557,0.0304703675680551,0.0
0.0,0.0,2.2580215806248773,-0.01097453405987787,0.03551885501400938,0.0
0.0,0.0,2.4376487955175135,-0.02541457451495404,0.045581655399873355,0.0
0.0,0.0,2.185273368625204,-0.046187655478848746,0.06773170703528472,0.0
0.0,0.0,2.192428096635136,-0.040881269340052276,0.06120812656366548,0.0
0.0,0.0,2.329130382704269,-0.02078053108477438,0.04542991265302005,0.0
0.0,0.0,2.3769699296402393,-0.009388399489546357,0.025127691891292124,0.0
0.0,0.0,2.271747628549753,-0.0053636013019670815,0.029905828575528048,0.0
0.0,0.0,1.9712564789738074,-0.011231111952854991,0.03421513505789682,0.0
0.0,0.0,1.9452251673719771,-0.01737215338709219,0.04154984011993892,0.0
0.0,0.0,1.8692344900279576,-0.014907716672663107,0.04080036857727024,0.0
0.0,0.0,1.8775009904941402,-0.009347335485811493,0.03516692591201715,0.0
0.0,0.0,1.9230339164115964,-0.012792168159308712,0.03759550387958921,0.0
0.0,0.0,1.7307299398989848,-0.023249511332893828,0.04969538695316662,0.0
0.0,0.0,1.7178243348721296,-0.025220889346390725,0.040523488040841105,0.0
0.0,0.0,2.058758342426735,-0.006397431013953718,0.027819744732750763,0.0
0.0,0.0,1.851739900692595,-0.0032821757998630374,0.021416353049685446,0.0
0.0,0.0,2.080987797030466,0.0,0.010751317473186368,0.0
0.0,0.0,2.3793718813833094,0.0,0.01282654936642002,0.0
0.0,0.0,1.9924286767872945,-0.012234284990108299,0.03774906580125388,0.0
0.0,0.0,1.8754382168399277,-0.018870632053123157,0.04305911667130034,0.0
0.0,0.0,2.1441955326786073,-0.00840464096785255,0.03489293477180767,0.0
0.0,0.0,2.0863981977860298,-0.006687668455924065,0.034856939754519076,0.0
0.0,0.0,2.303413074227212,-0.0036618434008692446,0.03063745714924642,0.0
0.0,0.0,2.1282381584551544,-0.01161797535232573,0.03773820587858893,0.0
0.0,0.0,2.0195073919928217,-0.016118860127411667,0.03681524831684512,0.0
0.0,0.0,2.0887859492677494,-0.003773160225700656,0.03600477251828997,0.0
0.0,0.0,2.044292811374296,0.0,0.017768801103999952,0.0
0.0,0.0,1.8296881921266763,0.0,0.017476201988849725,0.0
0.0,0.0,2.044458150590221,0.0,0.017693257060749083,0.0
0.0,0.0,2.0374356582601467,-0.0243878280387902,0.03725144335875242,0.0
0.0,0.0,2.130342359365214,-0.025798942717004236,0.046232256022010844,0.0
0.0,0.0,2.130342359365214,-0.025798942717004236,0.046232256022010844,0.0
0.0,0.0,2.2483997989900297,-0.0188060592033309,0.034138506330625915,0.0
0.0,0.0,2.2136178315296635,-0.016916074772668297,0.034254378320694306,0.0
0.0,0.0,2.2343912123303595,-0.01618728502453009,0.044261975647998435,0.0
0.0,0.0,2.121600791589288,-0.007268984913481517,0.044459290732862866,0.0
0.0,0.0,1.8763621474173386,-0.003259803251590903,0.036719336502572766,0.0
0.0,0.0,1.7268689015210732,0.0,0.028198929891098578,0.0
0.0,0.0,1.460511537985296,0.0,0.0207230588286468,0.0
0.0,0.0,1.5829908544870883,0.0,0.014758461819177449,0.0
0.0,0.0,1.5557258199248873,0.0,0.01772611370922621,0.0
0.0,0.0,1.4399239619139332,0.0,0.0288745316067451,0.0
0.0,0.0,1.462687966529447,0.0,0.024536272367865895,0.0
0.0,0.0,1.688044229783787,0.0,0.02403769466193833,0.0
0.0,0.0,1.8366318150943066,0.0,0.0210271023378367,0.0
0.0,0.0,1.849099157239456,0.0,0.02044888297703908,0.0
0.0,0.0,1.6477792147897048,-0.012364645327054186,0.039330298566408975,0.0
0.0,0.0,1.5912787696508768,-0.02407659069750434,0.05191297843275663,0.0
0.0,0.0,1.7280099096483557,-0.021524719448141754,0.04377223650927295,0.0
0.0,0.0,1.4790603186824172,-0.009320519417609228,0.03219440704129198,0.0
0.0,0.0,1.330836762467077,0.0,0.018341535235168467,0.0
0.0,0.0,1.1937748827644412,0.0,0.010491342712213473,0.0
0.0,0.0,1.3521148322076202,0.0,0.005024190107897076,0.0
0.0,0.0,1.1578330764895575,0.0,0.01489088986467348,0.0
0.0,0.0,1.2653857856486364,0.0,0.020797204006401743,0.0
0.0,0.0,1.2612485918883531,0.0,0.02514272412971582,0.0
0.0,0.0,1.2184775196790976,-0.0007590504062271617,0.030053990397012363,0.0
0.0,0.0,1.287633589652121,0.0,0.029902634243515087,0.0
0.0,0.0,1.5096341682743009,0.0,0.02873559660938361,0.0
0.0,0.0,1.610961553202817,-0.0010206797823294725,0.03487249777183324,0.0
0.0,0.0,1.3853886116492782,-0.004885879505261069,0.0413427182211165,0.0
0.0,0.0,1.4333688722381126,0.0,0.021724095611064125,0.0
0.0,0.0,1.5014188443583312,0.0,0.012069524894567,0.0
0.0,0.0,1.5319047602679432,0.0,0.00406609680746557,0.0
0.0,0.0,1.5687844791511556,0.0,0.008331447413884238,0.0
0.0,0.0,1.4751889650932248,0.0,0.028159110158278083,0.0
0.0,0.0,1.354836991608812,-0.0013051887481216836,0.04032878169135349,0.0
0.0,0.0,1.3838623973318984,0.0,0.036205802453500885,0.0
0.0,0.0,1.4570268093112628,0.0,0.029305182019243585,0.0
0.0,0.0,1.355772238854236,0.0,0.01778398593646547,0.0
0.0,0.0,1.3458219632265884,0.0,0.014828972934327011,0.0
0.0,0.0,1.4841628148102564,0.0,0.018005026476456392,0.0
0.0,0.0,1.4569936278358173,-0.0003686085214536844,0.034969604595718316,0.0
0.0,0.0,1.1960246170061528,-0.004895254353573415,0.03443462420724812,0.0
0.0,0.0,1.2147797388847235,-0.0011852833951953782,0.03011416859623245,0.0
0.0,0.0,1.08962782515295,0.0,0.023968737484014742,0.0
0.0,0.0,0.9775286027069686,0.0,0.025551053192490895,0.0
0.0,0.0,0.7719010309491263,0.0,0.024172079985489283,0.0
0.0,0.0,0.7391353629463138,0.0,0.018003043688498366,0.0
0.0,0.0,0.7492619938219865,0.0,0.01435452516639738,0.0
0.0,0.0,0.7298842984380322,0.0,0.014370609232945872,0.0
0.0,0.0,0.588471264361999,0.0,0.011409017561167085,0.0
0.0,0.0,0.6172401944152869,0.0,0.010970529598307601,0.0
0.0,0.0,0.7381134024126476,0.0,0.018352579852127765,0.0
0.0,0.0,0.6958760942838995,0.0,0.033587880996859394,0.0
0.0,0.0,0.7563820091408079,0.0,0.03847108764323886,0.0
0.0,0.0,0.8808167136722359,0.0,0.02298392609614369,0.0
0.0,0.0,1.2173788504520384,0.0,0.017359884859085812,0.0
0.0,0.0,1.013068845450157,0.0,0.011050023867933497,0.0
0.0,0.0,1.1608539169042087,0.0,0.011000847615577233,0.0
0.0,0.0,1.2835155553922437,0.0,0.023188553936809148,0.0
0.0,0.0,1.2731739572407474,0.0,0.042061516413022,0.0
0.0,0.0,1.0782927785455105,-0.009033498888357704,0.055406189658647055,0.0
0.0,0.0,0.9808775934302758,-0.0026916229767383476,0.05031028451233264,0.0
0.0,0.0,1.0228625205660953,0.0,0.03624992843515335,0.0
0.0,0.0,0.9572149515312498,0.0,0.018991271990545594,0.0
0.0,0.0,0.7157021314086721,0.0,0.011327699172618628,0.0
0.0,0.0,0.7682887845562308,0.0,0.00880262749872621,0.0
0.0,0.0,0.6265700988054181,0.0,0.019999739585327057,0.0
0.0,0.0,0.5524931963854268,0.0,0.026490837814062928,0.0
0.0,0.0,0.43584818009725285,0.0,0.02906017107789548,0.0
0.0,0.0,0.35974296088421814,0.0,0.026235647306759702,0.0
0.0,0.0,0.43565828344206575,0.0,0.016109978916224905,0.0008243163204627579
0.0,0.0,0.44231495104426105,0.0031460941726737628,0.012956491303107984,0.003052599364053805
0.0,0.0,0.5175405155946984,0.0,0.012811593266392798,0.0037717601071770358
0.0,0.0,0.5109873988234954,0.0,0.020583024745563415,0.004146460451113708
0.0,0.0,0.5830194721911797,0.0,0.02254322193439676,0.004561382035519612
0.0,0.0,0.7069159785727237,0.0,0.025894903517858114,0.003994371928992085
0.0,0.0,0.7069159785727237,0.0,0.025894903517858114,0.003994371928992085
0.0,0.0,0.6067976218859961,0.0,0.028369712868819612,0.002355252224449344
0.0,0.0,0.5499001460666655,0.0,0.02292229805785336,0.007187643273923386
0.0,0.0,0.6014308746385268,0.0,0.021474189832873525,0.0047527022709991425
0.0,0.0,0.5847388787251223,0.0,0.02144249821544089,0.007671509753112295
0.0,0.0,0.4842085194164486,0.0,0.019138414436985593,0.004586706903146753
0.0,0.0,0.5108316448046193,0.0,0.025891406393197765,0.007113501350727354
0.0,0.0,0.4686215700103829,0.0,0.01942294607264919,0.007693116596087344
0.0,0.0,0.6256656671681865,0.0010931478029103676,0.012041939061284404,0.006779448855022024
0.0,0.0,0.5616966539443163,9.980188554049236e-05,0.0077874904483093655,0.008657544611825583
0.0,0.0,0.5519335576015417,0.0005272897396516917,0.011189795006386907,0.013750449297096939
0.0,0.0,0.581309749756046,0.0,0.014199766146863853,0.01216285127010523
0.0,0.0,0.5637021282411669,0.0,0.028073813896098178,0.0125599799343791
0.0,0.0,0.4580028811437272,0.0,0.029334310995453573,0.010195257680671836
0.0,0.0,0.581446903918563,0.0,0.02454004858005386,0.013241505494302114
0.0,0.0,0.5828237535945091,0.0,0.020673456285944337,0.014217314645068129
0.0,0.0,0.4368532152477075,0.0,0.019469439753946872,0.012837950011882888
0.0,0.0,0.3500731790707742,0.0,0.024184811998152856,0.011962477467614533
0.0,0.0,0.3583133665462619,0.0,0.02366411510893748,0.011680665577673095
0.0,0.0,0.2839594352413931,0.0,0.030345921392864128,0.01297084564918099
0.0,0.0,0.12082304460341582,0.0,0.03309898016383995,0.01210413897054274
0.0,0.0,0.10531912133743118,0.0,0.01938857379810856,0.011523868956407932
0.0,0.0,0.055337051182979546,0.004172030010072396,0.00965461580481102,0.015369873905868475
0.0,0.0,0.11972509302912046,0.008092006795429475,0.0018259447899445114,0.014971241625141601
0.0,0.0,0.057603704774990036,0.010165207320676526,0.0029215987160071144,0.016641276898052934
0.0,0.0,0.06474254942508309,0.0051335393298743495,0.007167935945477008,0.014114908044583149
0.0,0.0,0.285902644463215,0.0,0.022116997943593127,0.01206344637098116
0.0,0.0,0.2692862428709127,0.0,0.03553887488899682,0.01038870070794162
0.0,0.0,0.373518281904563,0.0,0.04065459039026484,0.00781640088914207
0.0,0.0,0.3421660997997359,0.0,0.032971234169043975,0.010617559394215232
0.0,0.0,0.4679104295989041,0.0,0.011927432725757695,0.011085135918146912
0.0,0.0,0.4012921594339395,0.0,0.004579179948085326,0.016691391564742745
0.0,0.0,0.36930650984377755,0.0,0.0,0.011337952096121809
0.0,0.0,0.3972793278147431,0.0,0.008147819019184497,0.010083030925744179
0.0,0.0,0.5637219627575355,0.0,0.02299742509270817,0.010057410405351064
0.0,0.0,0.4786631277798028,0.0,0.04332941220619575,0.0072499729194660245
0.0,0.0,0.31309751240043415,0.0,0.046583997976021,0.008066915416002901
0.0,0.0,0.4023101043527594,0.0,0.033397213863759795,0.006121629428971222
0.0,0.0,0.31996435499288706,0.0,0.019501001742232106,0.009315356820314612
0.0,0.0,0.2743596936372899,0.0,0.001584974437972089,0.00764309851126653
0.0,0.0,0.10610630281673798,2.0202548177310182e-05,0.0004118266647725367,0.006687666527135634
0.0,0.0,0.09565935681556839,0.0,0.0,0.007610060849922319
0.0,0.0,0.20113713296596583,0.0,0.009599876304656774,0.00737776121044349
0.0,0.0,0.18553284430782485,0.0,0.024479403587264532,0.002935155091121396
0.0,0.0,0.12791332343655953,0.0,0.03137465482009055,0.0026561684794009165
0.0,0.0,0.17095466158526756,0.0,0.0284432986795422,0.004109709074253347
0.0,0.0,0.36255665575361096,0.0,0.01346330432473127,0.001985385443487166
0.0,0.0,0.14695827213599702,0.0,0.006439253688394551,0.002958694798953071
0.0,0.0,0.20373593342175358,0.0,0.008555828636826194,0.004601750059811395
0.0,0.0,0.4123500290554073,0.0,0.014773098774601309,0.0017840534448082368
0.0,0.0,0.2599254206044378,0.0,0.036436065974382634,0.0010157448988969225
0.0,0.0,0.29952997238275014,0.0,0.044244132943224955,0.0
0.0,0.0,0.2608944693842964,0.0,0.04465938135725847,0.0
0.0,0.0,0.26531049263949236,0.0,0.030371947431620545,0.0
0.0,0.0,0.16658585391313346,0.0,0.013370554144337373,0.0
0.0,0.0,0.1659576192805619,0.006337963803533228,0.0,0.0
0.0,0.0,0.23002195223592548,0.01110101595485263,0.0,0.0
0.0,0.0,0.16105633725016102,0.00397786768496374,0.0,0.0
0.0,0.0,0.29262940741721855,0.0,0.006961940544506132,0.0
0.0,0.0,0.1514342111356193,0.0,0.03571371464845734,0.0
0.0,0.0,0.12062475563706095,0.0,0.051934695537108666,0.0
0.0,0.0,0.24906432829704742,0.0,0.039677428434677975,0.0
0.0,0.0,0.386708548283316,0.0,0.017223837565681462,0.0
0.0,0.0,0.2518679360358644,0.0,0.004941209837612394,0.0
0.0,0.0,0.3105862689569703,0.0021802766733320786,0.0,0.0
0.0,0.0,0.41466515960308364,0.005675203598656675,0.0,0.0
0.0,0.0,0.45630314536391053,0.0,0.0,0.0
0.0,0.0,0.5408877289497909,0.0,0.017344523325944185,0.0
0.0,0.0,0.45485554542468576,0.0,0.04159351254140488,0.0
0.0,0.0,0.6952750784285712,0.0,0.05651638422902855,0.0
0.0,0.0,0.7225864384828786,-0.0029290585272891503,0.056626148230038545,0.0
0.0,0.0,0.6957078778362685,0.0,0.0388592444394303,0.0
0.0,0.0,0.5766952707415658,0.0,0.016670239629104057,0.0
0.0,0.0,0.7383597787465113,0.0,0.001313977564733651,0.0
0.0,0.0,0.6211246347769165,0.0,0.0,0.0
0.0,0.0,0.6042924227186129,0.0,0.0,0.0
0.0,0.0,0.4560799647262764,0.0,0.004010906369540396,0.0
0.0,0.0,0.40406560070133263,0.0,0.016029787519631855,0.0
0.0,0.0,0.49483251306690396,0.0,0.027433521573792245,0.0
0.0,0.0,0.37550822734754435,0.0,0.01969247510372572,0.0
0.0,0.0,0.4524898151288682,0.0,0.010403083192882363,0.0
0.0,0.0,0.42094901223898074,0.0,0.0009164899579227817,0.0
0.0,0.0,0.39336749571322216,0.0,0.0,0.0
0.0,0.0,0.4683166090629173,0.005697352308582528,0.0,0.0
0.0,0.0,0.40328752136717866,0.0,0.0,0.0
0.0,0.0,0.4277417243474767,0.0,0.0,0.0
0.0,0.0,0.39531449892045145,0.0,0.010863394831368323,0.0
0.0,0.0,0.4098429324762171,0.0,0.019192084044550826,0.0
0.0,0.0,0.5380606160938975,0.0,0.020377948966745683,0.0
0.0,0.0,0.5704274740515767,0.0,0.0072974949608131615,0.0
0.0,0.0,0.6720915905473329,0.0,0.002132673546514468,0.0
0.0,0.0,0.7539218128990336,0.0,0.0,0.0
0.0,0.0,0.6618155095001126,0.0,0.0,0.0
0.0,0.0,0.602724090510381,0.0,0.0,0.0
0.0,0.0,0.4687462535436479,0.0,0.0,0.0
0.0,0.0,0.3649574898975548,0.0,0.0,0.0
0.0,0.0,0.2687726211120882,0.0,0.002888679779997595,0.0
0.0,0.0,0.2643667273977957,0.0,0.0,0.0
0.0,0.0,0.22270610496537033,0.0,0.0,0.0
0.0,0.0,0.19931290111175554,0.0,0.0,0.0
0.0,0.0,0.22632978877077833,0.0,0.0,0.0
0.0,0.0,0.26752561889190446,0.0,0.0,0.0
0.0,0.0,0.246060672997135,0.0,0.0,0.0
0.0,0.0,0.32742257619246085,0.0,0.0,0.0
0.0,0.0,0.28201618857655003,0.0,0.0,0.0
0.0,0.0,0.3351657414115692,0.0,0.0,0.0
0.0,0.0,0.39829211854155055,0.0,0.0,0.0
0.0,0.0,0.4542644956264518,0.0,0.0,0.0
0.0,0.0,0.5371633247816204,0.0,0.00350828260002591,0.0
0.0,0.0,0.6103833557630595,0.0,0.005849923284228527,0.0
0.0,0.0,0.6232892882875739,0.0,0.00980536159656462,0.0
0.0,0.0,0.5975282286396604,0.0,0.009549352666587057,0.0
0.0,0.0,0.5666361835681208,0.0,0.011331836648613924,0.0
0.0,0.0,0.6113861821358187,0.0,0.0045201726751360315,0.0
0.0,0.0,0.5276108585398103,0.0,0.002674561522538502,0.0
0.0,0.0,0.5076126410680992,0.0,0.0,0.0
0.0,0.0,0.43884200078030944,0.0,0.0,0.0
0.0,0.0,0.3108692271479935,0.0,0.0,0.0
0.0,0.0,0.2979948129970416,0.0,0.0,0.0
0.0,0.0,0.27809958217482567,0.0,0.0,0.0
0.0,0.0,0.45975175929387097,0.0,0.0014818247352662464,0.0
0.0,0.0,0.48861766952525043,0.0,0.0022779571462574364,0.0
0.0,0.0,0.3459603172889619,0.0,0.0008226523732367128,0.0
0.0,0.0,0.3948130678616633,0.0,0.0,0.0
0.0,0.0,0.43870163340232643,0.0,0.0,0.0
0.0,0.0,0.5947481523085637,0.0,0.0,0.0
0.0,0.0,0.6602643425445701,0.0,0.0,0.0
0.0,0.0,0.6280548407711251,0.0,0.0,0.0
0.0,0.0,0.6035047807405574,0.0,0.00019527071318950037,0.0
0.0,0.0,0.7644856138840452,0.0,0.0035446313436059565,0.0
0.0,0.0,0.6915340110953313,0.0,0.004384786075224565,0.0
0.0,0.0,0.8505194989547513,0.0,0.007271827877024564,0.0
0.0,0.0,0.9194995283584856,0.0,0.014470784017442024,0.0
0.0,0.0,0.76240211663837,0.0,0.012443530439755398,0.0
0.0,0.0,0.8119968367580087,0.0,0.01280986273576768,0.0
0.0,0.0,0.7382010755955573,0.0,0.0037661394521895557,0.0
0.0,0.0,0.6546277211261776,0.0,0.0,0.0
0.0,0.0,0.7708737732260151,0.0,0.0,0.0
0.0,0.0,0.6394760350838271,0.0,0.0,0.0
0.0,0.0,0.5272753695025639,0.0,0.00024204816403601984,0.0
0.0,0.0,0.5554184655469099,0.0,0.00030134618405695265,0.0
0.0,0.0,0.5126661545522818,0.0,0.0005067140497474218,0.0
0.0,0.0,0.4582562226904566,0.0,0.0023558041240081696,0.0
0.0,0.0,0.4913297766333131,0.0,0.0,0.0
0.0,0.0,0.5003825925601735,0.0,0.0,0.0
0.0,0.0,0.4465391118926373,0.0,0.0,0.0
0.0,0.0,0.5347922521713795,0.0,0.0,0.0
0.0,0.0,0.5042496982936212,0.0,0.0,0.0
0.0,0.0,0.4618185526396822,0.0,0.0,0.0
0.0,0.0,0.5209635667719299,0.0,0.0,0.0
0.0,0.0,0.5399965653052138,0.0,0.0,0.0
0.0,0.0,0.5115796152672424,0.0,0.0,0.0
0.0,0.0,0.4465964864044939,0.0,0.0,0.0
0.0,0.0,0.5891586760326362,0.0,0.00303935964730987,0.0
0.0,0.0,0.6044542336553278,0.0,0.006421326269077434,0.0
0.0,0.0,0.534092259968588,0.0,0.001924549932969391,0.0
0.0,0.0,0.6043517358282096,0.0,0.0010211052744617892,0.0
0.0,0.0,0.5921841878132719,0.0,0.0,0.0
0.0,0.0,0.5537692452233636,0.0,0.0,0.0
0.0,0.0,0.43438589668073735,0.0,0.0,0.0
0.0,0.0,0.4873799907907279,0.0,0.0,0.0
0.0,0.0,0.48656259203998997,0.0,0.0,0.0
0.0,0.0,0.4622377191523091,0.0,0.0,0.0
0.0,0.0,0.42886529768583737,0.0,0.0,0.0
0.0,0.0,0.521437866402509,0.0,0.0011997394480271378,0.0
0.0,0.0,0.4877069681137426,0.0,0.0012478214917817881,0.0
0.0,0.0,0.5227303811508914,0.0,0.005859912540461576,0.0
0.0,0.0,0.658611422165564,0.0,0.0010191981358766045,0.0
0.0,0.0,0.6333122158659048,0.0,0.0,0.0
0.0,0.0,0.6371479987370552,0.0,0.0,0.0
0.0,0.0,0.5530606483074794,0.0,0.0,0.0
0.0,0.0,0.7220161070782379,0.0,0.0,0.0
0.0,0.0,0.7706031369659223,0.0,0.0,0.0
0.0,0.0,0.6832732688098371,0.0,0.0,0.0
0.0,0.0,0.7390405505051358,0.0,0.0,0.0
0.0,0.0,0.7273097684021275,0.0,0.0025200385615807663,0.0
0.0,0.0,0.8096990041888084,0.0,0.006727259816689216,0.0
0.0,0.0,0.8020324833354053,0.0,0.003986070388208455,0.0
0.0,0.0,0.767619414086494,0.0,0.003337607384626941,0.0
0.0,0.0,0.8275007939413586,0.0,0.0010355159829597278,0.0
0.0,0.0,0.8403791721384894,0.0,0.0,0.0
0.0,0.0,0.7169221659495874,0.0,0.0,0.0
0.0,0.0,0.7851764213018335,0.0,0.0,0.0
0.0,0.0,0.742298216107567,0.0,0.0,0.0
0.0,0.0,0.7298107235443434,0.0,0.0,0.0
0.0,0.0,0.696718521971557,0.0,0.0,0.0
0.0,0.0,0.6226025128205773,0.0,0.0,0.0
0.0,0.0,0.7999049804238341,0.0,0.0,0.0
0.0,0.0,0.8680325046223956,0.0,0.0,0.0
0.0,0.0,0.920424193671392,0.0,0.0006526692477889841,0.0
0.0,0.0,0.921485228732059,0.0,0.002350901031670758,0.0
0.0,0.0,0.9876245625224973,0.0,0.00045894377535409605,0.0
0.0,0.0,1.0255502717508131,0.0,0.0,0.0
0.0,0.0,1.0795418275680597,0.0,0.0,0.0
0.0,0.0,0.9393205582015842,0.0,0.0,0.0
0.0,0.0,0.9815738900515523,0.0,0.0,0.0
0.0,0.0,0.9066672515287232,0.0,0.0008078385255868299,0.0
0.0,0.0,0.8687447076920531,0.0,0.0,0.0
0.0,0.0,0.7941065782201087,0.0,0.0,0.0
0.0,0.0,0.7350036196681633,0.0,0.0,0.0
0.0,0.0,0.7367647131490944,0.0,0.0,0.0
0.0,0.0,0.6924516730327022,0.0,0.0,0.0
0.0,0.0,0.8239571402452321,0.0,0.0,0.0
0.0,0.0,0.8038279792860232,0.0,0.0,0.0
0.0,0.0,0.7642360663890054,0.0,0.0,0.0
0.0,0.0,0.7725487754083062,0.0,0.0,0.0
0.0,0.0,0.7849846488713562,0.0,0.0,0.0
0.0,0.0,0.8477441038366205,0.0,0.0,0.0
0.0,0.0,0.7318800836031878,0.0,0.0,0.0
0.0,0.0,0.6941296879275393,0.0,0.0,0.0
0.0,0.0,0.8922519871443901,0.0,0.0,0.0
0.0,0.0,0.7790592322283854,0.0,0.0,0.0
0.0,0.0,0.7543463490804682,0.0,0.0,0.0
0.0,0.0,0.740570242631638,0.0,0.0,0.0
0.0,0.0,0.7088972487223322,0.0,0.0,0.0
0.0,0.0,0.6396886676544058,0.0,0.0,0.0
0.0,0.0,0.602234058385628,0.0,0.0011948911879454984,0.0
0.0,0.0,0.7606454747886844,0.0,0.0020364202167477584,0.0
0.0,0.0,0.8569563964943206,0.0,0.0004068364466504137,0.0
0.0,0.0,0.8559766765360417,0.0,0.0,0.0
0.0,0.0,0.9527955548509857,0.0,0.0,0.0
0.0,0.0,0.9841532001076624,0.0,0.0,0.0
0.0,0.0,1.058478517951447,0.0,0.0,0.0
0.0,0.0,0.8291613192429775,0.0,0.0012620603610751732,0.0
0.0,0.0,0.8105990023870321,0.0,0.0,0.0
0.0,0.0,0.8782080432260804,0.0,0.0,0.0
0.0,0.0,0.9648063039262416,0.0,0.0,0.0
0.0,0.0,0.9784767774823038,0.0,0.0,0.0
0.0,0.0,0.9192955581695477,0.0,0.0,0.0
0.0,0.0,0.9716334021460378,0.0,0.0006503929320665614,0.0
0.0,0.0,0.9014461565357943,0.0,0.00014738062581843648,0.0
0.0,0.0,0.8932695093088446,0.0,0.0,0.0
0.0,0.0,0.8086278555266556,0.0,0.0,0.0
0.0,0.0,0.8957813045065739,0.0,0.0,0.0
0.0,0.0,0.8366553900294752,0.0,0.0,0.0
0.0,0.0,0.8534509266302874,0.0,0.0,0.0
0.0,0.0,0.930748760367852,0.0,0.0,0.0
0.0,0.0,0.820432768241749,0.0,0.0,0.0
0.0,0.0,0.8010201573426656,0.0,0.0,0.0
0.0,0.0,0.7740873533349248,0.0,0.0,0.0
0.0,0.0,0.90962443511752,0.0,0.0,0.0
0.0,0.0,0.8625003378503523,0.0,0.0,0.0
0.0,0.0,0.9873657409781398,0.0,0.0,0.0
0.0,0.0,1.0898593560557823,0.0,0.0,0.0
0.0,0.0,0.9473598705244177,0.0,0.0,0.0
0.0,0.0,1.1479956194119123,0.0,0.0,0.0
0.0,0.0,1.0251828237451746,0.0,0.0,0.0
0.0,0.0,1.0581786292704924,0.0,0.0,0.0
0.0,0.0,0.993908281342159,0.0,0.0,0.0
0.0,0.0,0.986998219730945,0.0,0.0,0.0
0.0,0.0,1.0883434932880145,0.0,0.0,0.0
0.0,0.0,1.0859356589089721,0.0,0.0,0.0
0.0,0.0,1.0388754728192293,0.0,0.0,0.0
0.0,0.0,1.023522462302586,0.0,0.0006185225141653471,0.0
0.0,0.0,1.161517600849361,0.0,0.0,0.0
0.0,0.0,1.127529352899697,0.0,0.0,0.0
0.0,0.0,1.0596999476342024,0.0,0.0,0.0
0.0,0.0,1.107863413597753,0.0,0.0,0.0
0.0,0.0,1.1281630741847022,0.0,0.0,0.0
0.0,0.0,1.0231751626674277,0.0,0.0,0.0
0.0,0.0,1.091251570238447,0.0,0.0,0.0
0.0,0.0,1.0744083913850677,0.0,0.0,0.0
0.0,0.0,1.0102356230173861,0.0,0.0,0.0
0.0,0.0,0.927995234527202,0.0,0.0,0.0
0.0,0.0,1.1038240642358557,0.0,0.0,0.0
0.0,0.0,0.9411773406171177,0.0,0.0,0.0
0.0,0.0,1.0392412623635232,0.0,0.0,0.0
0.0,0.0,1.028246914348732,0.0,0.00168552419829784,0.0
0.0,0.0,1.1572096814757546,0.0,0.0,0.0
0.0,0.0,1.214492210599574,0.0,0.0,0.0
0.0,0.0,1.2238084569210257,0.0,0.0,0.0
0.0,0.0,1.3368713530811407,0.0,0.0,0.0
0.0,0.0,1.1739885490412942,0.0,0.0,0.0
0.0,0.0,1.3597408163888542,0.0,0.0,0.0
0.0,0.0,1.2993271893119671,0.0,0.0,0.0
0.0,0.0,1.3257695385010195,0.0,0.0,0.0
0.0,0.0,1.3125389345681437,0.0,0.0,0.0
0.0,0.0,1.3602322023983595,0.0,0.0,0.0
0.0,0.0,1.2695962434073702,0.0,0.0,0.0
0.0,0.0,1.340908352264646,0.0,0.0,0.0
0.0,0.0,1.424514262396415,0.0,0.0,0.0
0.0,0.0,1.3010361608213348,-0.0017784209871549849,0.0030924484879093833,0.0
0.0,0.0,1.2966595284925826,-0.004627791239605475,0.006359455441653485,0.0
0.0,0.0,1.424457919641065,-0.004848949792234035,0.004507535720904147,0.0
0.0,0.0,1.5302906154294185,0.0,0.0,0.0
0.0,0.0,1.33450514335286,0.0,0.0,0.0
0.0,0.0,1.1230765769661855,0.0,0.0,0.0
0.0,0.0,1.0382996824398105,0.0,0.0,0.0
0.0,0.0,1.0014803190320074,0.0,0.0,0.0
0.0,0.0,0.9308189917054367,0.0,0.0,0.0
0.0,0.0,0.8636316369437594,0.0,0.0,0.0
0.0,0.0,0.814720627500852,0.0,0.0,0.0
0.0,0.0,0.8031745356878026,0.0,0.0,0.0
0.0,0.0,0.9089860307215354,0.0,0.0,0.0
0.0,0.0,0.8537002656148325,0.0,0.0,0.0
0.0,0.0,0.9311618276632103,0.0,0.0002782974611028651,0.0
0.0,0.0,0.9715022661536412,0.0,0.0,0.0
0.0,0.0,0.9527313429503115,0.0,0.0,0.0
0.0,0.0,0.9366261725177765,0.0,0.0,0.0
0.0,0.0,0.9743492566468002,0.0,0.0,0.0
0.0,0.0,1.0235156764512883,0.0,0.0,0.0
0.0,0.0,0.9210091761049355,0.0,0.0,0.0
0.0,0.0,1.0063345269288804,-0.00148841055571006,0.0,0.0
0.0,0.0,0.9858419124167558,-3.3350065412694044e-05,0.0,0.0
0.0,0.0,1.0683678865372996,0.0,0.0,0.0
0.0,0.0,1.059157395062988,0.0,0.0,0.0
0.0,0.0,1.0174520274671564,-0.0009458649759896007,0.0,0.0
0.0,0.0,1.103934882493508,-0.0015508196259014992,0.000616611660307046,0.0
0.0,0.0,1.136315637387705,-0.00033761825612661035,0.0,0.0
0.0,0.0,1.1645909078008327,-0.002080062652013736,0.0,0.0
0.0,0.0,1.2301591690455012,-0.0030494863632899473,0.0,0.0
0.0,0.0,1.216920924624974,-5.434995851787849e-05,0.0,0.0
0.0,0.0,1.289683854549919,0.0,0.0,0.0
0.0,0.0,1.2081421732396533,0.0,0.0,0.0
0.0,0.0,1.1469118194872727,0.0,0.0,0.0
0.0,0.0,1.1901345889552262,0.0,0.0,0.0
0.0,0.0,1.045074740852885,-0.0016156680171531836,0.0,0.0
0.0,0.0,0.8867870278678662,-0.0023375386053732204,0.0,0.0
0.0,0.0,0.921102049554403,0.0,0.0,0.0
0.0,0.0,0.8877013901651901,0.0,0.0,0.0
0.0,0.0,0.8257754747872827,0.0,0.0,0.0
0.0,0.0,0.7107845937447811,0.0,0.0,0.0
0.0,0.0,0.6962142128516822,0.0,0.0,0.0
0.0,0.0,0.700036561401685,0.0,0.0,0.0
0.0,0.0,0.8100473270217835,-0.00013081693402358622,0.0,0.0
0.0,0.0,0.8818582759966386,0.0,0.0,0.0
0.0,0.0,0.8522385893407977,-0.00020163228981258515,0.0,0.0
0.0,0.0,0.9433156839939609,0.0,0.0,0.0
0.0,0.0,0.9315787772310735,0.0,0.0,0.0
0.0,0.0,0.8380518274242907,0.0,0.0,0.0
0.0,0.0,0.8888117909232307,-0.0007548099444521626,0.0,0.0
0.0,0.0,0.718184048501447,-0.004803197785147038,0.0,0.0
0.0,0.0,0.7531769722518997,-0.00015285893430134554,0.0,0.0
0.0,0.0,0.7259855856209293,0.0,0.0,0.0
0.0,0.0,0.7051348070134714,0.0,0.0,0.0
0.0,0.0,0.6068670753111303,0.0,0.0,0.0
0.0,0.0,0.6789027396504803,0.0,0.0,0.0
0.0,0.0,0.7288100292062933,0.0,0.0,0.0
0.0,0.0,0.7879203406144583,-0.0006763147626890405,0.0,0.0
0.0,0.0,0.8495496098309566,-0.002902771681981632,0.0,0.0
0.0,0.0,0.8791502974617733,-0.002914602007576298,0.0,0.0
0.0,0.0,0.9806147316970912,-0.0012731106514466764,0.0,0.0
0.0,0.0,0.859346661848558,-0.0011472581138681913,0.0,0.0
0.0,0.0,0.9324676685709792,-0.0009658375947164741,0.0,0.0
0.0,0.0,0.9609973845613047,-0.0007168667923132098,0.0,0.0
0.0,0.0,0.9386313647445546,-0.0036144856897818503,0.0,0.0
0.0,0.0,0.8306191909040267,0.0,0.0,0.0
0.0,0.0,0.8427011575106904,0.0,0.0,0.0
0.0,0.0,0.7706539744816858,0.0,0.0,0.0
0.0,0.0,0.843936445330726,0.0,0.0,0.0
0.0,0.0,0.8017885605991919,0.0,0.0,0.0
0.0,0.0,0.767576144341782,-4.42930800156024e-05,0.0,0.0
0.0,0.0,0.8478500625336544,0.0,0.0,0.0
0.0,0.0,0.7411520832251638,-0.0007987062112328677,0.0,0.0
0.0,0.0,0.6479979948814388,0.0,0.0,0.0
0.0,0.0,0.7041591093879206,0.0,0.0,0.0
0.0,0.0,0.6371842371498734,0.0,0.0,0.0
0.0,0.0,0.7175411818127506,0.0,0.0,0.0
0.0,0.0,0.6102794121841305,0.0,0.0,0.0
0.0,0.0,0.6645737268335831,0.0,0.0,0.0
0.0,0.0,0.6514592969165057,0.0,0.0,0.0
0.0,0.0,0.7549459914418024,-3.619908816667658e-05,0.0,0.0
0.0,0.0,0.7892912872133641,-0.001689234521384544,0.0,0.0
0.0,0.0,0.762024374718883,-0.001521077981306037,0.0,0.0
0.0,0.0,0.9063033979818694,-0.001954729379142483,0.0,0.0
0.0,0.0,0.9063033979818694,-0.001954729379142483,0.0,0.0
0.0,0.0,1.0948535318904873,0.0,0.0,0.0
0.0,0.0,1.0718863238346876,-0.0034698365327256266,0.0,0.0
0.0,0.0,1.0895386520633363,-0.008373603495473466,0.0,0.0
0.0,0.0,1.0895386520633363,-0.008373603495473466,0.0,0.0
0.0,0.0,1.0416516747903892,-0.004486539058080936,0.0,0.0
0.0,0.0,1.1297324429020708,-0.002397010329940806,0.0,0.0
0.0,0.0,1.1297324429020708,-0.002397010329940806,0.0,0.0
0.0,0.0,0.9830434943552024,-0.00093326798636746,0.0,0.0
0.0,0.0,0.9946740872659529,0.0,0.0,0.0
0.0,0.0,1.0592496957691053,0.0,0.0,0.0
0.0,0.0,0.9711786559364988,-0.0005858802834851352,0.0,0.0
0.0,0.0,1.0660953832688427,-0.002928673158312804,0.0,0.0
0.0,0.0,1.1585732464185083,0.0,0.0,0.0
0.0,0.0,1.1047316988032578,-0.009946019015916737,0.0008266518451194365,0.0
0.0,0.0,0.9934572427617365,-0.004793672599842297,0.0,0.0
0.0,0.0,1.003964422023279,0.0,0.0,0.0
0.0,0.0,1.1283802187242205,-0.0003821714144719588,0.0,0.0
0.0,0.0,0.9851743207461986,-0.0011035512203267483,0.0,0.0
0.0,0.0,0.836705614865469,0.0,0.0,0.0
0.0,0.0,0.9470999384036718,0.0,0.0,0.0
0.0,0.0,0.90033882554106,-0.0008311573229581865,0.0,0.0
0.0,0.0,0.6406494577121953,-0.0008526987346919813,0.0,0.0
0.0,0.0,0.6924329134689838,-0.0029083861855396,0.0,0.0
0.0,0.0,0.6292484948532953,0.0,0.0,0.0
0.0,0.0,0.5714212940347939,0.0,0.0,0.0
0.0,0.0,0.5855327508089192,0.0,0.0,0.0
0.0,0.0,0.6396142466476544,0.0,0.0,0.0
0.0,0.0,0.6458285116409128,0.0,0.0,0.0
0.0,0.0,0.6480276626788875,-0.0006048466561581862,0.0,0.0
0.0,0.0,0.7178987608607057,-0.0013461304499874857,0.0,0.0
0.0,0.0,0.8713842718245252,-0.0032961950136568955,0.0,0.0
0.0,0.0,0.8586319762882388,-0.00723341232756195,0.0,0.0
0.0,0.0,0.8437161119598903,-0.00619513456023595,0.0,0.0
0.0,0.0,0.8275919811085226,-0.002922888064026826,0.0,0.0
0.0,0.0,0.8470167130111121,0.0,0.0,0.0
0.0,0.0,0.8296718177830625,-0.0007810434494518985,0.0,0.0
0.0,0.0,0.8286494308070017,-0.004876303870986903,0.0,0.0
0.0,0.0,0.752177866557625,-0.002311758374742467,0.0,0.0
0.0,0.0,0.7301645671390858,-0.002122087301608374,0.0,0.0
0.0,0.0,0.6840270344621457,-0.001416115018940307,0.0,0.0
0.0,0.0,0.7770470584062493,-0.0034872891883005507,0.0,0.0
0.0,0.0,0.6747724274499615,-0.00014766933942442364,0.0,0.0
0.0,0.0,0.6911823242771532,-0.0010126968412855729,0.0,0.0
0.0,0.0,0.7396846424132378,-0.0026062940257139213,0.0,0.0
0.0,0.0,0.7051839980522289,-0.0013777482763126841,0.0,0.0
0.0,0.0,0.706322661952399,-0.005134238687680809,0.0,0.0
0.0,0.0,0.7852204441687594,-0.009179759503545867,0.0,0.0
0.0,0.0,0.6189718212574422,-0.012019708697832384,0.0,0.0
0.0,0.0,0.639615130207087,-0.003454185367898567,0.0,0.0
0.0,0.0,0.6209590613521734,-0.0006424045842892132,0.0,0.0
0.0,0.0,0.6079105597018021,-0.00010400469999214362,0.0,0.0
0.0,0.0,0.6339750178390029,0.0,0.0,0.0
0.0,0.0,0.5904650752273242,0.0,0.0,0.0
0.0,0.0,0.47552543032229,-0.0005894267541090425,0.0,0.0
0.0,0.0,0.4725078469958913,-0.0008394898004433184,0.0,0.0
0.0,0.0,0.35193446881856805,0.0,0.0,0.0
0.0,0.0,0.40846370706259727,0.0,0.0,0.0
0.0,0.0,0.49923817147199845,0.0,0.0,0.0
0.0,0.0,0.3907392286175138,0.0,0.0,0.0
0.0,0.0,0.4117336692675235,0.0,0.0,0.0
0.0,0.0,0.37048477418401105,-0.0016708268322575856,0.0,0.0
0.0,0.0,0.5090521168934754,-0.007854124698575774,0.0,0.0
0.0,0.0,0.5065739640967941,-0.007940896277911544,0.0,0.0
0.0,0.0,0.5909022578035507,-0.006917054780717888,0.0003952216015488784,0.0
0.0,0.0,0.5192510783031936,-0.004139480659622068,0.0,0.0
0.0,0.0,0.6183738595561009,-0.0036666308484754593,0.0,0.0
0.0,0.0,0.622712196713702,-0.0013109853867563775,0.0,0.0
0.0,0.0,0.6138940516758773,0.0,0.0,0.0
0.0,0.0,0.4321652907842437,-0.00031370074168680223,0.0,0.0
0.0,0.0,0.4015787261387979,-0.0011222617149291168,0.0,0.0
0.0,0.0,0.35343479937280964,-0.0031184722374261583,0.0,0.0
0.0,0.0,0.27206924993381665,-0.004007133409890211,0.0,0.0
0.0,0.0,0.3652760012266167,-0.0007208648926757366,0.0,0.0
0.0,0.0,0.2893109289640061,0.0,0.0,0.0
0.0,0.0,0.2482994925495839,0.0,0.0,0.0
0.0,0.0,0.2932619986844206,0.0,0.0,0.0
0.0,0.0,0.28845265449414403,-0.0018450618365776317,0.0,0.0
0.0,0.0,0.2748596036931058,-0.008754399574450017,0.0030250467979671854,0.0
0.0,0.0,0.3022887592623423,-0.008721126688761214,0.0013389966095249974,0.0
0.0,0.0,0.34297713277347175,-0.006989022223687193,0.003512463820565948,0.0
0.0,0.0,0.3597688723592213,-0.011453751821165578,0.0,0.0
0.0,0.0,0.3721558574210838,-0.0017679637878428237,0.0,0.0
0.0,0.0,0.4080630032613951,0.0,0.0,0.0
0.0,0.0,0.30022877873181514,0.0,0.0,0.0
0.0,0.0,0.1891507245565985,-0.0003206546572457339,0.0,0.0
0.0,0.0,0.26205104464176576,-0.000909350901012128,0.0,0.0
0.0,0.0,0.1934978844712172,-0.0037215342086295553,0.0,0.0
0.0,0.0,0.08983394823716306,-0.003789960375014897,0.0,0.0
0.0,0.0,0.09050239525782451,-0.0030341511742993676,0.0,0.0
0.0,0.0,0.02678940300304441,0.0,0.0,0.0
0.0,0.0,0.041462700510715954,-0.0007542752792763114,0.0,0.0
0.0,0.0,0.01173693144751936,0.0,0.0,0.0
0.0,0.0,0.054087541607154566,-0.001304472343354368,0.0,0.0
0.0,0.0,0.0880683891789669,-0.0049764552794449735,0.0,0.0
0.0,0.0,0.08083848576313356,-0.0040665023777213365,0.0,0.0
0.0,0.0,0.12093630368170671,-0.009776916298378626,0.0,0.0
0.0,0.0,0.07614748063834045,-0.008970059863044498,0.0,0.0
0.0,0.0,0.13573912188016624,-0.0075093259857665195,0.004192010361497935,0.0
0.0,0.0,0.07040413793908327,-0.009871220368460856,0.0,0.0
0.0,0.0,0.15539549721991738,-0.005867829345307891,0.0,0.0
0.0,0.0,0.11971563986830606,-0.0011038640871463324,0.0,0.0
0.0,0.0,0.03368959306348424,-0.0003983316796669548,0.0,0.0
0.0,0.0,0.0971621231247542,-0.00023276873061377868,0.0,0.0
0.0,0.0,0.007895729575588655,0.0,0.0,0.0
0,0,0,0,0,0
0,0,0,0,0,0
0.0,0.0,0.0,-0.0025156856921999472,0.0,0.0
0.0,0.0,0.0,-0.003365974440316054,0.0,0.0
0,0,0,0,0,0
0.0,0.0,0.0,-0.00022361168317117523,0.0,0.0
0.0,0.0,0.0,-4.323918362318453e-05,0.0,0.0
0.0,0.0,0.018741022240380337,-0.0027682128127055027,0.0,0.0
0.0,0.0,0.0,-0.00451513176032538,0.0,0.0
0.0,0.0,0.04205126683603421,-0.005858864171264795,0.002896367772582815,0.0
0.0,0.0,0.051750447039599023,-0.012212349927576334,0.0037325053032978284,0.0
0.0,0.0,0.05586277706362601,-0.013515543042294648,0.003309598447320157,0.0
0.0,0.0,0.004285802325653698,-0.009390976124041477,0.003581068473304872,0.0
0.0,0.0,0.09134403857477431,-0.010972475847696887,0.002325531722565592,0.0
0.0,0.0,0.0,-0.008413135710856298,0.002121049084009577,0.0
0.0,0.0,0.0,-0.0021505268632957216,0.0022947692435632493,0.0
0.0,0.0,0.0,-0.004437389289680769,0.0005481892992193012,0.0
0,0,0,0,0,0
0,0,0,0,0,0
0.0,0.0,0.0,-0.0003436119675947227,0.0,0.0
0,0,0,0,0,0
0,0,0,0,0,0
0.0,0.0,0.0,-0.0003611765775381838,0.0005606073555849934,0.0
0.0,0.0,0.0,-0.004227893526779557,0.0,0.0
0.0,0.0,0.0,-0.0027147379265491803,0.0,0.0
0.0,0.0,0.0,-0.004358469903423852,0.0,0.0
0,0,0,0,0,0
0.0,0.0,0.0,-0.0010171973940940428,0.0,0.0
0.0,0.0,0.0,-0.0018755378840952966,0.0,0.0
0.0,0.0,0.0,-0.006529605971052517,0.0,0.0
0.0,0.0,0.0,-0.00571395101201348,0.0,0.0
0.0,0.0,0.0,-0.005350486457251998,0.0,0.0
0.0,0.0,0.0,-0.005768169940028618,0.0,0.0
0.0,0.0,0.0,-0.008105744442721186,0.0,0.0
0.0,0.0,0.0,-0.00352605236203051,0.0,0.0
0.0,0.0,0.0,-0.0024437985047054502,0.0,0.0
0.0,0.0,0.0,-0.00405299891109449,0.0,0.0
0.0,0.0,0.0,-0.001949757751655202,0.0,0.0
0.0,0.0,0.0,-0.0028723150719387183,0.0,0.0
0.0,0.0,0.0,-0.0022677131773037444,0.0,0.0
0.0,0.0,0.0,-0.0013856100709388516,0.0,0.0
0,0,0,0,0,0
0.0,0.0,0.0,-0.0005723568799341067,0.0,0.0
0,0,0,0,0,0
0,0,0,0,0,0
0.0,0.0,0.0,-0.001735029969156614,0.0,0.0
0.0,0.0,0.0,-0.001735029969156614,0.0,0.0
0.0,0.0,0.0,-0.0008239663584815038,0.0,0.0
0,0,0,0,0,0
0.0,0.0,0.0,-0.0007372923835492239,0.0,0.0
0.0,0.0,0.0,-0.0027182292448164995,0.0003206107512129025,0.0
0.0,0.0,0.0,-0.007364316177957815,0.0,0.0
0.0,0.0,0.0,-0.007779091669262381,0.0007977240773908769,0.0
0.0,0.0,0.0,-0.009145640399460798,0.0002348664608752946,0.0
0.0,0.0,0.0,-0.005718723052301109,0.0019305514501738064,0.0
0.0,0.0,0.0,-0.00544133889236015,0.0014888327299061946,0.0
0.0,0.0,0.0,-0.006970800072703488,0.0010543046108369616,0.0
0.0,0.0,0.0,-0.003304545354441348,0.000981442653188351,0.0
0.0,0.0,0.0,-0.006059631467692624,0.0,0.0
0.0,0.0,0.0,-0.0031164624229770123,0.0,0.0
0.0,0.0,0.0,-0.0024171840708061207,0.0,0.0
0.0,0.0,0.0,-0.0013068830246394853,0.0,0.0
0.0,0.0,0.0,-0.00037052932586254596,0.0,0.0
0,0,0,0,0,0
0,0,0,0,0,0
0,0,0,0,0,0
0.0,0.0,0.0,-0.0011708973581676374,0.0,0.0
0,0,0,0,0,0
0,0,0,0,0,0
0.0,0.0,0.0,-0.002431338919745725,0.0,0.0
0.0,0.0,0.0,-0.0023307646416235945,0.0,0.0
0.0,0.0,0.0,-0.0009526009874460475,0.00015718990957083685,0.0
0.0,0.0,0.0,-0.000992686628197375,0.0007784991765388029,0.0
0.0,0.0,0.0,-0.004593997694481651,0.0,0.0
0.0,0.0,0.0,-0.006651418628882834,0.0,0.0
0.0,0.0,0.0,-0.0016124435046730831,0.0,0.0
0.0,0.0,0.0,-0.004873607554659777,0.0,0.0
0.0,0.0,0.0,-0.00532009341776518,0.0,0.0
0.0,0.0,0.0,-0.0045121078306284024,0.0,0.0
0.0,0.0,0.0,-0.0057460055957542725,0.0,0.0
0.0,0.0,0.0,-0.008309458562001529,0.0,0.0
0.0,0.0,0.0,-0.00079161302038263,0.0,0.0
0.0,0.0,0.0,-0.0019916405470891464,0.0,0.0
0.0,0.0,0.0,-0.0028910874501927547,0.0,0.0
0.0,0.0,0.0,-0.004451685767298231,0.0,0.0
0.0,0.0,0.0,-0.0075250778254883355,0.0,0.0
0.0,0.0,0.0,-0.0053055317601991905,0.0,0.0
0.0,0.0,0.0,-0.00644499842551873,0.0,0.0
0.0,0.0,0.0,-0.005929817882582753,0.0,0.0
0.0,0.0,0.0,-0.007629200271474061,0.0,0.0
0.0,0.0,0.0,-0.005213240553564135,0.0,0.0
0.0,0.0,0.0,-0.003757118623533289,0.0017023532614954006,0.0
0.0,0.0,0.0,-0.0034866547756230415,0.0,0.0
0.0,0.0,0.0,-0.0051431756633793305,0.0,0.0
0.0,0.0,0.0,-0.0008860553738696217,0.0,0.0
0.0,0.0,0.0,-0.001016705115942029,0.0,0.0
0.0,0.0,0.0,-0.002508866227789377,0.0,0.0
0,0,0,0,0,0
0,0,0,0,0,0
0,0,0,0,0,0
0,0,0,0,0,0
0.0,0.0,0.0,-0.00034162743928431856,0.0,0.0
0,0,0,0,0,0
0.0,0.0,0.0,-0.001971891401479635,0.0,0.0
0.0,0.0,0.0,-0.0020334561044523655,0.0,0.0
0.0,0.0,0.0,-0.0019160110982313517,0.0,0.0
0.0,0.0,0.0,-0.004171591175483813,0.0,0.0
0.0,0.0,0.0,-0.0014868855617746956,0.0,0.0
0.0,0.0,0.0,-0.007391583473125416,0.0,0.0
0.0,0.0,0.0,-0.0021428002472352937,0.0,0.0
0.0,0.0,0.0,-0.0030340153147391255,0.0012883091092630375,0.0
0.0,0.0,0.0,0.0,0.0003433662593063462,0.0
0.0,0.0,0.0,-0.00390807823465558,8.538112626798976e-05,0.0
0.0,0.0,0.0,-0.004096713893725219,0.0,0.0
0.0,0.0,0.0,-0.00551053762610716,0.0,0.0
0.0,0.0,0.0,-0.002924258513088745,0.0,0.0
0.0,0.0,0.0,-0.0026404368650171485,0.0,0.0
0.0,0.0,0.0,-0.0025910509982756983,6.0220039224727276e-05,0.0
0.0,0.0,0.0,-0.004461059904303276,0.0003881025912365912,0.0
0.0,0.0,0.0,-0.00751826667623597,0.0005017666839309354,0.0
0.0,0.0,0.0,-0.00796032131229056,0.003051533910945788,0.0
0.0,0.0,0.0,-0.006916406131826605,0.0009689631178176181,0.0
0.0,0.0,0.0,-0.0029453482573357243,0.0,0.0
0.0,0.0,0.0,-0.00311038390167741,0.0,0.0
0.0,0.0,0.0,-0.00678274805746919,0.0,0.0
0.0,0.0,0.0,-0.004020510742043419,0.0,0.0
0.0,0.0,0.0,-0.00462739181594232,0.0,0.0
0.0,0.0,0.0,-0.003502676756103264,0.0012975987804867103,0.0
0.0,0.0,0.0,-0.005445047789336219,0.0,0.0
0.0,0.0,0.0,-0.003723542200633728,0.0,0.0
0.0,0.0,0.0,-0.0005407716617918066,0.0,0.0
0.0,0.0,0.0,-0.0003035040522024055,0.0,0.0
0,0,0,0,0,0
0,0,0,0,0,0
0,0,0,0,0,0
0.0,0.0,0.0,-0.001451905164488691,0.0,0.0
0.0,0.0,0.0,-0.0048466579248424594,0.0,0.0
0.0,0.0,0.0,-0.002171166736760178,0.0,0.0
0.0,0.0,0.0,-0.0021940285007405872,0.0,0.0
0.0,0.0,0.0,-0.0019855456024868248,0.0,0.0
0.0,0.0,0.0,-0.001887931523379335,0.0,0.0
0.0,0.0,0.0,-0.0012553379612867757,0.0,0.0
0.0,0.0,0.0,-0.0034974614673161236,0.0,0.0
0.0,0.0,0.0,-0.0008790505694192148,0.0005699681546270348,0.0
0.0,0.0,0.0,-0.004797445097278264,0.00016565968713657173,0.0
0.0,0.0,0.0,-0.005033112040066556,0.0008312845121608067,0.0
0.0,0.0,0.0,-0.003115896725478493,0.0017093408446789981,0.0
0.0,0.0,0.0,-0.0023857681322310828,0.0011326482533066864,0.0
0.0,0.0,0.0,-0.003163115371511843,0.0,0.0
0.0,0.0,0.0,-0.0007037618271216059,0.0,0.0
0,0,0,0,0,0
0.0,0.0,0.0,-0.0008275536632653322,0.0,0.0
0.0,0.0,0.0,-0.001140795898764206,0.0,0.0
0.0,0.0,0.0,-0.003333130177596625,0.000699100068593919,0.0
0.0,0.0,0.0,-0.002003137253293768,0.00046119900487149625,0.0
0.0,0.0,0.0,0.0,0.0004148700846247625,0.0
0,0,0,0,0,0
0.0,0.0,0.0,0.0,0.000174458156922308,0.0
0.0,0.0,0.0,0.0,0.00031357205706330414,0.0
0.0,0.0,0.0,0.0,0.000854937595307664,0.0
0.0,0.0,0.0,-0.00038317966058144977,0.0005456716678784925,0.0
0.0,0.0,0.0,-0.0009883584801389166,0.0015295352561070594,0.0
0.0,0.0,0.0,-0.0005130204440258879,0.00026608703326734464,0.0
0.0,0.0,0.0,-0.000725413998904151,0.0,0.0
0.0,0.0,0.0,-0.0002528222638140138,0.0,0.0
0.0,0.0,0.0,-2.8614084637024048e-06,0.0,0.0
0.0,0.0,0.0,0.0,0.0004095893818216949,0.0
0.0,0.0,0.0,-0.0022642915373617878,0.002181490621358114,0.0
0.0,0.0,0.0,-0.0001399536644503639,0.0025522551715377257,0.0
0.0,0.0,0.0,-0.00034441478679383096,0.0,0.0
0,0,0,0,0,0
0.0,0.0,0.0,0.0,0.0010207856804662515,0.0
0.0,0.0,0.0,0.0,0.0005139524851923841,0.0
0.0,0.0,0.0,0.0,0.0008472521923078499,0.0
0,0,0,0,0,0
0.0,0.0,0.0,0.0,0.00021610288994184783,0.0
0,0,0,0,0,0
0,0,0,0,0,0
0,0,0,0,0,0
0.0,0.0,0.0,0.0,0.0002503658578942118,0.0
0,0,0,0,0,0
0,0,0,0,0,0
0,0,0,0,0,0
0,0,0,0,0,0
0,0,0,0,0,0
0.0,0.0,0.0,0.0,8.429524665019783e-05,0.0
0,0,0,0,0,0
0,0,0,0,0,0
0,0,0,0,0,0
0,0,0,0,0,0
0,0,0,0,0,0
0.0,0.0,0.0,0.0,4.7114208380357806e-05,0.0
0,0,0,0,0,0
0.0,0.0,0.0,-0.0015598556081517002,0.0,0.0
0,0,0,0,0,0
0,0,0,0,0,0
0,0,0,0,0,0
0,0,0,0,0,0
0,0,0,0,0,0
0,0,0,0,0,0
0,0,0,0,0,0
0,0,0,0,0,0
0,0,0,0,0,0
0,0,0,0,0,0
0,0,0,0,0,0
0,0,0,0,0,0
0,0,0,0,0,0
0,0,0,0,0,0
0,0,0,0,0,0
0,0,0,0,0,0
0,0,0,0,0,0
0,0,0,0,0,0
0,0,0,0,0,0
0,0,0,0,0,0
0,0,0,0,0,0
0,0,0,0,0,0
0,0,0,0,0,0
0.0,0.0,0.0,-0.0003275366644933377,0.0,0.0
0,0,0,0,0,0
0,0,0,0,0,0
0,0,0,0,0,0
0,0,0,0,0,0
0,0,0,0,0,0
0,0,0,0,0,0
0,0,0,0,0,0
0,0,0,0,0,0
0,0,0,0,0,0
0,0,0,0,0,0
0,0,0,0,0,0
0,0,0,0,0,0
0,0,0,0,0,0
0,0,0,0,0,0
0,0,0,0,0,0
0,0,0,0,0,0
0,0,0,0,0,0
0,0,0,0,0,0
0,0,0,0,0,0
0,0,0,0,0,0
0,0,0,0,0,0
0,0,0,0,0,0
0.0,0.0,0.0,0.0,0.0019244323842579308,0.0
0.0,0.0,0.0,0.0,0.0009078495567502976,0.0
0,0,0,0,0,0
0,0,0,0,0,0
0,0,0,0,0,0
0,0,0,0,0,0
0,0,0,0,0,0
0.0,0.0,0.0,0.0,0.0002524336134445225,0.0
0,0,0,0,0,0
0,0,0,0,0,0
0,0,0,0,0,0
0,0,0,0,0,0
0,0,0,0,0,0
0,0,0,0,0,0
0,0,0,0,0,0
0,0,0,0,0,0
0,0,0,0,0,0
0,0,0,0,0,0
0,0,0,0,0,0
0,0,0,0,0,0
0,0,0,0,0,0
0,0,0,0,0,0
0,0,0,0,0,0
0,0,0,0,0,0
0,0,0,0,0,0
0,0,0,0,0,0
0,0,0,0,0,0
0,0,0,0,0,0
0,0,0,0,0,0
0,0,0,0,0,0
0,0,0,0,0,0
0,0,0,0,0,0
0,0,0,0,0,0
0,0,0,0,0,0
0,0,0,0,0,0
0,0,0,0,0,0
0,0,0,0,0,0
0,0,0,0,0,0
0,0,0,0,0,0
0,0,0,0,0,0
0,0,0,0,0,0
0,0,0,0,0,0
0,0,0,0,0,0
0,0,0,0,0,0
0,0,0,0,0,0
0,0,0,0,0,0
0,0,0,0,0,0
0,0,0,0,0,0
0,0,0,0,0,0
0,0,0,0,0,0
0,0,0,0,0,0
0,0,0,0,0,0
0,0,0,0,0,0
0,0,0,0,0,0
0,0,0,0,0,0
0,0,0,0,0,0
0,0,0,0,0,0
0,0,0,0,0,0
0,0,0,0,0,0
0,0,0,0,0,0
0.0,0.0,-0.02505498018962269,0.0,0.0,0.0
0.0,0.0,-0.003618781042484383,0.0,0.0,0.0
0,0,0,0,0,0
0,0,0,0,0,0
0.0,0.0,-0.11293438799546292,0.0,0.0,0.0
0.0,0.0,-0.03352365322654524,0.0,0.0,0.0
0.0,0.0,-0.04454019906415067,0.0,0.0,0.0
0.0,0.0,-0.09902407549661132,0.0,0.0,0.0
0.0,0.0,-0.04204868492170463,0.0,0.0,0.0
0.0,0.0,-0.07239012888390606,0.0,0.0,0.0
0.0,0.0,-0.06014887156993948,0.0,0.0,0.0
0.0,0.0,-0.0706819974864771,0.0,0.0,0.0
0.0,0.0,-0.12309778866063756,0.0,0.0,0.0
0.0,0.0,-0.1635382809093728,0.0,0.0,0.0
0.0,0.0,-0.035880355471875236,0.0,0.0,0.0
0.0,0.0,-0.15162394568012957,0.0,0.0,0.0
0.0,0.0,-0.04578491500942049,0.0,0.0,0.0
0,0,0,0,0,0
0.0,0.0,-0.14898277329916101,0.0,0.0,0.0
0.0,0.0,-0.06208612217202112,0.0,0.0,0.0
0.0,0.0,-0.10085143805209654,0.0,0.0,0.0
0.0,0.0,-0.13709195277967112,0.0,0.0,0.0
0.0,0.0,-0.009398096113513983,0.0,0.0,0.0
0.0,0.0,-0.01646715139657238,0.0,0.0,0.0
0.0,0.0,-0.11161943485611658,-0.00029503122906463636,0.0,0.0
0.0,0.0,-0.0731458595055165,0.0,0.0,0.0
0.0,0.0,-0.08944916992875332,0.0,0.0,0.0
0.0,0.0,-0.02780948723595091,0.0,0.0,0.0
0.0,0.0,-0.06378345628710039,0.0,0.0,0.0
0.0,0.0,-0.16414366924375326,0.0,0.0,0.0
0.0,0.0,-0.10107628155723254,0.0,0.0,0.0
0.0,0.0,-0.10191073203327221,0.0,0.0,0.0
0.0,0.0,-0.12183847023176393,0.0,0.0,0.0
0.0,0.0,-0.10637697795408615,0.0,0.0,0.0
0.0,0.0,-0.07875431913990188,0.0,0.0,0.0
0.0,0.0,-0.0915300841121314,0.0,0.0,0.0
0.0,0.0,-0.033425073634486005,0.0,0.0,0.0
0.0,0.0,-0.02040654877359354,0.0,0.0,0.0
0,0,0,0,0,0
0.0,0.0,-0.027555475729942457,0.0,0.0,0.0
0.0,0.0,-0.0407482609662483,0.0,0.0,0.0
0.0,0.0,-0.0407482609662483,0.0,0.0,0.0
0.0,0.0,-0.021544893003204894,0.0,0.0,0.0
0.0,0.0,-0.021544893003204894,0.0,0.0,0.0
0.0,0.0,-0.03412645421340009,0.0,0.0,0.0
0.0,0.0,-0.012919038952634304,0.0,0.0,0.0
0,0,0,0,0,0
0.0,0.0,-0.0024585440720721525,0.0,0.0,0.0
