0,0,0,0,0,0
0,0,0,0,0,0
0,0,0,0,0,0
0,0,0,0,0,0
0,0,0,0,0,0
0,0,0,0,0,0
0,0,0,0,0,0
0,0,0,0,0,0
0,0,0,0,0,0
0,0,0,0,0,0
0,0,0,0,0,0
0,0,0,0,0,0
0,0,0,0,0,0
0,0,0,0,0,0
0.0,0.0,0.0,0.0,0.00038960248631706384,0.0
0,0,0,0,0,0
0,0,0,0,0,0
0,0,0,0,0,0
0,0,0,0,0,0
0,0,0,0,0,0
0,0,0,0,0,0
0,0,0,0,0,0
0,0,0,0,0,0
0,0,0,0,0,0
0.0,0.0,0.03057682603356048,0.0,0.0,0.0
0.0,0.0,0.03057682603356048,0.0,0.0,0.0
0.0,0.0,0.0016203464106752563,0.0,0.0,0.0
0.0,0.0,0.08290352391110364,-1.8775588427077953e-05,0.0,0.0
0.0,0.0,0.12245972633064912,0.0,0.0,0.0
0.0,0.0,0.12245972633064912,0.0,0.0,0.0
0.0,0.0,0.1934158455541719,0.0,0.0,0.0
0.0,0.0,0.27785963042932177,0.0,0.0001336363012230744,0.0
0.0,0.0,0.28389229407079386,0.0,0.0,0.0
0.0,0.0,0.35638354451086707,-0.00035709259995049135,0.0,0.0
0.0,0.0,0.3538789273763814,-0.0008722154839999978,0.0,0.0
0.0,0.0,0.435928047159965,0.0,0.00042909266513755176,0.0
0.0,0.0,0.435928047159965,0.0,0.00042909266513755176,0.0
0.0,0.0,0.5007225823698918,-0.0016190890566500405,0.00010227752474350369,0.0
0.0,0.0,0.5283577294986119,-0.0014364989099458613,0.0,0.0
0.0,0.0,0.6182056155490916,-0.0021008527650226393,0.0,0.0
0.0,0.0,0.6062667659001227,-0.0027816347600373736,0.0019612022651132365,0.0
0.0,0.0,0.6341556230908332,-0.0007498014549295352,0.0,0.0
0.0,0.0,0.57631086436426,-0.0026619794640656237,0.0,0.0
0.0,0.0,0.6890072098506622,-0.0037115520063431785,0.0,0.0
0.0,0.0,0.6225233912306087,-0.0011271358470100168,0.0,0.0
0.0,0.0,0.7170652349138836,-0.004900601618264921,0.0,0.0
0.0,0.0,0.6848795494523857,-0.00448719734330066,0.0,0.0
0.0,0.0,0.7891380098197327,-0.00738280339470609,0.0,0.0
0.0,0.0,0.76107241303598,-0.0072015433822130576,0.0,0.0
0.0,0.0,0.8323853499367868,-0.00401676025720772,0.0,0.0
0.0,0.0,0.8604252112432599,-0.009341792336202923,0.0,0.0
0.0,0.0,0.8995579942384865,-0.011749702030261747,0.0,0.0
0.0,0.0,0.9738211646054354,-0.009799303956843003,0.0,0.0
0.0,0.0,0.9872371493379071,-0.012107668325134102,0.0,0.0
0.0,0.0,0.9872371493379071,-0.012107668325134102,0.0,0.0
0.0,0.0,1.0609417616375447,-0.012985899476146362,0.0,0.0
0.0,0.0,1.1306866374120825,-0.016972601121234256,0.0,0.0
0.0,0.0,1.1077859959754266,-0.013287319304567896,0.0,0.0
0.0,0.0,1.2359613206476507,-0.018037565843154444,0.0,0.0
0.0,0.0,1.2272779188972,-0.01623418569100858,0.0,0.0
0.0,0.0,1.293766646934876,-0.017734873173314805,0.0,0.0
0.0,-0.013484011755918119,1.366391186512943,-0.017561274064526077,0.0,0.0
0.0,-0.1810392569756144,1.529613617220186,-0.013683736594836696,0.0,0.0
0.0,0.0,1.5235662033665434,-0.021269843475691476,0.0,0.0
0.0,-0.15489905438366347,1.591654749438086,-0.01803109765748106,0.0,0.0
0.0,-0.11819459486486143,1.6951126310280358,-0.021086713182797853,0.0,0.0
0.0,-0.034962844324538736,1.8124095448153565,-0.023000362315959047,0.0,0.0
0.0,-0.11760948192487083,1.7303756852123826,-0.02451568912604543,0.0,0.0
0.0,-0.1208512054847412,1.7572273465683401,-0.026959176157250252,0.0,0.0
0.0,-0.03136303213871764,1.8166591871570508,-0.02652680967435974,0.0,0.0
0.0,-0.04765947172607302,1.923052145861769,-0.024819802681466357,0.0,0.0
0.0,-0.025679323102126044,1.9114410064066045,-0.024693358569944496,0.0,0.0
0.0,0.0,1.8519797959900923,-0.02546947756838064,0.0,0.0
0.0,0.0,2.022681519779696,-0.02510608367919792,0.0,0.0
0.0,-0.07942922041446096,1.9512665784678607,-0.023467092587786408,0.0,0.0
0.0,-0.060205884471934604,2.0864195299991235,-0.025384103641283205,0.0,0.0
0.0,-0.16799743273007844,2.236547313443418,-0.027907044645898355,0.0,0.0
0.0,-0.26891871098273323,2.491550111588419,-0.03632686765128964,0.0,0.0
0.0,-0.11756523167492876,2.449469520268862,-0.04119148813076414,0.0,0.0
0.0,-0.32448642157349905,2.5925405983036613,-0.03184348700685775,0.0,0.0
0.0,-0.24145037634495065,2.6670853788524655,-0.03170765727973363,0.0,0.0
0.0,-0.03141052793460413,2.707029244355282,-0.0336039802864251,0.0,0.0
0.0,-0.22260878929998937,2.8442410880510964,-0.02859347628060771,0.0,0.0
0.0,-0.18697107595098045,2.9275584687369465,-0.03170345523133842,0.0,0.0
0.0,-0.338575149996451,2.8098764326349466,-0.03477126084123199,0.0,0.0
0.0,-0.3989024512764489,2.9352291602024705,-0.037023702050945725,0.0,0.0
0.0,-0.5155655547437306,2.9355803015734057,-0.038870688196375305,0.0,0.0
0.0,-0.24805301856460238,3.021124798584077,-0.042351279664027075,0.0,0.0
0.0,-0.20476647671757622,2.8589705521782736,-0.03742948008653933,0.0,0.0
0.0,-0.14437071964094847,3.1904527572207138,-0.03238387805291547,0.00011837000452735228,0.0
0.0,0.0,3.1894443869014033,-0.03266666612457538,0.0,0.0
0.0,-0.012811341185956924,3.2927919674770507,-0.03187060951020663,0.0,0.0
0.0,-0.06629193812297995,3.3068113359538307,-0.03306078248233837,0.0,0.0
0.0,-0.21897052217462204,3.2896008481240586,-0.02921098817884197,0.0,0.0
0.0,-0.3655618306320755,3.1998959104503215,-0.031558935288375375,0.0,0.0
0.0,-0.12287413884626668,3.376333405632809,-0.03916286425531719,0.0,0.0
0.0,-0.2654055876617144,3.3717130753651903,-0.0310138756555583,0.0,0.0
0.0,0.0,3.4094033182388985,-0.038017855788753545,0.0,0.0
0.0,-0.1099637665488867,3.5466015054562625,-0.03046946671059809,0.00029477762379948654,0.0
0.0,0.0,3.6160948424859916,-0.03511110933375003,8.22688855017477e-05,0.0
0.0,-0.287691545472571,3.572092813111734,-0.03000530698789794,0.0,0.0
0.0,-0.1576196749245822,3.58720774818284,-0.03586425960869872,0.0,0.0
0.0,-0.2023570062757772,3.7434227962180926,-0.036800821408317544,0.00040398628170847876,0.0
0.0,-0.2141804538506916,3.859964734377159,-0.036937768922608194,0.0,0.0
0.0,-0.2337719546841691,4.129777703580309,-0.040691001998732226,0.0,0.0
0.0,-0.3917317229952755,4.185191335639525,-0.04082145507974162,0.0017969941183132731,0.0
0.0,-0.3814552705725177,3.972711072333695,-0.041016276003250036,0.000145382845220795,0.0
0.0,-0.44596155590596115,4.18981426873979,-0.03804589281054737,0.0013062015377033383,0.0
0.0,-0.45899708219219315,4.236250285589736,-0.0439249116093081,0.003205432408940196,0.0
0.0,-0.3778024742542221,4.439643767601034,-0.048833717761674486,0.0005781636452709286,0.0
0.0,-0.4109633740869678,4.681211490280184,-0.04508306447847807,0.0,0.0
0.0,-0.42204781280068343,4.522343820562488,-0.047150819485312016,0.0,0.0
0.0,-0.3668866573901318,4.495838261353137,-0.046808162236010545,0.0,0.0
0.0,-0.55747355829425,4.44334817605435,-0.042027869945635406,0.0005272266058526482,0.0
0.0,-0.5562305553063452,4.586060709345253,-0.04014937475007001,0.000606547806782809,0.0
0.0,-0.17437561972357335,4.778709145951149,-0.05107364320175062,0.0,0.0
0.0,-0.568327184215605,4.667569097031786,-0.04688253322814912,0.004061036223340341,0.0
0.0,-0.5159433057364953,4.820896137468701,-0.0496285404685555,0.004597943145331311,0.0
0.0,-0.567120381090874,4.822050876202541,-0.05111814207617128,0.003387962331064144,0.0
0.0,-0.782524200398252,5.124604940075117,-0.05136992585260234,0.004641442389338185,0.0
0.0,-0.7966970464792114,4.946834940985962,-0.057552751771672225,0.007837875318540247,0.0
0.0,-0.3966084889772694,5.141055029660732,-0.06311576145601724,0.003676075412248829,0.0
0.0,-0.6224343256744634,5.360496398870132,-0.050430065687454076,0.0029935100858239257,0.0
0.0,-0.4854330099162392,5.358224613016849,-0.04983657944115391,0.0034351224137129264,0.0
0.0,-0.5785692205153238,5.376875992451431,-0.052324557261926787,0.0015102518134066188,0.0
0.0,-0.8787493882328172,5.440342057269612,-0.055332814506758296,0.00013955794366206104,0.0
0.0,-0.6797463626807876,5.301121634161905,-0.06518364899692998,0.001730827770610914,0.0
0.0,-0.8193187246822056,5.491328096540852,-0.06055065287529628,0.0,0.0
0.0,-0.6929230629003615,5.473935003878447,-0.0600086296880011,0.0,0.0
0.0,-0.7711538607779284,5.424075673926934,-0.05670995642389689,0.0006123736445979126,0.0
0.0,-0.5769278615420995,5.567008605810827,-0.057245741237959634,0.00044821088539372025,-0.0005642831945615343
0.0,-0.5924062857644831,5.615296133617952,-0.049425480825083565,0.0012021225375227383,-0.0015777017008771189
0.04334777504247724,-0.6085962926074578,5.6406855895926125,-0.047745656424216035,0.0,-0.0002735584756572135
0.11099016409135935,-0.5710432610666919,5.720184817410066,-0.04767037643241119,0.0,-0.0028487921737884335
0.10344170013864071,-0.5691180312693687,5.679911547044642,-0.04753621765942227,0.0,-0.0036049352038428836
0.2048018075595031,-0.5661908069581512,5.799893481704961,-0.0450593234567717,0.0,-0.0038387770054254524
0.22941314957851486,-0.5352996558071138,5.819799782606853,-0.04419005716729038,0.0,-0.005892988991143496
0.19678811481398012,-0.4886092109559653,5.687093056218615,-0.045463972012210765,0.0,-0.008492653413097503
0.2419743485227251,-0.3109902791165603,5.811726013148752,-0.04818687435218427,0.0,-0.007334428986596165
0.35165786732850385,-0.5145235145257868,5.686635744209759,-0.04428265015114424,0.0,-0.007017781498971015
0.33970079825632205,-0.6303159981897861,5.545315304482485,-0.0466350410841788,0.0,-0.004665652550815516
0.5437093720068138,-0.5947194727588496,5.864721424968984,-0.046513258037628784,0.0,-0.008728591554495109
0.47679430377778875,-0.5641674708550207,5.856894242173623,-0.04689860873221184,0.0,-0.010604391420542706
0.3745079003654241,-0.7719354989963082,6.166820739280935,-0.05180009594065034,0.0,-0.009321191998104087
0.07308564866644962,-0.7140907461415409,5.940126878291705,-0.0629751681165117,0.0008925055752502244,-0.010610767226647869
0.0,-0.7080974710623085,6.031112543178335,-0.06693454845744114,0.0014861318590532729,-0.013766784158918719
0.13891496863528077,-0.7851338511103924,6.327486295510113,-0.058781304765996856,0.0026303213263259555,-0.010581813416413018
0.0,-0.6687396152587498,6.544028126668413,-0.05888924633085334,0.00045331589016898267,-0.011808565019560225
0.0,-0.8658259765520894,6.47982016519354,-0.060686019887456435,0.0,-0.012028722297352423
0.0,-1.011373605293691,6.371690979388243,-0.06191883488585335,0.0030226015093186447,-0.012641799886397909
0.0,-0.8070988124572294,6.399775313762644,-0.058431697046060195,0.002097887240200114,-0.007911416243566604
0.021226082784909863,-0.5935761241660122,6.409476315061909,-0.05455514628433813,0.0,-0.012414846347202349
0.2481133251010404,-0.7431462482129408,6.414334080431281,-0.0449587058183757,0.0,-0.007223110534122615
0.2523968516805852,-0.4761705461143846,6.226549652068812,-0.04756454386448485,0.0,-0.010451415000244784
0.18516959951940531,-0.5852912787554473,6.241668460499442,-0.0488370727538629,0.0,-0.009984927678118873
0.0241486069687515,-0.5678152830354639,6.31909458808208,-0.054669392696744236,0.0,-0.011290600373710939
0.07700904943296621,-0.6518598358416589,6.308382579482625,-0.05219707829377699,0.0,-0.011712066277309507
0.08298348177540596,-0.4017254312382773,6.103410581052971,-0.05938626683699445,0.0,-0.009458691116496139
0.4682747524182897,-0.5841786992904019,5.960503952926908,-0.04719585092251362,0.0,-0.008767288595579363
0.5838049026117448,-0.35833151045680434,6.206533618256744,-0.045055844247009064,0.0,-0.008977469544403389
0.3758714624714808,-0.537794959129632,6.155569518441119,-0.04287465893411825,0.0,-0.00801965433081743
0.06976156407256065,-0.7331884879723294,6.1341042068392255,-0.051413668341552456,0.00020973774449235084,-0.009260703819103893
0.0,-0.6660892210805953,6.059426037462455,-0.0645024423155432,0.004001841731227702,-0.012116533076154274
0.0,-0.5444598358074175,6.492427438628771,-0.06445362831344036,0.0063929727019726625,-0.01247001812184227
0.0,-0.6211165218190623,6.2137313349741685,-0.06025088165348287,0.006097448494883732,-0.008219836424654963
0.0,-0.43004167699682405,6.18770462116124,-0.058319521040675074,0.0009549597289354728,-0.011134616432409514
0.23478073214673753,-0.223735767789469,5.947107404508693,-0.04161009353777929,0.0,-0.0075476282433079005
0.5378636849978289,-0.18338261140818454,6.091447474669109,-0.02445673578041239,0.0,-0.00661009072074868
0.4039144690830033,0.0,6.0025377396524835,-0.02644102859232079,0.0,-0.0060142841530198485
0.3174517092767169,0.0,5.8767221342550195,-0.0316933359144404,0.0,-0.007452845896022489
0.27877275437619764,0.0,5.8938691292094365,-0.041279247081978915,0.0,-0.003882477662267801
0.07576546433764939,-0.03910988227726974,5.7400554067819,-0.043432263356441604,0.0,-0.0056792808112334815
0.2538499734197449,-0.3173446186231303,6.056125414188392,-0.04725976843966596,0.0,-0.005166871053929658
0.0,-0.4183104019535177,6.043832606535846,-0.060798034528650916,0.0,-0.00439407221309455
0.15132671112122667,-0.48040898092415973,5.820170293803166,-0.06224953882643114,0.0018901598983756172,-0.0024097602484836507
0.08631664027164884,-0.39078514754357696,6.246013036475254,-0.05406663266083034,0.0,0.0
0.2134284032750661,-0.14994249453378003,6.332035512615823,-0.05499490578970112,0.0,0.0
0.301187767031483,-0.4563255820312099,6.166808202976958,-0.05959957493592124,0.0,0.0
0.3862172324376264,-0.5225611546661703,5.994263999476132,-0.06341613879694938,0.0,0.0
0.7074435612621925,-0.32954794876883114,6.260484415280101,-0.05470891192121872,0.0,0.0
0.9788874698053943,-0.28095639846070763,6.1174901250866665,-0.04522232894353676,0.0,0.0
0.6227548205494609,-0.25954517363160995,5.896623958162597,-0.054955330902368114,0.0,0.0
0.33299625990982357,-0.2408648240159923,5.818809722079346,-0.05882381370490598,0.0,0.0
0.3572509412337865,-0.49427106725485037,6.034976329604076,-0.05763547834812464,0.0,0.0
0.25197833093086686,-0.4206844022595296,5.959168761861763,-0.06701245355133378,0.0,0.0
0.312701730940499,-0.6428204514167907,5.747741561159324,-0.06106256612446048,0.0,0.0
0.3000298925122031,-0.4100614939417529,5.534490499590022,-0.06081751832387781,0.0,0.0
0.5548339189886063,-0.45992987843517463,5.679393022489451,-0.05037292332143799,0.0,0.0
0.3283028889160741,-0.3051555104731645,5.420465807582135,-0.047369577274247225,0.0,0.0
0.5408146421949865,-0.393312757633141,5.325635834277155,-0.04452213663956374,0.0,0.0
0.6263459338228372,-0.21756151470930796,5.165763861843436,-0.04731693080553742,0.0,0.0
0.7615259417128529,0.0,5.174839606557103,-0.03650022789925973,0.0,0.0
0.5433328081212127,0.0,5.283212658356718,-0.0380647322556763,0.0,0.0
0.23004691287990148,-0.1242675991940481,5.081290366959012,-0.042398630003394666,0.0,0.0
0.0,-0.20172027383829944,4.885652204515492,-0.05337912724985407,0.00010644008278831497,0.0
0.03485091861381902,-0.10542795438850602,5.035508925758206,-0.051246443739583855,0.00669208350550945,0.0
0.0,-0.09300503920000856,5.373872839814149,-0.03158112423742238,0.0,0.0
0.0,0.0,5.066675282429619,-0.03914192545065744,0.0,0.0
0.14057474768922604,0.0,4.882703737884207,-0.031652569101901375,0.0,0.0
0.24394589850090148,0.0,5.143005138823629,-0.020006827037693957,0.0,0.0
0.19686234808780761,0.0,5.406033788286436,-0.015552377477279883,0.0,0.0
0.0,0.0,5.165731896541989,-0.022537381505910475,0.0,0.0
0.0,-0.04662622169655181,5.07715852655973,-0.037421836255700544,0.0029869825510183763,0.0
0.0,-0.06339712566060905,4.881288106396629,-0.06350629706515501,0.0053928175401543234,0.0
0.0,-0.43224353214464656,4.944218535228154,-0.0764813115930045,0.005361879273477718,0.0013414897472894699
0.0,-0.7099170725003684,4.88679536533297,-0.08740371467753168,0.003524188242153915,0.0030571389178634485
0.23519473549571432,-0.8965386102198154,4.541210008768468,-0.08270113398236563,0.0,0.004822771828497744
0.3542202210474513,-0.700911607284133,4.363722227094433,-0.07504864777640431,0.0,0.004030603322073245
0.42123597615456443,-0.4420365772587361,4.430981912435269,-0.06317553380167898,0.0,0.008802001291831282
0.38656343244891517,-0.20986596288749126,4.388522728446587,-0.05772041204891434,0.0,0.006578356131025623
0.25762170668885387,-0.38805108403682237,4.219757028582592,-0.051247741828871055,0.0,0.006355857526697831
0.18820405425535375,-0.42612629993378126,4.014198060726037,-0.06129886964128438,0.0,0.005240237230987692
0.3216630563940079,-0.45454588430262965,4.084536046839675,-0.0620704430855352,0.0,0.005122019075303163
0.41079635262213426,-0.6052204639942734,4.053684745102091,-0.05602565666651547,0.0,0.00400391933901465
0.5794941523156169,-0.4316858572022414,4.209717017986137,-0.05133681757002264,0.0,0.0056383587446518155
0.36708811290011345,-0.2074202057840165,4.163262303490873,-0.04834591108021753,0.0,0.003976250716995665
0.3121938061139792,0.0,4.012355866361698,-0.0378012381571616,0.0,0.003730576013836999
0.2200719139346376,0.0,4.051203729415079,-0.023367264297094355,0.0,0.0036249512593635722
0.504499009126995,0.0,4.2794707668782035,-0.014441745799059495,0.0,0.000662436907471513
0.5355581169008604,0.0,4.07300079880416,-0.02044522494849173,0.0,0.0018135790107624433
0.5939219624004315,0.0,4.1485538008380995,-0.027872697714186496,0.0,0.0022008430240675007
0.3099880604566926,0.0,4.079189059770721,-0.03455349659590005,0.0,0.0004397808981811503
0.35368108415173727,0.0,4.177339455091228,-0.03563360373095463,0.0,0.002720179747499984
0.0,0.0,4.254888090196707,-0.04149285331760558,0.0,0.0012711208272517213
0.0,0.0,3.958819794084584,-0.04197048315617926,0.0,0.0
0.0,0.0,3.8429634993546147,-0.034770489172482474,0.0,0.0012810296770357564
0.1995670083813928,0.0,4.128568274697089,-0.02008791899467786,0.0,0.0007852382479930708
0.1486873971717551,0.0,4.2509152836814135,-0.019323359950049555,0.0,0.0017985206895652054
0.0,0.0,4.0782913557735005,-0.03258754491391329,0.0,0.0
0.0,0.0,4.038847766091876,-0.05074710657918828,0.009507936009937459,0.0
0.0,-0.07410710823726131,4.04212061217295,-0.051983575344272316,0.017979567037525648,0.0
0.0,0.0,4.158065839211234,-0.04055435284954603,0.020317208202698497,0.0
0.0,0.0,4.51275476802385,-0.0302796414878913,0.006166401183753917,0.0
0.0,0.0,4.244833441741343,-0.017625403573116448,0.0001019636127120682,0.0
0.14920635127256424,0.0,4.204701333321486,-0.013132559663859534,0.0,0.0
0.5764502229993886,0.0,4.336734580239309,-0.005955374121295678,0.0,0.0
0.7095856627846147,0.0,4.149360026039789,-0.007744710407061509,0.0,0.0
0.2616434202002861,0.0,4.127796683269533,-0.026094798414139482,0.0,0.0
0.0,-0.5068509259764868,4.0776625037027445,-0.05551472092284587,0.0,0.0
0.0,-0.8370234284203493,4.085897277569838,-0.08278867203880098,0.010034724024378319,0.0
0.0,-0.7548525980634523,4.000245642160062,-0.08346315830754591,0.0051064306570534,0.0
0.08464808504175936,-0.21347955667614665,4.17508048776485,-0.06827469507025617,0.0,0.0
0.5976794911279322,-0.03833954768032998,4.183627226705179,-0.03828084131125277,0.0,0.0
0.8285049554669464,0.0,4.113343764619755,-0.022356614107004756,0.0,0.0
0.6158724389902446,0.0,4.224969552040758,-0.02035818569824716,0.0,0.0
0.0449730047519807,0.0,4.172027768496269,-0.024105592896472967,0.0,0.0
0.0,-0.20073498199317732,4.2093596963206314,-0.047096979233166344,0.005365200873754557,0.0
0.0,-0.6574419956740181,4.096396753934243,-0.06960000726601558,0.01705393350851879,0.0
0.0,-0.8577139358985832,3.91629939044201,-0.07308388215384923,0.017660871850735987,0.0
0.0,-0.15937745004314474,3.9852625340107566,-0.04958139629313356,0.0,0.0
0.3424352892167775,0.0,4.070957091142123,-0.02287890952844309,0.0,0.0
0.4894332322646401,0.0,3.9580200517436963,-0.016750223855965522,0.0,0.0
0.26565813851924935,0.0,3.713591045560156,-0.007988713919065431,0.0,0.0
0.02339864250583262,0.0,3.822343524996552,-0.011570051607876553,0.0,0.0
0.0,0.0,4.007329653805784,-0.024603621201270038,0.0007911986701636707,0.0
0.0,0.0,3.7621337314171894,-0.040399647248054685,0.008807530322977555,0.0
0.0,0.0,3.4826876425073996,-0.04532763812993189,0.0029613976284994696,0.0
0.0,0.0,3.729808068196506,-0.024367640591469543,0.0,0.0
0.131322140476153,0.0,4.010969150462771,-0.00681064909779464,0.0,0.0
0.0,0.0,3.7265284857068535,-0.007816890072756663,0.0,0.0
0.0,0.0,3.636955528832697,-0.008970171595658407,0.0012038829328075522,0.0
0.0,0.0,3.753959542542146,-0.013990558689347782,0.00931934769853369,0.0
0.0,0.0,3.938144016399337,-0.01656703094951445,0.011375676491925309,0.0
0.0,0.0,3.9992840072885976,-0.03187628017530657,0.005660485769148512,0.0
0.0,-0.054330514954672046,3.795977520771045,-0.04513901788708412,0.004194932138656947,0.0
0.0,0.0,3.8355997955804,-0.04122444173516661,0.0,0.0
0.3127853538410021,0.0,4.056412896522596,-0.019302806948841712,0.0,0.0
0.34033281170086777,0.0,4.489030333257751,-0.017457862391634178,0.0,0.0
0.23461450040459536,0.0,4.14264795768939,-0.03186062167936301,0.0,0.0
0.0,-0.2671853207593172,4.036453985607973,-0.04966693276029556,0.0,0.0
0.05664712604499851,-0.3937759043354489,4.281021102171831,-0.056663202128092414,0.0,0.0
0.09974522565997121,-0.5217452036628613,4.738004372815317,-0.04572907899406644,0.0,0.0
0.3523866821515639,-0.5407663920348662,4.585530818527145,-0.04729461358290702,0.0,0.0
0.2952807287272156,-0.2301769864163344,4.284977845053036,-0.05416990710519792,0.0,0.0
0.3756414205053098,-0.10014827020637533,4.263872979803017,-0.042222890451285654,0.0,0.0
0.0,-0.10990225857802419,4.537378325794743,-0.03168231792290137,0.0,0.0
0.0,0.0,4.289071247650174,-0.039646813191354845,0.00025033954206105346,0.0
0.0,-0.1306394176439113,4.0915456519603355,-0.04096391838202577,0.006859657870704855,0.0
0.0,0.0,4.4916928340521975,-0.022531008909757226,0.0,0.0
0.0,0.0,4.3368810486234635,-0.02151331745005678,0.0,0.0
0.0,0.0,4.324230593419737,-0.015002471360815178,0.0,0.0
0.0,0.0,4.129818726944725,-0.02503425730155535,0.0,0.0
0.0,0.0,4.183495172487749,-0.023260555045390204,0.0,0.0
0.0,0.0,4.428627070280327,-0.023044503343348496,0.0010383278134843698,0.0
0.0,0.0,4.176060084873499,-0.021343533042357032,0.0034682582197282418,0.0
0.0,0.0,4.0138731945898005,-0.021286334877740704,0.0,0.0
0.0,0.0,4.001244610902296,-0.016205411134157428,0.0,0.0
0.0,0.0,4.250901834822459,-0.012923290913607263,0.0,0.0
0.0,0.0,4.343269079863825,-0.0176602910154147,0.0014183073389883666,0.0
0.0,0.0,4.373347498501748,-0.01738977184256018,0.002617483660889769,0.0
0.0,0.0,4.581782825449273,-0.01939614171714324,0.012743549805699297,0.0
0.0,0.0,4.421085030272078,-0.029130222004049567,0.016520768777976355,0.0
0.0,0.0,4.341012897310035,-0.022979536863923934,0.006823743466651341,0.0
0.0,0.0,4.718771265481778,-0.012542655837210431,0.0,0.0
0.0,0.0,4.771508685168586,-0.010929094234056858,0.0005110822739997319,0.0
0.0,0.0,4.720257128807709,-0.025655582461298863,0.004062043364311471,0.0
0.0,0.0,4.7593930963908235,-0.026542053366436648,0.009595909527511411,0.0
0.0,0.0,4.919881202121504,-0.038287468390811076,0.009034414946763469,0.0
0.0,0.0,4.9246974783901,-0.04174153602032223,0.004263396703345405,0.0
0.0,0.0,5.118181664566913,-0.028143779013150655,0.0,0.0
0.0,0.0,5.15481381623007,-0.021430479494456485,0.0,0.0
0.0,0.0,5.312374761807123,-0.0244501679842516,0.0,0.0
0.0,0.0,5.237549462256611,-0.03261268457885337,0.0025305764254600826,0.0
0.0,0.0,5.249615310111963,-0.05240223016296082,0.004148769150173993,0.0
0.0,-0.12056728376584407,4.99951338860214,-0.052841056343042356,0.005622747992229464,0.0
0.0,0.0,5.254577400942461,-0.042634963760011156,0.002033151695716371,0.0
0.0,0.0,5.138704381384683,-0.022983261694769698,0.0,0.0
0.0,0.0,4.902532698697714,-0.015977076873898394,0.0,0.0
0.0,0.0,5.284946408989855,-0.007663203963322348,0.0,0.0
0.0,0.0,5.087060756311638,-0.0147168095789595,0.0,0.0
0.0,0.0,4.899058156786749,-0.025972792053533388,0.0004093726598682908,0.0
0.0,0.0,4.765665737248368,-0.03468673392173527,0.0015348541447059018,0.0
0.0,0.0,5.449492906238257,-0.02165221595990836,0.0,0.0
0.0,0.0,5.663933646860255,-0.018707961757846885,0.0,0.0
0.0,0.0,5.326349270852542,-0.03033810518103756,0.0,0.0
0.0,0.0,5.369128696259269,-0.027337578024190047,0.0,0.0
0.0,0.0,5.37276086524033,-0.021721496554568277,0.007595798522770614,0.0
0.0,0.0,5.773566254524043,-0.007504097797663825,0.0,0.0
0.0,0.0,5.826477390449774,-0.00677929002164959,0.0,0.0
0.0,0.0,5.444276809091742,-0.01199911126523124,0.0,0.0
0.0,0.0,5.7225422694602575,-0.01882110555993536,0.00034284904967036103,0.0
0.0,0.0,5.911001521334013,-0.022255194549716674,0.011554935374265125,0.0
0.0,0.0,6.060855472016516,-0.029430608909814988,0.022759536068527524,0.0
0.0,0.0,5.550874165716922,-0.03140723973716744,0.030464797925090808,0.0
0.0,0.0,5.582853209487226,-0.018794670591733908,0.016157066216146567,0.0
0.0,0.0,6.028000983533233,-0.01110595710596411,0.011151828787440126,0.0
0.0,0.0,6.263672595944463,-0.009601260585312929,0.01561944045553731,0.0
0.0,0.0,5.660979821159397,-0.018509460643925328,0.014261472728229968,0.0
0.0,0.0,5.668959159202964,-0.010190843988894693,0.009377771137532073,0.0
0.0,0.0,5.980230855086036,-0.00017956534608356937,0.0,0.0
0.0,0.0,5.911370217343193,-0.005221774856715441,4.1970849722769665e-05,0.0
0.0,0.0,5.337707947606948,-0.01374592240017855,0.007013155108595624,0.0
0.0,0.0,5.600448696207482,-0.010952314954116426,0.00675975333911802,0.0
0.0,0.0,5.776087453043,-0.010478493725155764,0.006700309917383476,0.0
0.0,0.0,5.786542525775163,-0.017613201515374283,0.01103623101767236,0.0
0.0,0.0,5.752658822897624,-0.01915187278695428,0.007943928812767002,0.0
0.0,0.0,5.8384553847844955,-0.026078949984016303,0.015522652622128204,0.0
0.0,0.0,6.107087102034762,-0.022919327358149055,0.01107372949512676,0.0
0.0,0.0,6.40518235979702,-0.02305768793297939,0.008440434627385857,0.0
0.0,0.0,6.0212153498410785,-0.031968399845736795,0.007803242661805429,0.0
0.0,0.0,6.228703246184947,-0.03016796237044801,0.006838720699544365,0.0
0.0,0.0,6.841190083864214,-0.018388410956943064,0.00363884453339629,0.0
0.0,0.0,6.6945486849617595,-0.017481440869804847,0.00013021387109339038,0.0
0.0,0.0,6.6672834363919495,-0.025068039608684662,0.0038468435079806124,0.0
0.0,-0.1558753619304096,6.637980387432276,-0.026978941608531343,0.008624737149417435,0.0
0.0,0.0,6.870624331783736,-0.02297923039716185,0.0006727340234327523,0.0
0.0,0.0,7.153520799475788,-0.024616269153975537,0.00615741580442141,0.0
0.0,-0.06104410911516626,6.628580482245243,-0.033400480278998945,0.01610565978741851,0.0
0.0,-0.3412455295629765,6.368846906942502,-0.02110096482460236,0.01502894640753496,0.0
0.0,0.0,6.517562427583938,-0.016467333720369563,0.005438520389550293,0.0
0.0,0.0,6.3841397707952705,-0.007226059719938921,0.005608364360712208,0.0
0.0,0.0,6.062732191326357,-0.0007601200219680301,0.0,0.0
0.0,0.0,6.033563328043497,0.0,0.0,0.0
0.0,0.0,6.202259806691947,-0.005813525548884357,0.0065100567777172545,0.0
0.0,0.0,5.958522943718953,-0.014910618847800896,0.007004364578968057,0.0
0.0,0.0,5.999796636472697,-0.021012302306411112,0.0043480176787705025,0.0
0.0,0.0,5.768864063165045,-0.03060230945007092,0.008397048658348998,0.0
0.0,0.0,6.018829172170746,-0.027012575426058207,0.0,0.0
0.0,0.0,6.348175022984326,-0.014758182563749028,0.0,0.0
0.0,0.0,5.940731647908994,-0.026490854637028483,0.005228540217093798,0.0
0.0,0.0,5.9360217169761125,-0.019955757399254936,0.005111766889116516,0.0
0.0,0.0,6.256199381031857,-0.003181646072576114,0.005301928107117009,0.0
0.0,0.0,6.360013836826033,-0.006838869937369299,0.007781194318975139,0.0
0.0,-0.03465569255912879,5.739214234511325,-0.022926955316704682,0.01674866623657157,0.0
0.0,-0.03465569255912879,5.739214234511325,-0.022926955316704682,0.01674866623657157,0.0
0.0,0.0,6.122480067738694,-0.0025669816764296257,0.005035447835069814,0.0
0.0,0.0,6.122480067738694,-0.0025669816764296257,0.005035447835069814,0.0
0.0,0.0,5.726421893612505,-0.015937322463982412,0.028296422298950456,0.0
0.0,0.0,5.726421893612505,-0.015937322463982412,0.028296422298950456,0.0
0.0,0.0,5.942924205683368,-0.009946104938945639,0.018251646482012968,0.0
0.0,0.0,6.099029138140064,0.0,0.0041266728315337035,0.0
0.0,0.0,5.973960188220747,0.0,0.002188636686728688,0.0
0.0,0.0,5.640149080994269,-0.0007757657915586798,0.004587404160724251,0.0
0.0,0.0,5.620718143318892,-0.0013912985085415552,0.005531025815001783,0.0
0.0,0.0,5.812818886755239,0.0,0.0,0.0
0.0,0.0,5.812818886755239,0.0,0.0,0.0
0.0,0.0,5.741867984921433,-0.0010530619340489993,0.008132177344118665,0.0
0.0,0.0,5.468237501127379,-0.00864638098467654,0.013666678459736792,0.0
0.0,0.0,5.68425386633997,-0.004553556205149021,0.008032645590907703,0.0
0.0,0.0,6.115198692599175,-0.003005030076310959,0.012818475293855916,0.0
0.0,0.0,6.074579520924092,-0.012886260539852335,0.015119067042007809,0.0
0.0,0.0,5.670157336168873,-0.012752497459245246,0.011060868817553141,0.0
0.0,0.0,6.328863620458834,-0.005419053307009278,0.001775713426054375,0.0
0.0,0.0,6.48497829910112,-0.0009625231397000372,0.003912929501677704,0.0
0.0,0.0,6.444259880695799,0.0,0.0014463476392312046,0.0
0.0,0.0,6.168842930569747,-0.003618361209460448,0.005344949818563971,0.0
0.0,0.0,6.682735255811136,-0.014066758416243202,0.006987861222131996,0.0
0.0,0.0,6.511505281458166,-0.0156247875584619,0.013768999465856085,0.0
0.0,0.0,6.19263613513339,-0.01382799541969341,0.005112855277401446,0.0
0.0,0.0,6.300836337550178,-0.002899308506411904,4.4325103874740034e-05,0.0
0.0,0.0,5.707315312273878,0.0,0.0,0.0
0.0,0.0,5.824047930015649,0.0,0.0,0.0
0.0,0.0,5.64811274087215,0.0,0.0,0.0
0.0,0.0,5.46572033667545,0.0,0.0,0.0
0.0,0.0,5.786265751465644,0.0,0.0,0.0
0.0,0.0,6.240036493038806,0.0,0.0040683014357620045,0.0
0.0,0.0,6.14745564925318,-0.007033310268677309,0.006621832648875059,0.0
0.0,0.0,6.11194009084079,-0.008588707357083393,0.007202638653571648,0.0
0.0,0.0,6.117071871923765,-0.003923081891440092,0.0040368854369859045,0.0
0.0,0.0,6.6417784082436615,0.0,0.0055528970880398335,0.0
0.0,0.0,6.05581945506081,-0.0003768709519932015,0.005123876179480772,0.0
0.0,0.0,5.936813316326703,0.0,0.004386222412778344,0.0
0.0,0.0,6.024671854583645,0.0,0.005440516816772378,0.0
0.0,0.0,5.904990928554242,0.0,0.005599121629551567,0.0
0.0,0.0,5.470009240015728,0.0,0.008796797459091012,0.0
0.0,0.0,5.122130818915876,0.0,0.003381563518639974,0.0
0.0,0.0,5.302858246053546,0.0,0.0,0.0
0.0,0.0,5.583714209015052,0.0,0.0,0.0
0.0,0.0,5.660443439062563,0.0,0.0,0.0
0.0,0.0,5.4073905058761484,0.0,0.0,0.0
0.0,0.0,5.5744103921797254,0.0,0.0,0.0
0.0,0.0,6.163490620472038,0.0,0.0,0.0
0.0,0.0,6.535488080536199,0.0,0.0034757391348191314,0.0
0.0,0.0,6.028632488263798,0.0,0.01367725820917159,0.0
0.0,0.0,6.072954281560447,-0.0016765745818099896,0.008780960437467721,0.0
0.0,0.0,6.714915859445243,0.0,0.0020168189958675075,0.0
0.0,0.0,6.3352942057646855,0.0,0.003092350906078415,0.0
0.0,0.0,5.675454895325954,0.0,0.0,0.0
0.0,0.0,5.880012897954993,0.0,0.0,0.0
0.0,0.0,5.903394898499964,0.0,0.006239266055616465,0.0
0.0,0.0,5.764797648561556,0.0,0.005194396063259092,0.0
0.0,0.0,5.642867330680392,0.0,0.0014645478193195944,0.0
0.0,0.0,5.33431833604463,0.0,0.0,0.0
0.0,0.0,5.382589600298528,0.0,0.0004958243342906484,0.0
0.0,0.0,5.939513689443503,0.0,0.0,0.0
0.0,0.0,5.342628889550228,0.0,0.0,0.0
0.0,0.0,5.019600624330997,0.0,0.0,0.0
0.0,0.0,5.371455941677586,0.0,0.005256609749902162,0.0
0.0,0.0,5.397309511548334,0.0,0.0023952909307788455,0.0
0.0,0.0,4.987523567522802,0.0,0.008433692903753037,0.0
0.0,0.0,4.674387840509483,0.0,0.0022886101210797304,0.0
0.0,0.0,4.815230728065901,0.0,0.0,0.0
0.0,0.0,5.034932950948456,0.0008898350228769948,0.0,0.0
0.0,0.0,4.687023518464715,0.0,0.0,0.0
0.0,0.0,4.598968956223109,0.0,0.0,0.0
0.0,0.0,4.895094036573642,0.0,0.0,0.0
0.0,0.0,5.137077468813587,0.0,0.0001289067236771737,0.0
0.0,0.0,5.15800663412706,0.0,0.009068129106757361,0.0
0.0,0.0,5.129881258507707,0.0,0.007548049529033983,0.0
0.0,0.0,5.386644645506209,0.0,0.005859253411526637,0.0
0.0,0.0,5.365226128805171,0.0,0.006447168582711232,0.0
0.0,0.0,5.428035552808528,0.0,0.005420694145102283,0.0
0.0,0.0,5.154078252656406,0.0,0.003878831894889017,0.0
0.0,0.0,5.289175784034894,0.0,0.0,0.0
0.0,0.0,5.236326342443923,0.0,0.00627876814994765,0.0
0.0,0.0,5.346843185099705,0.0,0.001744512925267474,0.0
0.0,0.0,4.854018179940885,0.0,0.005940134852136502,0.0
0.0,0.0,5.002188394375982,0.0,0.0010429989610312852,0.0
0.0,0.0,5.002705426015249,0.0,0.0017389031808615935,0.0
0.0,0.0,4.811963913587069,0.00023023150819691433,0.0,0.0
0.0,0.0,4.911011588213301,0.009357157470412289,0.0,0.0
0.0,0.0,4.821228006193147,0.00515339125387832,0.0,0.0
0.0,0.0,4.930374951790623,0.0,0.0,0.0
0.0,0.0,4.840063810754071,0.0,0.0,0.0
0.0,0.0,5.053396661580128,0.0,0.0015761477768891023,0.0
0.0,0.0,4.989821434052133,0.0,0.01171153049586773,0.0
0.0,0.0,4.9672963169590005,0.0,0.006610784571182844,0.0
0.0,0.0,5.3577940104521415,0.0,0.0,0.0
0.0,0.0,5.017624841772965,0.0,0.003083286620371837,0.0
0.0,0.0,5.074824542734054,0.0,0.002656751154273874,0.0
0.0,0.0,5.184854411639928,0.0,0.0,0.0
0.0,0.0,5.064528257633223,0.0,0.006313580674401356,0.0
0.0,0.0,4.893187899660632,0.0,0.0010972733916157769,0.0
0.0,0.0,4.748183581286758,0.0,0.004817305599724564,0.0
0.0,0.0,4.647774271345875,0.0,0.0,0.0
0.0,0.0,4.603758100773282,0.002313036140204776,0.0,0.0
0.0,0.0,4.467722940213293,4.1049362498366115e-05,0.0,0.0
0.0,0.0,4.481022449146802,0.0,0.00018514226113388802,0.0
0.0,0.0,4.828907887595361,0.0,0.004342716065951419,0.0
0.0,0.0,4.47584271981467,0.0,0.017177664905307526,0.0
0.0,0.0,4.138376175425767,0.0,0.020632066852311663,0.0
0.0,0.0,4.457411475091083,0.0,0.005656620163784069,0.0
0.0,0.0,4.852399668981129,0.0,0.0021340185686265388,0.0
0.0,0.0,4.307498047208868,0.0,0.00041097143498250904,0.0
0.0,0.0,4.2651855017785945,0.00011119003128453671,0.0,0.0
0.0,0.0,4.588227239089585,0.0,0.0,0.0
0.0,0.0,4.5728802234520085,0.0,0.0,0.0
0.0,0.0,4.88000944157747,0.0,0.0,0.0
0.0,0.0,5.037822912176983,0.0,0.0030345548290013034,0.0
0.0,0.0,5.411319296984194,0.0,0.00465004212153663,0.0
0.0,0.0,4.939307742783795,0.0,0.005495508311846077,0.0
0.0,0.0,5.160553536369195,0.0,0.015250941495460291,0.0
0.0,0.0,5.06195813627021,0.0,0.014823234060616603,0.0
0.0,0.0,4.820851010580773,0.0,0.010415695940238175,0.0
0.0,0.0,4.725315488568617,0.0,0.005824252048414523,0.0
0.0,0.0,4.426517965409577,0.0,0.0004971411560130106,0.0
0.0,0.0,4.515201063582445,0.002421814254444591,0.0,0.0
0.0,0.0,4.766936744873719,0.00037921566035959255,0.0,0.0
0.0,0.0,4.321674050503139,0.0,0.005624780643725632,0.0
0.0,0.0,3.923989456490608,0.0,0.015362129094599325,0.0
0.0,0.0,4.5133988564542795,0.0,0.009373221597972232,0.0
0.0,0.0,4.364693537252309,0.0,0.011307940117381206,0.0
0.0,0.0,4.075474258017198,0.0,0.0034636252000733196,0.0
0.0,0.0,3.775654176423349,0.0,0.0,0.0
0.0,0.0,4.125224818577982,0.005653019587084581,0.0,0.0
0.0,0.0,3.8842160806544834,0.0003116789818569816,0.0,0.0
0.0,0.0,3.448972737057383,0.0,0.002481699862725076,0.0
0.0,0.0,3.3162897285193145,0.0,0.003477270142484555,0.0
0.0,0.0,3.67226064363298,0.0,0.012952162916913224,0.0
0.0,0.0,3.5081496789960105,0.0035655619297927017,0.0,0.0
0.0,0.0,3.7076474414004776,0.0015517521491152603,0.0,0.0
0.0,0.0,3.6790928111385335,0.0,0.0017877811656771385,0.0
0.0,0.0,3.618434474397491,0.0,0.00786629988321404,0.0
0.0,0.0,3.57919236073638,0.0,0.008645765158077119,0.0
0.0,0.0,3.6311402698362665,0.0,0.02178821877173503,0.0
0.0,0.0,3.782598020348096,0.0,0.015494978667737741,0.0
0.0,0.0,3.711729989700023,0.0,0.018470482071463894,0.0
0.0,0.0,3.6336766705540504,0.0,0.013468610474520132,0.0
0.0,0.0,3.851092922676385,0.0,0.00890769828149022,0.0
0.0,0.0,3.6752113260663912,0.0,0.00647734247497848,0.0
0.0,0.0,3.7401664780370765,0.0,0.00936140765763508,0.0
0.0,0.0,3.5329661188762884,0.0,0.007231036181343113,0.0
0.0,0.0,3.5980033830782006,0.0,0.01057622177680219,0.0
0.0,0.0,3.5712486787700635,0.0,0.008693107651757516,0.0
0.0,0.0,3.8117879026790775,0.0,0.002994741279972359,0.0
0.0,0.0,3.4049674088788913,0.0,0.007332771827320343,0.0
0.0,0.0,3.4332501012009664,0.0,0.005906541385463634,0.0
0.0,0.0,3.8379082893611773,0.0,0.0084715673591997,0.0
0.0,0.0,3.641364552698994,0.0,0.01559611859695324,0.0
0.0,0.0,3.547943648943959,0.0,0.0054940161578152635,0.0
0.0,0.0,3.6031826893414105,0.0,0.00767628665671669,0.0
0.0,0.0,3.5960685309773988,0.0,0.007790218675921319,0.0
0.0,0.0,3.1806534858455153,0.0,0.0082382457032221,0.0
0.0,0.0,3.337820200849233,0.0,0.0,0.0
0.0,0.0,3.809622866675814,0.0015375457177837148,0.00043342316259630903,0.0
0.0,0.0,3.805433712641991,0.0,0.009912908355263388,0.0
0.0,0.0,3.4478409461099204,0.0,0.011794572683022538,0.0
0.0,0.0,3.5520852130623184,0.0,0.012968330055941401,0.0
0.0,0.0,3.5827338484968267,0.0,0.027689246077001295,0.0
0.0,0.0,3.1901117988902774,0.0,0.02214963030357823,0.0
0.0,0.0,2.8776582180266175,0.0,0.012009619844584537,0.0
0.0,0.0,2.6491607868209535,0.0,0.0009087523757651563,0.0
0.0,0.0,2.862170960137793,0.0020561751437047416,0.0017371057327662059,0.0
0.0,0.0,2.3140290639984507,0.002995876165461457,0.0,0.0
0.0,0.0,2.109907197130946,0.006916421985927357,0.0,0.0
0.0,0.0,2.3056603988642768,0.017379552978832875,0.0,0.0
0.0,0.0,2.3741926027500857,0.011186542885494784,0.0,0.0
0.0,0.0,2.1609979080029027,0.0,0.0029653897995995217,0.0
0.0,0.0,2.2535661008886345,0.0,0.008186918165893843,0.0
0.0,0.0,2.3346526960490217,0.0,0.018985297290547924,0.0
0.0,0.0,2.336937793346974,0.0,0.024088000744294964,0.0
0.0,0.0,2.4767230112061673,0.0,0.014060930737955928,0.0
0.0,0.0,2.178702772687991,0.0,0.01313527356081263,0.0
0.0,0.0,2.509332641888872,0.0,0.006409813722470606,0.0
0.0,0.0,2.5837392031938333,0.0,0.005852113261522035,0.0
0.0,0.0,2.547399021891735,0.0,0.00298437433898232,0.0
0.0,0.0,2.4313063272798408,0.0,0.0013657454706419725,0.0
0.0,0.0,2.678324910136971,0.0,0.008192570697775913,0.0
0.0,0.0,2.6221592231218076,0.0,0.01681621831881903,0.0
0.0,0.0,2.8219802602932154,0.0,0.02477021729928549,0.0
0.0,0.0,2.8389915492394566,0.0,0.020300641369491612,0.0
0.0,0.0,2.852364022855831,0.0,0.014947923980069455,0.0
0.0,0.0,2.548509520070102,0.0,0.006705155376973616,0.0
0.0,0.0,2.5062258767976457,0.0,0.0,0.0
0.0,0.0,2.499283668311504,0.0002482061576431331,0.0,0.0
0.0,0.0,2.659694950905587,0.0009144937775765413,0.0,0.0
0.0,0.0,2.272069348814714,0.0,0.012908409809071052,0.0
0.0,0.0,2.0168998708366277,0.0,0.024167690555234128,0.0
0.0,0.0,2.2590799257845395,0.0,0.014524616153668096,0.0
0.0,0.0,2.497966201973101,0.0,0.013174982918663364,0.0
0.0,0.0,2.2036085631095066,0.0,0.01079959635439978,0.0
0.0,0.0,1.845888850319436,0.0,0.010567507343333619,0.0
0.0,0.0,1.9649245600855398,0.0,0.0,0.0
0.0,0.0,2.4613612815516017,0.0,0.0011714002795339476,0.0
0.0,0.0,1.9798091997019358,0.0,0.008552234878009045,0.0
0.0,0.0,1.8203198505309182,0.0,0.013843490487322991,0.0
0.0,0.0,1.8774453684377534,0.0,0.017967594111438934,0.0
0.0,0.0,1.9982692494054266,0.0,0.012675842002935344,0.0
0.0,0.0,1.8471733415913092,0.0,0.005324645016238122,0.0
0.0,0.0,1.6571917579707591,0.0,0.0,0.0
0.0,0.0,1.784929223217534,0.009944855927464354,0.0,0.0
0.0,0.0,2.1649425082114613,0.011372112552645332,0.0,0.0016938872638426917
0.0,0.0,2.0837161262382553,0.0,0.0,0.0
0.0,0.0,1.6310582140502567,0.0,0.017510477368676402,0.0
0.0,0.0,1.9483683558125295,0.0,0.02027045932630662,0.0
0.0,0.0,2.3139479908815206,0.0,0.027175395565406962,0.0
0.0,0.0,2.326913618691516,0.0,0.021572622997712173,0.0
0.0,0.0,2.1063904134408484,0.0,0.017965410516200823,0.00046168150202341326
0.0,0.0,2.371738352711578,0.0,0.009676862244334842,0.0010232837872655874
0.0,0.0,2.6272112630183444,0.0,0.002307184338381661,0.002804629523062352
0.0,0.0,2.5251562082643093,0.0,0.0064789027386475875,0.0002107132771133904
0.0,0.0,2.168648687583269,0.0,0.011353274351093604,0.0008605425780279566
0.0,0.0,2.2133939573252737,0.0,0.013253035815523942,0.0004909862128386225
0.0,0.0,2.5079946422430006,0.0,0.017336492115286505,0.0009825434648972052
0.0,0.0,2.509751892666614,0.0,0.017485864304866754,0.0010442028303617266
0.0,0.0,2.414484648888108,0.0,0.02107526173321917,0.002252556439726993
0.0,0.0,2.216148150686223,0.0,0.021809779298927905,0.00033267407869450255
0.0,0.0,2.4037135375231937,0.0,0.008295281743312576,0.00039739836393180383
0.0,0.0,2.452916092033078,0.0,0.002207999770226888,0.0008328622114551869
0.0,0.0,2.183439991478696,0.0,0.0035737340268786866,0.0018612205781269881
0.0,0.0,1.9578562740439622,0.0,0.009918855861940575,0.00010707238807772773
0.0,0.0,1.8318725103921243,0.0,0.006869353500360996,0.0011711658528669481
0.0,0.0,1.763114025466511,0.0,0.0,0.0005554504415117631
0.0,0.0,1.8377080911714418,0.005627896053009074,0.0,0.0008591129350896873
0.0,0.0,1.725171421072749,0.0,0.0,0.0004124375554333666
0.0,0.0,1.6408584959917352,0.0,0.005548564073378774,0.0010241962440595107
0.0,0.0,1.6408584959917352,0.0,0.005548564073378774,0.0010241962440595107
0.0,0.0,2.083856321400378,0.0,0.0009443909004708062,0.002719059223283348
0.0,0.0,1.8591089941988834,0.0,0.01457426870412019,0.0013539703510272963
0.0,0.0,1.5404602962564908,0.0,0.01743045988981217,0.0
0.0,0.0,1.7610994501656911,0.0,0.015484419474229665,0.0
0.0,0.0,1.9825089184114286,0.0,0.002995109837680423,0.0025903938564889807
0.0,0.0,2.040582526808676,0.0,0.002969001561467876,0.0025588639011712476
0.0,0.0,1.6850522534512866,0.0,0.0012957425763596288,0.0
0.0,0.0,1.7053232743234332,0.0,0.0,0.0
0.0,0.0,2.1413075355703057,0.003253522594452148,0.0,0.0026040707617348328
0.0,0.0,2.216115122611396,0.0029976274074923833,0.0,0.0028465440807230826
0.0,0.0,2.3349215477290333,0.0,0.0,0.0
0.0,0.0,1.99155506695183,0.0,0.00970133605956033,0.0
0.0,0.0,2.3486789904662357,0.0,0.006911104501839398,0.0
0.0,0.0,2.8692883989219187,0.0,0.0012542070899788104,0.0
0.0,0.0,2.4096989287023067,0.0,0.0030265848753080454,0.0
0.0,0.0,2.2277166287405246,0.0,0.0031171660401879708,0.0
0.0,0.0,2.361208239970078,0.0,0.0025847733549275386,0.0
0.0,0.0,2.2773578166430988,0.0,0.0,0.0
0.0,0.0,2.4308558623324865,0.0,0.0,0.0
0.0,0.0,2.3864917962062755,0.0,0.000837694952636053,0.0
0.0,0.0,2.0359411915877774,0.0,0.013745022852046766,0.0
0.0,0.0,2.444385850859649,0.0,0.011659672982162781,0.0
0.0,0.0,2.3390397766267506,0.0,0.005588121617604591,0.0
0.0,0.0,2.3012904725506305,0.0,0.0009911987863673545,0.0
0.0,0.0,2.272088563939632,0.0,0.002565757962259497,0.0
0.0,0.0,1.9745444255128093,0.0,0.005146039042076794,0.0
0.0,0.0,2.040459038912631,0.0,0.0039999079523297554,0.0
0.0,0.0,2.134680047113557,0.0,0.0,0.0
0.0,0.0,1.8569279603250863,0.0,0.0013282035056516885,0.0
0.0,0.0,1.8416811866788163,0.0,0.003957635810437778,0.0
0.0,0.0,1.81010386253126,0.0,0.005550412140540984,0.0
0.0,0.0,1.5810010157711623,0.0,0.0051684292637633415,0.0
0.0,0.0,1.5535837216771045,0.0,0.0,0.0
0.0,0.0,1.5840278152952696,0.0005641829676105221,0.0,0.0
0.0,0.0,1.457925018602688,0.0,0.004117040949119381,0.0
0.0,0.0,1.3631255254597954,0.0,0.0,0.0
0.0,0.0,1.4537168494699573,0.0,0.0,0.0
0.0,0.0,1.4869285895519795,0.0,0.0,0.0
0.0,0.0,1.8009393524677122,0.0,0.0,0.0
0.0,0.0,1.6599392859288926,0.0,0.006349856092004764,0.0
0.0,0.0,1.5313371302630645,0.0,0.024362079265881215,0.0
0.0,0.0,1.498167949522181,-0.0033594971822095768,0.024873744527361557,0.0
0.0,0.0,1.520637735496223,0.0,0.011423988878945477,0.0
0.0,0.0,1.5270292318445264,0.0,0.0,0.0
0.0,0.0,1.5268460463541413,0.0,0.0,0.0
0.0,0.0,1.1880038576718188,0.0,0.00033977363687023263,0.0
0.0,0.0,1.0657864702255697,0.0,0.0,0.0
0.0,0.0,1.1242924352013863,0.0,0.003565030366777998,0.0
0.0,0.0,1.1242924352013863,0.0,0.003565030366777998,0.0
0.0,0.0,0.8419712322295487,0.0,0.011730417159723663,0.0
0.0,0.0,1.3274920742475231,0.0,0.00018290934533013084,0.0
0.0,0.0,1.4676256063461883,0.0011024738498944464,0.0,0.0
0.0,0.0,1.4316621056650478,0.0,0.0,0.0
0.0,0.0,1.240249225212692,0.0,0.0,0.0
0.0,0.0,1.3332978523395287,0.0,0.012464576045283445,0.0
0.0,0.0,1.2874193644691403,0.0,0.007954286013818531,0.0
0.0,0.0,1.2280723235850757,0.0,0.00250524902000867,0.0
0.0,0.0,1.1725832544217443,0.0,0.0,0.0
0.0,0.0,1.0370230158694804,0.0,0.0015890458895265116,0.0
0.0,0.0,1.0051465435332856,0.0,0.0,0.0
0.0,0.0,0.9519183231436805,0.0,0.0,0.0
0.0,0.0,0.9087425690462334,0.0,0.0,0.0
0.0,0.0,1.0475548153011176,0.0,0.0,0.0
0.0,0.0,1.120885395900186,0.0,0.002378050369433969,0.0
0.0,0.0,0.9627932435985441,0.0,0.007990516450248286,0.0
0.0,0.0,1.0758472523918488,0.0,0.009952952428690976,0.0
0.0,0.0,1.2079424563603633,0.0,0.004407903290087155,0.0
0.0,0.0,1.0516177918722662,0.0,0.001624177654757146,0.0
0.0,0.0,0.9407307729796232,0.0,0.0,0.0
0.0,0.0,0.9875985325098412,0.0,0.004570427800946767,0.0
0.0,0.0,0.8843439163059938,0.0,0.009249224471531195,0.0
0.0,0.0,0.8599420658043124,0.0,0.0019261453349262933,0.0
0.0,0.0,0.8670041249527818,0.0,0.0,0.0
0.0,0.0,0.7515362251416049,0.0,0.0,0.0
0.0,0.0,0.7962959638777887,0.0,0.0,0.0
0.0,0.0,0.7974059207576759,0.0,0.0,0.0
0.0,0.0,1.005507273406809,0.0,0.0,0.0
0.0,0.0,1.0992225232198547,0.0,0.0,0.0
0.0,0.0,1.1663106207650904,0.0,0.0,0.0
0.0,0.0,1.0912461040031485,0.0,0.00700076967017921,0.0
0.0,0.0,1.135267985411699,0.0,0.00979766539024084,0.0
0.0,0.0,1.1081107652440612,0.0,0.0039735201249637645,0.0
0.0,0.0,1.0450220961186718,0.0,0.002638121931340896,0.0
0.0,0.0,1.106408950031569,0.0,0.0,0.0
0.0,0.0,1.1515132271268003,0.0,0.0,0.0
0.0,0.0,0.9967196382535569,0.0,0.00014798105136884932,0.0
0.0,0.0,0.9252436711840566,0.0,0.0,0.0
0.0,0.0,1.0476762680327216,0.0,0.0,0.0
0.0,0.0,1.1212354318564746,0.0,0.0,0.0
0.0,0.0,1.0708246700906583,0.0,0.0021119137189226133,0.0
0.0,0.0,1.1377789914755945,0.0,0.0,0.0
0.0,0.0,1.4366302266169386,0.0,0.00020860165072170882,0.0
0.0,0.0,1.3957153296092,0.0,0.007147949660602018,0.0
0.0,0.0,1.2642777169666497,0.0,0.0029122975423418094,0.0
0.0,0.0,1.126399640131996,0.0,0.0,0.0
0.0,0.0,1.1537502787999214,0.0,0.0,0.0
0.0,0.0,0.9948794822528025,0.0,0.0,0.0
0.0,0.0,0.9950723532248513,0.0,0.00036892260067767046,0.0
0.0,0.0,0.9140367739377326,0.0,0.0,0.0
0.0,0.0,1.0304250187159696,0.0,0.0,0.0
0.0,0.0,0.837734166836209,0.0,0.0,0.0
0.0,0.0,0.790276107475492,0.0,0.000554030644158489,0.0
0.0,0.0,0.9431716743331305,0.0,0.006017998606701517,0.0
0.0,0.0,0.8847585520312531,0.0,0.006877308377432492,0.0
0.0,0.0,0.854919551273215,0.0,0.0,0.0
0.0,0.0,0.837675029814972,0.0,0.0,0.0
0.0,0.0,0.8680081058648078,0.0,0.0,0.0
0.0,0.0,1.0396525800631733,0.0,0.0,0.0
0.0,0.0,1.0559594082601826,0.0,0.002441840920949554,0.0
0.0,0.0,0.9750134479832735,-0.004335874947104597,0.014764185212423902,0.0
0.0,0.0,0.8762943736012201,-0.004967766266358563,0.022258717270222182,0.0
0.0,0.0,1.0318121760828214,0.0,0.011530478520912699,0.0
0.0,0.0,1.2554117093328432,0.0,0.0003421966910637043,0.0
0.0,0.0,1.314606862776181,0.0,0.0,0.0
0.0,0.0,1.2417971295573607,0.0,0.0033406900704684808,0.0
0.0,0.0,1.1465804198705523,0.0,0.004017603269188959,0.0
0.0,0.0,1.3949358022224172,0.0,0.0,0.0
0.0,0.0,1.3266184785997204,0.0,0.0016756776238955758,0.0
0.0,0.0,1.2908674138360976,0.0,0.002781816682965062,0.0
0.0,0.0,1.2800793738937108,0.0,0.005198474609941299,0.0
0.0,0.0,1.4919351288595597,0.0,0.007820486357059632,0.0
0.0,0.0,1.2355626542424902,0.0,0.004314656233969877,0.0
0.0,0.0,1.318187241192374,0.0,0.0,0.0
0.0,0.0,1.4488250887793996,0.0,0.0,0.0
0.0,0.0,1.4192913246827024,0.0,0.004940112872846199,0.0
0.0,0.0,1.1552848840675944,-0.003219810709475939,0.011922041569056647,0.0
0.0,0.0,1.0578191118075897,-0.0044656895489360495,0.01991417799726903,0.0
0.0,0.0,1.0434792460775957,0.0,0.020548870275526033,0.0
0.0,0.0,0.9103161703516479,0.0,0.00687858063498849,0.0
0.0,0.0,0.8198871681813319,0.0,0.0,0.0
0.0,0.0,0.9605311782852912,0.0009855302865886993,0.0,0.0
0.0,0.0,0.8365636100557967,0.0,0.0,0.0
0.0,0.0,0.7197323320668547,0.0,0.0005091706080656127,0.0
0.0,0.0,0.6509492599825066,0.0,0.006811626656757085,0.0
0.0,0.0,0.7887406476939007,0.0,0.008050332799381672,0.0
0.0,0.0,0.851614241808816,0.0,0.005050804051853651,0.0
0.0,0.0,0.8994697842080003,0.0,0.0008724978284014289,0.0
0.0,0.0,0.8701936101901054,0.0,0.0033171448822051745,0.0
0.0,0.0,0.9624015841631302,0.0,0.006156821248831429,0.0
0.0,0.0,1.2250198722886354,0.0,0.0017679040855558554,0.0
0.0,0.0,1.0383906796175402,0.0,0.0014584571457925929,0.0
0.0,0.0,1.0570655639655242,0.0,0.0022909956692768484,0.0
0.0,0.0,1.0684236677729528,0.0,0.0034179158905869233,0.0
0.0,0.0,0.9758354187025274,0.0,0.004153617865831331,0.0
0.0,0.0,0.8446674811482986,0.0,0.002150374429118688,0.0
0.0,0.0,0.955730602278521,0.0,0.0,0.0
0.0,0.0,0.9254105702153679,0.0,0.0,0.0
0.0,0.0,0.8409459796157241,0.0,0.0013669020530257536,0.0
0.0,0.0,0.9447376256825881,0.0,0.0,0.0
0.0,0.0,1.1521083020639025,0.0,0.0,0.0
0.0,0.0,1.0646901430926596,0.0,0.0001427830884136777,0.0
0.0,0.0,1.1262839455619504,0.0,0.00411681063633719,0.0
0.0,0.0,1.4125676289667541,0.0,0.007071782084654284,0.0
0.0,0.0,1.309086415783058,0.0,0.010846149985060068,0.0
0.0,0.0,1.2123359946494987,0.0,0.008978611557936781,0.0
0.0,0.0,1.2401236219920384,0.0,0.0025560852308993314,0.0
0.0,0.0,1.371491442549006,0.0,0.0,0.0
0.0,0.0,1.3087825551102104,0.0,0.0,0.0
0.0,0.0,1.1774850056814736,0.0,0.0009040428812288542,0.0
0.0,0.0,1.0441169600617743,0.0,0.003927327367659846,0.0
0.0,0.0,1.0575917582727112,0.0,0.00399972210281334,0.0
0.0,0.0,1.0418860920466781,0.0,0.003885230341022481,0.0
0.0,0.0,0.8949105467114686,0.0,0.0,0.0
0.0,0.0,0.9344470825345143,0.0,0.0,0.0
0.0,0.0,0.7763431780429302,0.0,0.0,0.0
0.0,0.0,0.8037012162055557,0.0,0.0,0.0
0.0,0.0,0.7134493693635586,0.0,0.0018820069244809643,0.0
0.0,0.0,0.8071828670859704,0.0,0.01102721869088515,0.0
0.0,0.0,0.8661512029707191,0.0,0.004408504482301555,0.0
0.0,0.0,1.0309635105820107,0.0,0.004351546464401831,0.0
0.0,0.0,1.0865224095210761,0.0,0.0025014945696467403,0.0
0.0,0.0,1.1457438332398173,0.0,0.0,0.0
0.0,0.0,1.225811266531829,0.0,0.00123050287466384,0.0
0.0,0.0,1.038819025145417,0.0,0.007322265004172557,0.0
0.0,0.0,0.92122065213664,-0.005394933466611929,0.01966642122695628,0.0
0.0,0.0,0.9319912027280916,-0.008356387040665854,0.02026145595864613,0.0
0.0,0.0,0.9877300858929925,0.0,0.01166790264602168,0.0
0.0,0.0,1.0887059268142127,0.0,0.0009456725471393967,0.0
0.0,0.0,1.0551515208551265,0.0,0.0,0.0
0.0,0.0,0.89741798828827,0.0,0.0,0.0
0.0,0.0,0.9465335007966342,0.0,0.0003417279331671353,0.0
0.0,0.0,1.0869264886569954,0.0,0.00815141032942589,0.0
0.0,0.0,1.0515180468278564,0.0,0.01597765698634191,0.0
0.0,0.0,0.9400080722240242,-0.0006471013071473123,0.02254502068466973,0.0
0.0,0.0,1.0339107837451944,0.0,0.010476506624088947,0.0
0.0,0.0,1.1804874028631733,0.0,0.0035884825259310067,0.0
0.0,0.0,1.0537748049050195,0.0,0.0,0.0
0.0,0.0,1.09677552512461,0.0,0.0,0.0
0.0,0.0,1.1730368155325814,0.0,0.0009605047259941428,0.0
0.0,0.0,1.1446151496115586,0.0,0.007417397887628449,0.0
0.0,0.0,1.1011321716330111,0.0,0.00928870734928324,0.0
0.0,0.0,1.178608331271506,0.0,0.009996861924705995,0.0
0.0,0.0,1.2322137651166574,0.0,0.014298332057351926,0.0
0.0,0.0,1.281609327687491,0.0,0.009944112271390524,0.0
0.0,0.0,1.4205796197751677,0.0,0.005681875602170027,0.0
0.0,0.0,1.2469468595361912,0.0,0.009073559851427705,0.0
0.0,0.0,0.9513937454529451,0.0,0.016196375710333537,0.0
0.0,0.0,1.0919002165886489,0.0,0.012349972631638081,0.0
0.0,0.0,1.0919002165886489,0.0,0.012349972631638081,0.0
0.0,0.0,0.9281562476188748,0.0,0.0017540623446174798,0.0
0.0,0.0,0.8566115377419934,0.0,0.0,0.0
0.0,0.0,0.8736400837685496,0.0,0.0,0.0
0.0,0.0,1.0605451041234073,0.0,0.0,0.0
0.0,0.0,0.9361451460600346,0.0,0.0030054300067309564,0.0
0.0,0.0,0.7707683526919851,0.0,0.013244447903973226,0.0
0.0,0.0,0.9650656606862207,0.0,0.012061960047049184,0.0
0.0,0.0,0.9964881123750745,0.0,0.005798342034408589,0.0
0.0,0.0,0.9380789136228918,0.0,7.679654766904232e-05,0.0
0.0,0.0,1.0738921864686497,0.0,0.0,0.0
0.0,0.0,1.0541201727782876,0.0,0.0023534016612139115,0.0
0.0,0.0,1.1254038199135343,0.0,0.007297366516698353,0.0
0.0,0.0,1.0043425447668282,0.0,0.016602585727206083,0.0
0.0,0.0,0.8535667017464806,-0.0008065848412002047,0.022925281352692863,0.0
0.0,0.0,0.9804341950919531,0.0,0.014762169570763853,0.0
0.0,0.0,0.9340075872583391,0.0,0.004410592096499315,0.0
0.0,0.0,0.7733046970982292,0.0,0.0034330906155995004,0.0
0.0,0.0,0.46617433559844457,0.0,0.0,0.0
0.0,0.0,0.6208404637914335,0.0,0.0,0.0
0.0,0.0,0.6365472170036599,0.0,0.0,0.0
0.0,0.0,0.40739092295724955,0.0,0.0,0.0
0.0,0.0,0.38955422240950466,0.0,0.004055171741030214,0.0
0.0,0.0,0.35694166655388726,0.0,0.009419792391069421,0.0
0.0,0.0,0.5533673901544562,0.0,0.009568629522124958,0.0
0.0,0.0,0.5094493739674684,0.0,0.000771908627023091,0.0
0.0,0.0,0.5514246130348832,0.0,0.0,0.0
0.0,0.0,0.6546163358109551,0.0,0.0,0.0
0.0,0.0,0.5418139944627938,0.0,0.001533936338598343,0.0
0.0,0.0,0.5418139944627938,0.0,0.001533936338598343,0.0
0.0,0.0,0.5114062273750175,-0.0010290002966373492,0.020467432692374773,0.0
0.0,0.0,0.4970540742080801,-0.0024036403254615157,0.01738014413759173,0.0
0.0,0.0,0.42800354184526335,0.0,0.015310140034229505,0.0
0.0,0.0,0.4164726194440439,0.0,0.0031642385115268823,0.0
0.0,0.0,0.40143753004908656,0.0,0.0,0.0
0.0,0.0,0.30508653404824193,0.0,0.0,0.0
0.0,0.0,0.2518251561231012,0.0,0.0,0.0
0.0,0.0,0.2033633102406578,0.0,0.0,0.0
0.0,0.0,0.15753070347732512,0.0,0.0,0.0
0.0,0.0,0.1798521003379602,0.0,0.0015215562246634884,0.0
0.0,0.0,0.1553977931972646,0.0,0.005834716558887678,0.0
0.0,0.0,0.15506305544264512,0.0,0.00408487238580665,0.0
0.0,0.0,0.23168701189862323,0.0,0.0,0.0
0.0,0.0,0.18390364473175183,0.0,0.0,0.0
0.0,0.0,0.3648521137255294,0.0,0.0,0.0
0.0,0.0,0.32096748581388124,0.0,0.0,0.0
0.0,0.0,0.3822941875215647,0.0,0.0009182512456505889,0.0
0.0,0.0,0.35972513490128877,0.0,0.009698960626333039,0.0
0.0,0.0,0.5302781554074578,0.0,0.013538769666024639,0.0
0.0,0.0,0.5377949518794467,-0.0008392447767755435,0.014884245428198616,0.0
0.0,0.0,0.589427148813276,0.0,0.008708331632206598,0.0
0.0,0.0,0.6174835531588874,0.0,0.011230528730408633,0.0
0.0,0.0,0.648771803948066,0.0,0.005413180354097876,0.0
0.0,0.0,0.4378505339650317,0.0,0.0017920760415469355,0.0
0.0,0.0,0.432404048390029,0.0,0.0,0.0
0.0,0.0,0.3732759026372024,0.0,0.0006371762941063444,0.0
0.0,0.0,0.2789608177855278,0.0,0.0010607415660750473,0.0
0.0,0.0,0.23300467752085594,0.0,0.009016207851484503,0.0
0.0,0.0,0.22324897036931063,0.0,0.008171111415593792,0.0
0.0,0.0,0.2773719627633622,0.0,0.00595013080192738,0.0
0.0,0.0,0.16228006613630316,0.0,0.0,0.0
0.0,0.0,0.1821799223910843,0.0,0.0,0.0
0.0,0.0,0.22588950258131274,0.0,0.0,0.0
0.0,0.0,0.25156294223357717,0.0,0.0,0.0
0.0,0.0,0.2165745575128633,0.0,0.0,0.0
0.0,0.0,0.16864020390223525,0.0,0.0008400779682039179,0.0
0.0,0.0,0.2762875465538074,0.0,0.003382596787283563,0.0
0.0,0.0,0.3020886702625547,0.0,0.00705877944913974,0.0
0.0,0.0,0.3481266018484588,0.0,0.013370566648907973,0.0
0.0,0.0,0.34799547805217956,0.0,0.014868766833498942,0.0
0.0,0.0,0.2974008981167815,0.0,0.006658418709274286,0.0
0.0,0.0,0.5133101177352333,0.0,0.005695206064365828,0.0
0.0,0.0,0.41184714892733376,0.0,0.0003425851472593501,0.0
0.0,0.0,0.3185677182245603,0.0,0.0,0.0
0.0,0.0,0.31235714982800583,0.0,0.0,0.0
0.0,0.0,0.2247001236954976,0.0,0.0008493343355381813,0.0
0.0,0.0,0.19454969725805107,0.0,0.0,0.0
0.0,0.0,0.17385371438473488,0.0,0.0011314837363875408,0.0
0.0,0.0,0.16426058736922733,0.0,0.0027514043724234283,0.0
0.0,0.0,0.14036279046696493,0.0,0.004716856234545532,0.0
0.0,0.0,0.07173619686961688,0.0,0.0033460653448891776,0.0
0.0,0.0,0.14983727135615243,0.0,0.0,0.0
0.0,0.0,0.26512004720943744,0.0,0.0,0.0
0.0,0.0,0.24217698390433645,0.0,0.0,0.0
0.0,0.0,0.1922000530607555,0.0,0.0,0.0
0.0,0.0,0.2579061888997829,0.0,0.0,0.0
0.0,0.0,0.3297397280480189,0.0,0.0,0.0
0.0,0.0,0.22609972330379097,0.0,0.0035316252332514885,0.0
0.0,0.0,0.2320460523041085,0.0,0.005542966058505764,0.0
0.0,0.0,0.2954998905200968,0.0,0.005638473327448421,0.0
0.0,0.0,0.3866739186156206,0.0,0.010208630832286522,0.0
0.0,0.0,0.3341445005208555,0.0,0.003728124599454226,0.0
0.0,0.0,0.3923212353223056,0.0,0.0007250267979019754,0.0
0.0,0.0,0.3923212353223056,0.0,0.0007250267979019754,0.0
0.0,0.0,0.32957980583150237,0.0,0.0,0.0
0.0,0.0,0.2246949377049488,0.0,0.0,0.0
0.0,0.0,0.1889757369555443,0.0,0.0,0.0
0.0,0.0,0.36437768148949734,0.0,0.0,0.0
0.0,0.0,0.2822765888804679,0.0,0.003696876692822344,0.0
0.0,0.0,0.2621736838202138,0.0,0.002457065022249915,0.0
0.0,0.0,0.3527206636013925,0.0,0.003564503055714137,0.0
0.0,0.0,0.42294769854534675,0.0,0.004131469856074056,0.0
0.0,0.0,0.3808870357591484,0.0,0.0026687821803555744,0.0
0.0,0.0,0.4048522390028489,0.0,0.001613249922953973,0.0
0.0,0.0,0.4098934513250502,0.0,0.0,0.0
0.0,0.0,0.3969995093635449,0.0,0.0,0.0
0.0,0.0,0.3661007074162178,0.0,0.0,0.0
0.0,0.0,0.23593574482606897,0.0,0.0,0.0
0.0,0.0,0.18692685780089432,0.0,0.0015528186009233706,0.0
0.0,0.0,0.126846982079151,0.0,0.001017284044471932,0.0
0.0,0.0,0.19385682056813916,0.0,0.0004388526975929672,0.0
0.0,0.0,0.1626638939068903,0.0,0.002006552209015003,0.0
0.0,0.0,0.2497863054521856,0.0,0.005111200483877369,0.0
0.0,0.0,0.2007616842229965,0.0,0.005608680594043184,0.0
0.0,0.0,0.2038968714843224,0.0,0.004993405123787568,0.0
0.0,0.0,0.2186193744756268,0.0,0.0034027860432540025,0.0
0.0,0.0,0.27529487250631873,0.0,0.0011985573558448161,0.0
0.0,0.0,0.1875400480565329,0.0,0.0,0.0
0.0,0.0,0.23386988826340582,0.0,0.0,0.0
0.0,0.0,0.32601663072232423,0.0,0.001137235927556716,0.0
0.0,0.0,0.21171635625677884,0.0,0.0025103366801315892,0.0
0.0,0.0,0.31841556428523954,0.0,0.00433609683464182,0.0
0.0,0.0,0.3463195608097608,0.0,0.0009090686826411088,0.0
0.0,0.0,0.2880661789450926,0.0,0.0032940970252647956,0.0
0.0,0.0,0.3024331931144611,0.0,0.0016593519454061844,0.0
0.0,0.0,0.2816983831267831,0.0,0.006039504658824707,0.0
0.0,0.0,0.3518108447534502,0.0,0.006091505572347049,0.0
0.0,0.0,0.37080564800632554,0.0,0.00355744104131918,0.0
0.0,0.0,0.32450015245893465,0.0,0.0019536691181582947,0.0
0.0,0.0,0.37570979717484926,0.0,0.0008272160945217797,0.0
0.0,0.0,0.3484844383136551,0.0,0.0,0.0
0.0,0.0,0.28842172085813106,0.0,0.002322364099126555,0.0
0.0,0.0,0.23922037862572715,0.0,0.0009474290601248124,0.0
0.0,0.0,0.2321009850153218,0.0,0.0034930794726965734,0.0
0.0,0.0,0.31186268339332196,0.0,0.004303989842983346,0.0
0.0,0.0,0.1859998599137034,0.0,0.004013836063537765,0.0
0.0,0.0,0.16202013872135573,0.0,0.0,0.0
0.0,0.0,0.16026467661105043,0.0,0.0013867980094486438,0.0
0.0,0.0,0.10279945162006306,0.0,0.002333368158420626,0.0
0.0,0.0,0.11871066506740632,0.0,0.00021280627995853068,0.0
0.0,0.0,0.08890354449021978,0.0,0.0,0.0
0.0,0.0,0.020037916680516993,0.0,0.0,0.0
0.0,0.0,0.053760403166113455,0.0,0.0011356483478663839,0.0
0.0,0.0,0.023221170385052267,0.0,0.0017561091105354261,0.0
0.0,0.0,0.03752934485902272,0.0,0.0014240400771998551,0.0
0.0,0.0,0.07005936686102704,0.0,0.0,0.0
0.0,0.0,0.08687963226305147,0.0,0.0,0.0
0.0,0.0,0.10925639126486406,0.0,0.0,0.0
0.0,0.0,0.10278479267641383,0.0,0.0005724022838967055,0.0
0.0,0.0,0.0,0.0,0.0004611325492098613,0.0
0.0,0.0,0.033548289579439575,0.0,0.004049567766104481,0.0
0.0,0.0,0.0,0.0,0.004897514395470859,0.0
0.0,0.0,0.11558422476144563,0.0,0.0026990317326873576,0.0
0.0,0.0,0.1424276265338202,0.0,0.0,0.0
0.0,0.0,0.12357496118876607,0.0,0.0,0.0
0.0,0.0,0.05914970976003847,0.0,0.0,0.0
0.0,0.0,0.011057535090079802,0.0,0.0,0.0
0.0,0.0,0.022028143902439876,0.0,0.0,0.0
0.0,0.0,0.01063899893130759,0.0,0.00018397859986364734,0.0
0.0,0.0,0.0,0.0,0.00201588583906251,0.0
0.0,0.0,0.0,0.0,0.002923732032766608,0.0
0.0,0.0,0.0,0.0,0.0014338940473763461,0.0
0,0,0,0,0,0
0,0,0,0,0,0
0,0,0,0,0,0
0,0,0,0,0,0
0.0,0.0,0.0,0.0,0.0003905436871304578,0.0
0,0,0,0,0,0
0,0,0,0,0,0
0,0,0,0,0,0
0,0,0,0,0,0
0,0,0,0,0,0
0,0,0,0,0,0
0,0,0,0,0,0
0,0,0,0,0,0
0,0,0,0,0,0
0,0,0,0,0,0
0,0,0,0,0,0
0,0,0,0,0,0
0,0,0,0,0,0
0,0,0,0,0,0
0.0,0.0,0.0,0.0,0.0014525505279650232,0.0
0.0,0.0,0.0,0.0,0.006332810362951992,0.0
0.0,0.0,0.0,0.0,0.004859588950005111,0.0
0.0,0.0,0.0,0.0,0.0018473294050709486,0.0
0.0,0.0,0.0,0.0,0.001233475927728863,0.0
0,0,0,0,0,0
0,0,0,0,0,0
0,0,0,0,0,0
0,0,0,0,0,0
0,0,0,0,0,0
0,0,0,0,0,0
0,0,0,0,0,0
0,0,0,0,0,0
0,0,0,0,0,0
0,0,0,0,0,0
0,0,0,0,0,0
0,0,0,0,0,0
0,0,0,0,0,0
0,0,0,0,0,0
0,0,0,0,0,0
0.0,0.0,0.0,0.0,0.000250683574055247,0.0
0,0,0,0,0,0
0,0,0,0,0,0
0,0,0,0,0,0
0,0,0,0,0,0
0,0,0,0,0,0
0,0,0,0,0,0
0,0,0,0,0,0
0,0,0,0,0,0
0,0,0,0,0,0
0,0,0,0,0,0
0,0,0,0,0,0
0,0,0,0,0,0
0,0,0,0,0,0
0.0,0.0,0.0,0.0,0.0015223841755784085,0.0
0,0,0,0,0,0
0.0,0.0,0.0,0.0,0.002522657136635653,0.0
0.0,0.0,0.0,0.0,0.0007286299397627032,0.0
0,0,0,0,0,0
0,0,0,0,0,0
0.0,0.0,0.0,0.0,0.00016927162300652647,0.0
0,0,0,0,0,0
0,0,0,0,0,0
0,0,0,0,0,0
0,0,0,0,0,0
0,0,0,0,0,0
0,0,0,0,0,0
0,0,0,0,0,0
0,0,0,0,0,0
0,0,0,0,0,0
0,0,0,0,0,0
0,0,0,0,0,0
0,0,0,0,0,0
0,0,0,0,0,0
0.0,0.0,0.0,0.0,0.001475913277068635,0.0
0.0,0.0,0.0,0.0,0.0019583822680965812,0.0
0.0,0.0,0.0,0.0,0.003544513954204438,0.0
0.0,0.0,0.0,0.0,0.0024856531999574187,0.0
0,0,0,0,0,0
0,0,0,0,0,0
0,0,0,0,0,0
0,0,0,0,0,0
0,0,0,0,0,0
0,0,0,0,0,0
0,0,0,0,0,0
0,0,0,0,0,0
0,0,0,0,0,0
0,0,0,0,0,0
0,0,0,0,0,0
0,0,0,0,0,0
0,0,0,0,0,0
0,0,0,0,0,0
0,0,0,0,0,0
0,0,0,0,0,0
0,0,0,0,0,0
0.0,0.0,0.0,0.0,0.0005719547976686596,0.0
0,0,0,0,0,0
0,0,0,0,0,0
0,0,0,0,0,0
0.0,0.0,0.0,0.0,0.00020781834371534202,0.0
0,0,0,0,0,0
0.0,0.0,0.0,0.0,0.0003028490789949398,0.0
0.0,0.0,0.0,0.0,0.001082290953067298,0.0
0,0,0,0,0,0
0,0,0,0,0,0
0,0,0,0,0,0
0,0,0,0,0,0
0,0,0,0,0,0
0,0,0,0,0,0
0,0,0,0,0,0
0,0,0,0,0,0
0,0,0,0,0,0
0,0,0,0,0,0
0,0,0,0,0,0
0,0,0,0,0,0
0,0,0,0,0,0
0.0,0.0,0.0,0.0,0.00028249670178170916,0.0
0,0,0,0,0,0
0.0,0.0,0.0,0.0,0.0009319640311771154,0.0
0.0,0.0,0.0,0.0,0.0012211037789718634,0.0
0,0,0,0,0,0
0,0,0,0,0,0
0,0,0,0,0,0
0,0,0,0,0,0
0,0,0,0,0,0
0,0,0,0,0,0
0,0,0,0,0,0
0,0,0,0,0,0
0,0,0,0,0,0
0,0,0,0,0,0
0,0,0,0,0,0
0,0,0,0,0,0
0,0,0,0,0,0
0,0,0,0,0,0
0,0,0,0,0,0
0,0,0,0,0,0
0,0,0,0,0,0
0,0,0,0,0,0
0,0,0,0,0,0
0,0,0,0,0,0
0,0,0,0,0,0
0,0,0,0,0,0
0,0,0,0,0,0
0,0,0,0,0,0
0,0,0,0,0,0
0,0,0,0,0,0
0,0,0,0,0,0
0,0,0,0,0,0
0,0,0,0,0,0
0,0,0,0,0,0
0,0,0,0,0,0
0,0,0,0,0,0
0,0,0,0,0,0
0,0,0,0,0,0
0,0,0,0,0,0
0,0,0,0,0,0
0,0,0,0,0,0
0,0,0,0,0,0
0,0,0,0,0,0
0,0,0,0,0,0
0,0,0,0,0,0
0,0,0,0,0,0
0,0,0,0,0,0
0,0,0,0,0,0
0,0,0,0,0,0
0,0,0,0,0,0
0,0,0,0,0,0
0,0,0,0,0,0
0,0,0,0,0,0
0,0,0,0,0,0
0,0,0,0,0,0
0,0,0,0,0,0
0,0,0,0,0,0
0,0,0,0,0,0
0.0,0.0,0.0,0.0,0.00015666865820952055,0.0
0,0,0,0,0,0
0,0,0,0,0,0
0.0,0.0,0.0,0.0,0.00044179900966555524,0.0
0,0,0,0,0,0
0,0,0,0,0,0
0,0,0,0,0,0
0,0,0,0,0,0
0,0,0,0,0,0
0,0,0,0,0,0
0,0,0,0,0,0
0,0,0,0,0,0
0,0,0,0,0,0
0,0,0,0,0,0
0,0,0,0,0,0
0,0,0,0,0,0
0,0,0,0,0,0
0,0,0,0,0,0
0,0,0,0,0,0
0,0,0,0,0,0
0,0,0,0,0,0
0,0,0,0,0,0
0,0,0,0,0,0
0,0,0,0,0,0
0,0,0,0,0,0
0,0,0,0,0,0
0,0,0,0,0,0
0,0,0,0,0,0
0,0,0,0,0,0
0,0,0,0,0,0
0,0,0,0,0,0
0,0,0,0,0,0
0,0,0,0,0,0
0,0,0,0,0,0
0,0,0,0,0,0
0,0,0,0,0,0
0,0,0,0,0,0
0,0,0,0,0,0
0,0,0,0,0,0
0,0,0,0,0,0
0,0,0,0,0,0
0,0,0,0,0,0
0,0,0,0,0,0
0,0,0,0,0,0
0,0,0,0,0,0
0,0,0,0,0,0
0,0,0,0,0,0
0,0,0,0,0,0
0,0,0,0,0,0
0,0,0,0,0,0
0,0,0,0,0,0
0,0,0,0,0,0
0,0,0,0,0,0
0,0,0,0,0,0
0,0,0,0,0,0
0.0,0.0,0.0,-0.0014026925973261073,0.0,0.0
0,0,0,0,0,0
0,0,0,0,0,0
0,0,0,0,0,0
0.0,0.0,0.0,-0.0006903563670027415,0.0,0.0
0.0,0.0,0.0,-0.0017258248037330468,0.0,0.0
0.0,0.0,0.0,-0.0008780031197318123,0.0,0.0
0,0,0,0,0,0
0,0,0,0,0,0
0,0,0,0,0,0
0,0,0,0,0,0
0,0,0,0,0,0
0,0,0,0,0,0
0,0,0,0,0,0
0,0,0,0,0,0
0,0,0,0,0,0
0,0,0,0,0,0
0,0,0,0,0,0
0,0,0,0,0,0
0,0,0,0,0,0
0,0,0,0,0,0
0,0,0,0,0,0
0,0,0,0,0,0
0,0,0,0,0,0
0,0,0,0,0,0
0,0,0,0,0,0
0,0,0,0,0,0
0,0,0,0,0,0
0,0,0,0,0,0
0,0,0,0,0,0
0,0,0,0,0,0
0,0,0,0,0,0
0,0,0,0,0,0
0,0,0,0,0,0
0,0,0,0,0,0
0,0,0,0,0,0
0,0,0,0,0,0
0,0,0,0,0,0
0,0,0,0,0,0
0,0,0,0,0,0
0,0,0,0,0,0
0,0,0,0,0,0
0,0,0,0,0,0
0,0,0,0,0,0
0,0,0,0,0,0
0,0,0,0,0,0
0,0,0,0,0,0
0,0,0,0,0,0
0,0,0,0,0,0
0,0,0,0,0,0
0,0,0,0,0,0
0,0,0,0,0,0
0,0,0,0,0,0
0,0,0,0,0,0
0,0,0,0,0,0
0,0,0,0,0,0
0,0,0,0,0,0
0,0,0,0,0,0
0,0,0,0,0,0
0,0,0,0,0,0
0,0,0,0,0,0
0,0,0,0,0,0
0,0,0,0,0,0
0,0,0,0,0,0
0,0,0,0,0,0
0,0,0,0,0,0
0,0,0,0,0,0
0,0,0,0,0,0
0,0,0,0,0,0
0,0,0,0,0,0
0,0,0,0,0,0
0,0,0,0,0,0
0,0,0,0,0,0
0,0,0,0,0,0
0,0,0,0,0,0
0,0,0,0,0,0
0,0,0,0,0,0
0,0,0,0,0,0
0,0,0,0,0,0
0,0,0,0,0,0
0,0,0,0,0,0
0,0,0,0,0,0
0,0,0,0,0,0
0,0,0,0,0,0
0,0,0,0,0,0
0,0,0,0,0,0
0,0,0,0,0,0
0,0,0,0,0,0
0,0,0,0,0,0
0,0,0,0,0,0
0,0,0,0,0,0
0,0,0,0,0,0
0,0,0,0,0,0
0,0,0,0,0,0
0,0,0,0,0,0
0,0,0,0,0,0
0,0,0,0,0,0
0,0,0,0,0,0
0,0,0,0,0,0
0,0,0,0,0,0
0,0,0,0,0,0
0,0,0,0,0,0
0,0,0,0,0,0
0,0,0,0,0,0
0,0,0,0,0,0
0,0,0,0,0,0
0,0,0,0,0,0
0,0,0,0,0,0
0,0,0,0,0,0
0,0,0,0,0,0
0,0,0,0,0,0
0,0,0,0,0,0
0,0,0,0,0,0
0,0,0,0,0,0
0,0,0,0,0,0
0,0,0,0,0,0
0,0,0,0,0,0
0,0,0,0,0,0
0,0,0,0,0,0
0,0,0,0,0,0
0,0,0,0,0,0
0,0,0,0,0,0
0,0,0,0,0,0
0,0,0,0,0,0
0,0,0,0,0,0
0,0,0,0,0,0
0,0,0,0,0,0
0,0,0,0,0,0
0,0,0,0,0,0
0,0,0,0,0,0
0,0,0,0,0,0
0,0,0,0,0,0
0,0,0,0,0,0
0,0,0,0,0,0
0,0,0,0,0,0
0,0,0,0,0,0
0,0,0,0,0,0
0,0,0,0,0,0
0,0,0,0,0,0
0,0,0,0,0,0
0,0,0,0,0,0
0,0,0,0,0,0
0,0,0,0,0,0
0,0,0,0,0,0
0,0,0,0,0,0
0,0,0,0,0,0
0,0,0,0,0,0
0,0,0,0,0,0
0,0,0,0,0,0
0,0,0,0,0,0
0,0,0,0,0,0
0,0,0,0,0,0
0,0,0,0,0,0
0,0,0,0,0,0
0,0,0,0,0,0
0,0,0,0,0,0
0,0,0,0,0,0
0,0,0,0,0,0
0,0,0,0,0,0
0,0,0,0,0,0
0,0,0,0,0,0
0,0,0,0,0,0
0,0,0,0,0,0
0,0,0,0,0,0
0,0,0,0,0,0
0,0,0,0,0,0
0,0,0,0,0,0
0,0,0,0,0,0
0,0,0,0,0,0
0,0,0,0,0,0
0,0,0,0,0,0
0,0,0,0,0,0
0,0,0,0,0,0
0,0,0,0,0,0
0,0,0,0,0,0
0,0,0,0,0,0
0,0,0,0,0,0
0,0,0,0,0,0
0,0,0,0,0,0
0,0,0,0,0,0
0,0,0,0,0,0
0,0,0,0,0,0
0,0,0,0,0,0
0,0,0,0,0,0
0,0,0,0,0,0
0,0,0,0,0,0
0,0,0,0,0,0
0,0,0,0,0,0
0,0,0,0,0,0
0,0,0,0,0,0
0,0,0,0,0,0
0,0,0,0,0,0
0,0,0,0,0,0
0,0,0,0,0,0
0,0,0,0,0,0
0,0,0,0,0,0
0,0,0,0,0,0
0,0,0,0,0,0
0,0,0,0,0,0
0,0,0,0,0,0
0,0,0,0,0,0
0,0,0,0,0,0
0,0,0,0,0,0
0,0,0,0,0,0
0,0,0,0,0,0
0,0,0,0,0,0
0,0,0,0,0,0
0,0,0,0,0,0
0,0,0,0,0,0
0,0,0,0,0,0
0,0,0,0,0,0
0,0,0,0,0,0
0,0,0,0,0,0
0,0,0,0,0,0
0,0,0,0,0,0
0,0,0,0,0,0
0,0,0,0,0,0
0,0,0,0,0,0
0,0,0,0,0,0
0,0,0,0,0,0
0,0,0,0,0,0
0,0,0,0,0,0
0,0,0,0,0,0
0,0,0,0,0,0
0,0,0,0,0,0
0,0,0,0,0,0
0,0,0,0,0,0
0,0,0,0,0,0
0,0,0,0,0,0
0,0,0,0,0,0
0,0,0,0,0,0
0,0,0,0,0,0
0,0,0,0,0,0
0,0,0,0,0,0
0,0,0,0,0,0
0,0,0,0,0,0
0,0,0,0,0,0
0,0,0,0,0,0
0,0,0,0,0,0
0,0,0,0,0,0
0,0,0,0,0,0
0,0,0,0,0,0
0,0,0,0,0,0
0,0,0,0,0,0
0,0,0,0,0,0
0,0,0,0,0,0
0,0,0,0,0,0
0,0,0,0,0,0
0,0,0,0,0,0
0,0,0,0,0,0
0,0,0,0,0,0
0,0,0,0,0,0
0,0,0,0,0,0
0,0,0,0,0,0
0,0,0,0,0,0
0,0,0,0,0,0
0,0,0,0,0,0
0,0,0,0,0,0
0,0,0,0,0,0
0,0,0,0,0,0
0,0,0,0,0,0
0,0,0,0,0,0
0,0,0,0,0,0
0,0,0,0,0,0
0,0,0,0,0,0
0,0,0,0,0,0
0,0,0,0,0,0
0,0,0,0,0,0
0,0,0,0,0,0
0,0,0,0,0,0
0,0,0,0,0,0
0,0,0,0,0,0
0,0,0,0,0,0
0,0,0,0,0,0
0,0,0,0,0,0
0,0,0,0,0,0
0,0,0,0,0,0
0,0,0,0,0,0
0,0,0,0,0,0
0,0,0,0,0,0
0,0,0,0,0,0
0,0,0,0,0,0
0,0,0,0,0,0
0,0,0,0,0,0
0,0,0,0,0,0
0,0,0,0,0,0
0,0,0,0,0,0
0,0,0,0,0,0
0,0,0,0,0,0
0,0,0,0,0,0
0,0,0,0,0,0
0,0,0,0,0,0
0,0,0,0,0,0
0,0,0,0,0,0
0,0,0,0,0,0
0,0,0,0,0,0
0,0,0,0,0,0
0,0,0,0,0,0
0,0,0,0,0,0
0,0,0,0,0,0
0,0,0,0,0,0
0,0,0,0,0,0
0,0,0,0,0,0
0,0,0,0,0,0
0,0,0,0,0,0
0,0,0,0,0,0
0,0,0,0,0,0
0,0,0,0,0,0
0,0,0,0,0,0
0,0,0,0,0,0
0,0,0,0,0,0
0,0,0,0,0,0
0,0,0,0,0,0
0,0,0,0,0,0
0,0,0,0,0,0
0,0,0,0,0,0
