0,0,0,0,0,0
0.0,0.0,4.168125109143384,0.0,0.0,0.0
0.0,0.0,4.206411628194416,0.0,0.0,0.0
0.0,0.0,4.478069009007374,0.0,0.0,0.0
0.0,0.0,4.672785620476285,0.0,0.0,0.0
0.0,0.0,4.7937005706418585,0.0,0.0,0.0
0.0,0.0,5.109913623118743,0.0,0.0,0.0
0.0,0.0,4.941352493823176,0.0,0.0,0.0
0.0,0.0,4.3965055603562995,-0.00200413194350548,0.001294071253855271,0.0
0.0,0.0,4.527570069386164,0.0,0.0,0.0
0.0,0.0,4.648601008926485,0.0,0.0,0.0
0.0,0.0,4.288087237021992,0.0,0.0,0.0
0.0,0.0,4.242497168181916,0.0,0.0,0.0
0.0,0.0,4.415575157254913,0.0,0.0,0.0
0.0,0.0,4.674630047515519,0.0,0.0,0.0
0.0,0.0,4.652657385300511,0.0,0.0,0.0
0.0,0.0,4.843802732461046,0.0,0.0,0.0
0.0,0.0,5.162389449247309,0.0,0.0,0.0
0.0,0.0,5.31183148325648,0.0,0.0,0.0
0.0,0.0,5.309548048278762,0.0,0.0,0.0
0.0,0.0,5.545890252774914,0.0,0.0,0.0
0.0,0.0,5.985084133321207,0.0,0.0,0.0
0.0,0.0,6.111018965149348,0.0,0.0,0.0
0.0,0.0,6.494528487990283,0.0,0.0,0.0
0.0,0.0,6.576138831492612,0.0,0.0,0.0
0.0,0.0,6.817335169963148,-0.0027812597114947914,0.0,0.0
0.0,0.0,7.011314499109149,-0.0024657575890895196,0.0,0.0
0.0,0.0,6.921706091082038,-0.0019384850450554485,0.0,0.0
0.0,0.0,6.946030248664469,-0.008033870407862981,0.0,0.0
0.0,0.0,7.096869058347735,-0.004171729243012691,0.0,0.0
0.0,0.0,7.2705906464697065,-0.004138978172301691,0.0,0.0
0.0,0.0,7.2040522823624205,-0.004849251123744643,0.0,0.0
0.0,0.0,7.148379568695806,-0.011339131102432074,0.0,0.0
0.0,0.0,7.007582947370151,-0.006005169045342195,0.0,0.0
0.0,0.0,7.1200036030842,-0.0016278379111726118,0.0,0.0
0.0,0.0,6.9888563398422745,-0.0010466489141016263,0.0,0.0
0.0,0.0,6.969158061319156,0.0,0.0,0.0
0.0,0.0,7.161979550912653,0.0,0.0,0.0
0.0,0.0,7.1214201477953285,-0.002010005042430406,0.0,0.0
0.0,0.0,7.159524028960166,-0.004586297474352474,0.0,0.0
0.0,0.0,7.163516395243879,-0.0032965540379396793,0.0,0.0
0.0,0.0,7.173963839295072,-0.002831126271695398,0.0,0.0
0.0,0.0,7.34928215136569,-0.0034812525917558524,0.0,0.0
0.0,0.0,7.274119091011945,-0.002427087928008373,0.0,0.0
0.0,0.0,7.228917550429993,-0.004365586093470378,0.0,0.0
0.0,0.0,7.357600089361574,-0.004265228705136121,0.0,0.0
0.0,0.0,7.120733777784194,-0.0011657098187948284,7.327683294633103e-05,0.0
0.0,0.0,7.175563278895839,-0.003929409743059358,0.0,0.0
0.0,0.0,7.364566248528108,-0.00042431354363302456,0.0,0.0
0.0,0.0,7.570190023347509,0.0,0.0,0.0
0.0,0.0,7.2266106861134585,0.0,0.0,0.0
0.0,0.0,7.344680244288448,0.0,0.0,0.0
0.0,0.0,7.5682599560204284,0.0,0.0,0.0
0.0,-0.003232940887261121,7.6094237422882545,-0.00534987661152697,0.0,0.0
0.0,-0.06543862668693787,7.616251355816189,-0.013265221446472903,0.0,0.0
0.0,-0.1317758585279199,7.53276750884924,-0.013963233209794031,0.0,0.0
0.0,-0.23362392445031616,7.7587376006120605,-0.008707237875693344,0.0,0.0
0.0,-0.04941152665317251,7.919269256265243,-0.007541710415243136,0.0,0.0
0.0,-0.026764910121969653,7.851360030017844,-0.005071836087267247,0.0,0.0
0.0,0.0,7.8805486817520585,-0.0045930450370797096,0.0,0.0
0.0,0.0,8.292266189833555,-0.0023760045004265432,0.0,0.0
0.0,0.0,8.127054143724434,-0.004765509924012074,0.0,0.0
0.0,0.0,7.8278977631476625,-0.0056070747832592215,0.0,0.0
0.0,0.0,8.072902764344814,-0.0015364403587988745,0.0,0.0
0.0,0.0,8.452450183882283,-0.0018794855987184576,0.0,0.0
0.0,-0.16653998732160077,8.659830161232666,-0.0061351156941447434,0.0,0.0
0.0,-0.30588893940524137,8.597379735295867,-0.01416388161443552,0.0,0.0
0.0,-0.12431385767727299,8.551894698984203,-0.020410755113281307,0.0,0.0
0.0,-0.1714670603356385,8.690741632464542,-0.0064185271485621585,0.0,0.0
0.0,0.0,8.805530310414536,-0.0003696546202816296,0.0,0.0
0.0,0.0,8.753486901756595,-0.0014545367129040992,0.0,0.0
0.0,-0.009279700567667058,8.55265424631521,-0.0025869824918386686,0.0,0.0
0.0,-0.11186023371827558,8.90742798301902,-0.008423366195643496,0.0,0.0
0.0,-0.6556211662206592,8.62490698342764,-0.01740000791646549,0.0,0.0
0.0,-0.8066217661027532,8.488008139377351,-0.028754637591758437,0.0,0.0
0.0,-0.5437097711052081,8.720793129700256,-0.027700545608026584,0.0,0.0
0.0,-0.4838554130557804,8.555315028997626,-0.019319307604523557,0.0,0.0
0.0,-0.04535928539415688,8.613206779179293,-0.00789471937233976,0.0,0.0
0.0,0.0,8.53036628856508,0.0,0.0,0.0
0.0,0.0,8.73694105554676,0.0,0.0,0.0
0.0,0.0,8.723736967415919,0.0,0.0,0.0
0.0,0.0,8.418702847434302,-0.006350455422087731,0.0,0.0
0.0,-0.5536094408369272,8.536221727032377,-0.010618145762740868,0.0,0.0
0.0,-0.6032087345619812,8.73353082383339,-0.025627865386718907,0.0,0.0
0.0,-0.6666326038201196,8.644381829732602,-0.021489407671553638,0.0,0.0
0.0,0.0,8.671670545938685,-0.009498155479775103,0.0,0.0
0.0,0.0,9.077955129850176,0.0,-0.002896318410585152,0.0
0.0,0.0,9.142897290404203,0.0,-0.007846424600311009,0.0
0.0,0.0,9.314547377205537,0.0,0.0,0.0
0.0,-0.2762813622919258,9.068236860850496,-0.006294603438812324,0.0,0.0
0.0,-0.7155583414837257,9.132958398586734,-0.02469157395563009,0.0,0.0
0.0,-0.6926050491678423,9.249068549500429,-0.03655362165494893,0.0,0.0
0.0,-0.5837183725107021,9.407166804621252,-0.02525860321093016,0.0,0.0
0.0,-0.1876888950178717,8.978442776477415,-0.014196132739320782,0.0,0.0
0.0,-0.005287876546769116,9.206296168741627,-0.0008658881158245642,0.0,0.0
0.0,0.0,9.329872261322569,0.0,0.0,0.0
0.0,0.0,9.13886021365039,0.0,0.0,0.0
0.0,-0.1379253277174463,8.953700940787542,-0.010425847031264264,0.0,0.0
0.0,-0.39461784062254124,8.976608461633775,-0.019449600582547327,0.0,0.0
0.0,-0.2925042031502393,8.831237088768571,-0.020282468098648525,0.0,0.0
0.0,-0.371899707366462,9.011404239703646,-0.015677267708026525,0.0,0.0
0.0,-0.13931356695688646,8.933575875717072,-0.02106903855893652,0.0,0.0
0.0,-0.05390534072356331,8.980798574894038,-0.009535683520584756,0.0,0.0
0.0,-0.06924305280735803,8.967736507177593,-0.004828429646024949,0.0,0.0
0.0,0.0,8.648099582452097,-0.003536795044116596,0.0,0.0
0.0,0.0,8.521682820849394,0.0,-6.082985889523788e-05,0.0
0.0,0.0,8.785973965826381,0.0,-0.0013836492177786615,0.0
0.0,0.0,8.852403195249746,0.0,0.0,0.0
0.0,0.0,8.567967976928168,-0.005204902187608531,0.0,0.0
0.0,-0.07265502207970262,8.643486540298081,-0.006996025747254442,0.0,0.0
0.0,-0.0637159975073377,8.55757490015568,-0.00871202001725612,0.0,0.0
0.0,0.0,8.747043973492818,-0.003003544932270465,0.0,0.0
0.0,0.0,8.59360332919759,0.0,0.0,0.0
0.0,0.0,8.671272347484665,0.0,0.0,0.0
0.0,0.0,8.834848560390355,0.0,0.0,0.0
0.0,0.0,8.289500855591104,0.0,0.0,0.0
0.0,0.0,8.33059663633625,0.0,-0.007338253770551098,0.0
0.19904041557766855,0.0,8.668323249002592,0.0,-0.00526512416044838,0.0
0.0,-0.011388432310261667,8.925818926330283,-0.0013976164719011644,0.0,0.0
0.0,-0.049229759230925006,8.354864290417197,-0.025951482651197767,0.0,0.0
0.0,0.0,8.792820903482752,-0.013305348049566065,0.0,0.0
0.0,0.0,9.183142471773243,0.0,0.0,0.0
0.06971639835726087,0.0,9.590949548090839,0.0,-0.01416986575085207,0.0
0.0,0.0,9.844453735898355,0.0,-0.012999568785029322,-0.00496190657423841
0.0,-0.039054579323661506,9.46805426076134,-0.007318334215553998,0.0,-0.010066223940933912
0.0,-0.229082382230003,9.722141747506653,-0.021702773333279746,0.0,-0.01575320352888531
0.0,-0.3269490329741509,10.464126501954294,-0.00660576593217888,0.0,-0.009666886160700973
0.0,0.0,10.515298338282717,-0.008588232515430855,0.0,-0.010387540753074836
0.0,-0.041906433094538856,10.194446977159732,-0.01369482357262879,0.0,-0.011748303331047542
0.0,-0.1341151828486616,10.263331872226413,-0.006548262467953104,0.0,-0.010616977428129922
0.0,0.0,10.15626097785874,-0.00013374593320807275,-0.003021774042313416,-0.010449829793035204
0.0,0.0,10.47009885885364,0.0,-0.0033576946536506497,-0.011188173804534605
0.0,0.0,10.444023187622085,-0.0018828933739305266,0.0,-0.011755420713123268
0.0,-0.3675331018087908,10.448088325598775,-0.01703917613433286,0.0,-0.00922201441145551
0.0,-0.17466551049022525,10.023326931093937,-0.04066052646262498,0.0,-0.01370547275442337
0.0,-0.0028842823498235045,10.37186306832199,-0.012792119794530848,0.0,-0.012621947003541977
0.0,0.0,11.099729513125194,0.0,0.0,-0.012284228904596569
0.0,0.0,10.777311876997455,0.0,0.0,-0.009281595301799303
0.0,-0.02277114809865153,9.881854542118983,-0.010866698677399627,0.0,-0.01146090456194404
0.0,0.0,9.885253101855401,-0.008906280427669189,0.0,-0.01077069002187132
0.0,0.0,10.744006119756644,0.0,0.0,-0.006748309688924761
0.0,0.0,10.552246055257609,0.0,0.0,-0.005906859086582651
0.0,0.0,9.554422180681467,-0.012247146229326409,0.0,-0.010322085544770192
0.0,0.0,9.084875745072203,-0.01269388953808949,0.0,-0.009356037565907954
0.0,0.0,9.672170774412107,0.0,0.0,-0.00918349107365553
0.0,0.0,9.853050149975072,0.0,0.0,-0.004702785672564139
0.0,0.0,9.488365212182023,0.0,0.0,-0.0042190638315610035
0.0,0.0,8.55060180403271,0.0,0.0,-0.006206440351638457
0.0,0.0,9.04054557593115,0.0,0.0,-0.007416727558792533
0.0,0.0,9.746295510973749,0.0,-0.00049737153920818,-0.005130515993495279
0.0,0.0,9.355416630679372,0.0,0.0,-0.00727337427952178
0.0,0.0,8.65930534081425,-0.004666706622079276,0.0,-0.006543191040228456
0.0,0.0,9.198764500671492,-0.00707932773780536,0.0,-0.006197515417499427
0.0,0.0,9.627214630389812,0.0,0.0,-0.0018117903889093537
0.0,0.0,9.866215211945413,-0.00025747945038603215,0.0,-0.004586506947779893
0.0,0.0,9.418190315136044,0.0,0.0,-0.006648295469172974
0.0,0.0,10.180872011037518,0.0,-0.005623217924471334,-0.0034397958103878704
0.0,-0.11803580087227523,10.48864929354038,-0.023709578016263534,0.0,-0.001892969862727201
0.0,-0.5381465403972772,9.664745594075232,-0.05052585857615308,0.0,-0.001146753235761961
0.0,0.0,10.581138885163659,-0.024864625821637117,0.0,-0.00017465647656818525
0.0,0.0,11.358046775303956,-0.006370914745364317,0.0,0.0
0.0,0.0,10.530433346811808,-0.009351813639109651,0.0,0.0
0.0,0.0,9.84704509869422,-0.012638262427517182,0.0,0.0
0.0,0.0,10.051580025808747,-0.0072692074336599775,0.0,0.0
0.0,0.0,11.130113905609864,-0.001987964934174646,0.0,0.0
0.0,0.0,10.46322464263802,-0.006378925284130099,0.0,0.0
0.0,0.0,9.7352784360377,-0.018786898727895386,0.0,0.0
0.0,-0.16179687130779488,10.82061402433131,-0.01435342883554036,0.0,0.0
0.0,0.0,10.800001671631442,-0.018755626666515493,0.0,0.0
0.0,-0.2685068322467665,10.227605562609948,-0.014654963189371487,0.0,0.0
0.0,-0.06508289242097604,9.931347828843725,-0.023483870987283967,0.0,0.0
0.0,0.0,10.203129448300121,-0.01915858406451278,0.0,0.0
0.0,0.0,9.702272683124585,-0.010621564666112679,0.0,0.0
0.0,0.0,9.262777968711678,-0.005064507807574686,0.0,0.0
0.0,0.0,9.102297723931432,0.0,0.0,0.0
0.0,0.0,9.14796939532214,0.0,0.0,0.0
0.0,0.0,9.011984970626902,0.0,-0.0016311740613926865,0.0
0.0,0.0,8.463373624619031,0.0,0.0,0.0
0.0,0.0,8.655642973849643,0.0,0.0,0.0
0.0,0.0,8.768233138250546,0.0,0.0,0.0
0.0,0.0,8.37478775421188,0.0,0.0,0.0
0.0,0.0,9.068837671731071,0.0,-0.0043887630166785626,0.0
0.0,0.0,9.062156603663706,0.0,0.0,0.0
0.0,0.0,9.042343443906242,-0.0006576963463481538,0.0,0.0
0.0,0.0,9.054972047474646,-0.007637129326262084,0.0,0.0
0.0,-0.04882752205016058,8.851865008375444,-0.02488580204450658,0.0,0.0
0.0,0.0,8.759024766320444,-0.015433072244615018,0.0,0.0
0.0,0.0,9.72295168297478,-0.005896241088311375,0.0,0.0
0.0,0.0,9.211374467602468,-0.018410101674849993,0.0,0.0
0.0,-0.14319896456159678,8.212411410215351,-0.029244883840559906,0.0,0.0
0.0,0.0,9.149370927701375,-0.0034630439127101135,0.0,0.0
0.0,0.0,9.88734098450371,-0.004925732477845805,0.0,0.0
0.0,-0.09133906010469775,8.74716614140822,-0.01864753755522074,0.0,0.0
0.0,-0.32573961837450777,8.508161240881982,-0.022650664890612914,0.0,0.0
0.0,0.0,8.912433361240145,-0.022100009298602015,0.0,0.0
0.0,-0.039294349143011956,9.096661707761887,-0.016073118983544958,0.0,0.0
0.0,0.0,9.248932037341607,-0.013367580450334402,0.0,0.0
0.0,-0.45100283419750165,9.026836108599849,-0.02424072229724119,0.0,0.0
0.0,-0.8329258930368141,8.21021543633278,-0.035496622193159584,0.0,0.0
0.0,-0.2398842830982864,8.65473467692069,-0.015604428325852071,0.0,0.0
0.0,-0.35057781703020957,7.45919896078118,-0.026411878301912904,0.0,0.0
0.0,-0.010554753277059865,7.437649085529435,-0.01684073176750093,0.0,0.0
0.0,0.0,8.14993535892776,0.0,-0.0003443839507716346,0.0
0.0,0.0,8.41376682112794,0.0,-0.004378404482314722,0.0
0.0,0.0,7.56134697166584,0.0,0.0,0.0
0.0,0.0,7.14765850534048,-0.0025080471223857276,0.0,0.0
0.012055082617020044,0.0,8.192225989882692,0.0,-5.0137827160020536e-05,0.0
0.10330322922407993,0.0,8.607239538762574,0.0,-0.0021606269616827297,0.0
0.0,-0.24248011185832405,7.727006183710131,-0.01315494091557789,0.0,0.0
0.0,-0.2517258942688906,7.574851101569985,-0.01951752553165672,0.0,0.0
0.06582317790235699,-0.21849536597597724,8.242867256795428,-0.007958395277625827,-0.0018069214115507778,0.0
0.0,-0.09460823816692032,8.120730482031226,-0.011932467921539245,-0.0011649278213990127,0.0
0.0,-0.25999979026955355,7.889633801252309,-0.02299819584245862,0.0,0.0
0.0459324016200493,-0.31257025678033395,7.362378802101378,-0.02321689142899503,-0.0004441836746585992,0.0
0.0,-0.16967772347145207,7.9610081806103254,-0.014949702340348866,-0.0013560955096616812,0.0
0.0,-0.49862023414180145,7.7407933903665365,-0.026782912500963596,0.0,0.0
0.0,-0.7290197057417508,7.084010802182876,-0.0420251782322267,0.0,0.0
0.0,-0.489351210098636,7.012322410333096,-0.025057971657866007,-0.0003261184746072497,0.0
0.0,-0.1566094214502012,7.463941618657117,-0.016713681600528156,0.0,0.0
0.11130486827459138,0.0,8.033497532499494,-0.002769261515073751,-0.003549391539070877,0.0
0.0,-0.12454634177148102,7.730178118903389,-0.012802837028541195,0.0,0.0
0.0,-0.9113730324148476,6.620092879175796,-0.037182907320749206,0.0,0.0
0.0,-0.48906526413226403,6.870130722816144,-0.024523885231024414,0.0,0.0
0.0,0.0,8.053822089444862,-0.010579747992092034,0.0,0.0
0.0,-0.5052372793407309,7.339040534631127,-0.028310984101758647,0.0,0.0
0.0,-0.4474141109136124,6.657627866741055,-0.04207337784433873,0.0,0.0
0.0,-0.023620844846217216,7.298331010428572,-0.023248989013370285,0.0,0.0
0.0,-0.050160259559341516,7.050113970038974,-0.02118042710903289,0.0,0.0
0.0,0.0,6.762117156639586,-0.012733442747529706,0.0,0.0
0.0,0.0,6.870443811728109,-0.001168737023369205,0.0,0.0
0.0,0.0,7.003721182214571,0.0,0.0,0.0
0.0,0.0,7.417179634936109,0.0,0.0,0.0
0.0,0.0,7.02852831280442,-0.01350140785528901,0.0,0.0
0.0,-0.5360778836768351,6.829373206343819,-0.03224949747619585,0.0,0.0
0.0,-0.3081069983100769,7.254834709974489,-0.03247722251787589,0.0,0.0
0.0,0.0,7.621097560816527,-0.023246263210376945,0.0,0.0
0.0,-0.09469747586933795,6.875822559124349,-0.029589679420034244,0.0,0.0
0.0,0.0,6.803411960151294,-0.01879329843814944,0.0,0.0
0.0,0.0,7.06640383177375,-0.009064184650705617,0.0,0.0
0.0,0.0,7.118337777942914,0.0,0.0,0.0
0.08187194405991,0.0,6.334144572051363,0.0,-0.0026082486263545685,0.0
0.2669473126634402,0.0,6.255133581512693,0.0,-0.0009674630588558785,0.0
0.21961803053711865,0.0,6.598943580603556,-0.004000413605993937,0.0,0.0
0.06669892881140385,-0.013731922598428137,6.189167212286971,-0.02218397222386525,0.0,0.0
0.0,-0.33130274159858814,6.739648144642703,-0.025196438077227924,0.0,0.0
0.0,-0.6738961304061892,5.9683819349388845,-0.05490922636213573,0.0,0.0
0.0,-0.6306049701076901,5.921143515659079,-0.04982974191186442,0.0,0.0
0.0,-0.11509491507779594,6.447793715824791,-0.02659807626510067,0.0,0.0
0.0,-0.0704571885998879,6.312817205964992,-0.014785723305460699,0.0,0.0
0.0,0.0,6.119936089481362,-0.01856999420225415,0.0,0.0
0.0,0.0,6.7383728959231775,-0.009911848780294961,0.0,0.0
0.0,0.0,6.465373618432112,-0.01515639973697842,0.0,0.0
0.0,0.0,6.555536502541751,-0.018297648900792312,0.0,0.0
0.0,0.0,6.8239228978023645,-0.013359200066609822,0.0,0.0
0.02120242957645674,0.0,6.9987965303726325,-0.013656666293958033,0.0,0.0
0.0,0.0,6.732850008453276,-0.011830151309885854,0.0,0.0
0.0,0.0,6.646020183042294,-0.014017938166773849,0.0,0.0
0.0,0.0,6.723484092377911,-0.016484946384460856,0.0,0.0
0.02656156653478589,0.0,6.8173362219326945,-0.005919222212510432,0.0,0.0
0.02656156653478589,0.0,6.8173362219326945,-0.005919222212510432,0.0,0.0
0.17961134724844127,0.0,6.265293537111668,-0.008053116781100014,0.0,0.0
0.06246525893659553,0.0,6.543849477594054,-0.011241003240384701,0.0,0.0
0.0,-0.24410238397528233,6.095872289642182,-0.018480732473720174,0.0,0.0
0.0,-0.49902250666343173,5.844132975282402,-0.03382780259405941,0.0,0.0
0.20224287162278132,-0.15285217831205128,6.062611127806202,-0.02119629844149292,0.0,0.0
0.29887242564952976,0.0,6.0801937111969835,-0.013361897928379576,-0.0022116335365256973,0.0
0.42713211991984934,0.0,5.773148503715648,-0.00773992276568425,-0.0019847996842786157,0.0
0.021640040843399946,0.0,5.448017992330643,-0.019551668476179,0.0,0.0
0.0,-0.14820697435130387,5.154225869574634,-0.028673309150102078,0.0,0.0
0.0,-0.1995292978080031,4.658946340149214,-0.02603322413890633,0.0,0.0
0.0,0.0,5.330523443869703,-0.019355575864858494,0.0,0.0
0.0,-0.0006751631427584446,5.132166130946557,-0.016387909376059405,0.0,0.0
0.0,0.0,4.809341665465285,-0.02379020605324161,0.0,0.0
0.0,0.0,5.073019205249126,-0.019048132716907078,0.0,0.0
0.0,0.0,5.086769747478086,-0.010688502635221616,0.0,0.0
0.01867061456767279,0.0,5.55391711158299,-0.006925831247734835,0.0,0.0
0.0,0.0,5.349525254930384,-0.010255508205561622,0.0,0.0
0.0,-0.06964094119524475,4.779344869049577,-0.025395114692773845,0.0,0.0
0.0,-0.1792623887711833,5.240685725038105,-0.030531046264036965,0.0,0.0
0.0,-0.18947234672538377,4.661405197446102,-0.028325778690433456,0.0,0.0
0.0,0.0,5.070494242725376,-0.005437137914873223,0.0,0.0
0.061967901597514044,0.0,5.477813420670552,0.0,-0.0006913927048060981,0.0
0.0,0.0,5.802523485510488,0.0,0.0,0.0
0.0,0.0,5.4470148328914245,-0.007355554024020138,0.0,0.0
0.0,-0.0008995181389821949,5.4071781513659625,-0.020128520828809233,0.0,0.0
0.0,-0.04949614214193342,5.5908995163305795,-0.026339620314125088,0.0,0.0
0.0,-0.03054073752512646,5.63513957838952,-0.02048061314105238,0.0,0.0
0.0,-0.04945796263722976,5.220493964335399,-0.02367234298171533,0.0,0.0
0.0,0.0,5.1173753939475395,-0.01959479897884069,0.0,0.0
0.0,0.0,5.155396150433168,0.0,0.0,0.0
0.03594930510463967,0.0,5.362720305371745,0.0,0.0,0.0
0.1769674036080787,0.0,4.498391404364922,0.0,-0.0016287330457138726,0.0
0.3982329558021648,0.0,4.571607572530399,0.0,-0.0021383727137260582,0.0
0.13193047444858472,0.0,4.952803209104356,0.0,-0.0007735479548427865,0.0
0.0,0.0,4.4818990054256105,-0.0181202592898452,0.0,0.0
0.0,-0.5562567982120128,4.320503039173019,-0.026909662917939215,0.0,0.0
0.0,-0.39391477921215906,3.991132113959735,-0.03836385193915565,0.0,0.0
0.0,0.0,4.327744291521084,-0.01355167645007709,0.0,0.0
0.0,0.0,4.511295497623858,-0.0005612970416822725,0.0,0.0
0.0,0.0,4.183921450012518,-0.0015564075706264763,0.0,0.0
0.0,0.0,4.389453743119448,0.0,0.0,0.0
0.0,0.0,4.737548958588836,-0.00024100211499784827,0.0,0.0
0.0,0.0,4.63398728784577,-0.004093982725024019,0.0,0.0
0.0,0.0,4.6826127408068405,-0.018617146374107822,0.0,0.0
0.0,0.0,4.497845708373731,-0.020933177271667384,0.0,0.0
0.0,0.0,4.628680502643622,-0.004909447931054707,0.0,0.0
0.0,0.0,4.5488738070813435,0.0,0.0,0.0
0.0,0.0,4.631191330949483,0.0,0.0,0.0
0.0,0.0,4.7303001372187286,0.0,0.0,0.0
0.0,0.0,4.5658513836451675,0.0,0.0,0.0
0.0,0.0,4.586335686417672,-0.006959214278427971,0.0,0.0
0.0,-0.22257329164892461,4.312728398978596,-0.020842983605641997,0.0,0.0
0.0,-0.03894448351111403,4.330063849136239,-0.023022812492995044,0.0,0.0
0.0,0.0,4.687565382728836,-0.017352967590832942,0.0,0.0
0.0,0.0,4.5361596552509145,-0.017018184354950176,0.0,0.0
0.0,0.0,4.283557994891164,-0.008022138521813379,0.0,0.0
0.0,0.0,4.856229731109606,0.0,0.0,0.0
0.0,0.0,4.291975678027227,0.0,0.0,0.0
0.0,0.0,4.0338421368369595,-0.0029164503229077133,0.0,0.0
0.0,0.0,4.440345955198113,-0.01107552542156832,0.0,0.0
0.0,-0.2594282566176942,4.034147707338063,-0.02588796651585277,0.0,-0.0005515772138496276
0.0,-0.11648653291034765,4.149069287195381,-0.013562536759346041,0.0,-0.003842141152883013
0.0,-0.18769386300581142,4.206532593888364,-0.00831391787372684,0.0,-0.004695896482971262
0.0,-0.17185279889927216,4.142972877885654,-0.015208091584590156,0.0,-0.00351304255884114
0.0,-0.26024143889821655,4.0836267710241385,-0.014290857327492464,0.0,-0.013864374520224505
0.0,-0.029843372627781972,3.981135871727789,-0.019550452044814717,0.0,-0.012960682537913845
0.0,0.0,4.3237596009644905,-0.0009580687167486749,0.0,-0.01580341866344817
0.0,0.0,4.448406063786953,0.0,0.0,-0.020631228669527327
0.0,0.0,4.379469780263732,0.0,0.0,-0.02098412844357546
0.0,0.0,4.939257347248994,-0.00367027921255772,0.0,-0.02018620599957551
0.0,-0.18968998017400834,4.671581415037612,-0.010561994478024013,0.0,-0.02031115614875594
0.0,-0.5225775540005301,4.130424910568697,-0.030532484302206602,0.005319093718041698,-0.024974487761460957
0.0,-0.3194126185725186,4.266715051972648,-0.02248387233142543,0.0015721470255894321,-0.022398125041891113
0.0,0.0,4.258264482383515,-0.01232390860235166,0.0,-0.022320171341658757
0.0,0.0,4.437671875549113,-0.0010574336834730442,0.0,-0.018693600346487375
0.0,0.0,4.021300469203486,0.0,0.0,-0.01671392924564143
0.0,0.0,3.986559509644189,0.0,0.0,-0.020179205065963192
0.0,0.0,4.210002798830988,0.0,0.0,-0.017253019810220434
0.0,0.0,4.10146995753867,0.0,0.0,-0.014111812728895414
0.0,0.0,4.126978773245008,0.0,0.0,-0.017626034395280075
0.0,0.0,4.014099573307359,-0.004281228442137859,0.0,-0.01803290989717421
0.0,-0.1277360723734904,3.790564342537332,-0.020234432575038236,0.0,-0.013753982782037443
0.0,0.0,3.8390197917944433,-0.021118169754186226,0.0,-0.014798089834422717
0.0,0.0,3.8285771159036655,-0.011479257793532727,0.0,-0.013519095359034164
0.0,0.0,3.8326567224256287,0.0,0.0,-0.00903334684144301
0.0,0.0,4.211421692952734,0.0,0.0,-0.007253037017521577
0.0,0.0,3.9014892487227604,0.0,0.0,-0.0068167778203520185
0.0,0.0,3.4850633203788823,-0.020748394969101108,0.0,-0.005347047569938666
0.0,-0.08620147231995774,3.7645237788064825,-0.02504870655425411,0.0,-0.0010297302915648408
0.0,-0.4391624773109606,3.738546578502284,-0.04439648975717476,0.006645635308199296,-0.0012138828448977064
0.0,-0.30402360766286096,3.199571212709544,-0.0659921094127767,0.006952010853547611,0.0
0.0,-0.026556946056404,3.084495901199307,-0.03397128937528576,0.0,0.0
0.0,0.0,3.5699854408126925,-0.007820815087466512,0.0,0.0
0.0,0.0,3.298691619166634,0.0,0.0,0.0
0.0,0.0,2.9962541071475712,0.0,0.0,0.0
0.0,0.0,3.0961071305014345,0.0,0.0,0.0
0.0,0.0,3.0992946562975847,-0.005203120734092485,0.0,0.0
0.0,-0.06935997186095583,2.7216121713916754,-0.015867334437823812,0.0,0.0
0.0,-0.20638960861683966,2.6140080210724266,-0.025825634102223105,0.0,0.0
0.0,-0.06549109565083872,2.9752458817111593,-0.014033343248498415,0.0,0.0
0.0,0.0,3.0779442644004016,-0.004668760796269635,0.0,0.0
0.0,0.0,3.0752489975208968,0.0,0.0,0.0
0.0,0.0,3.256573341179145,0.0,0.0,0.0
0.0,0.0,3.0553909178467222,0.0,0.0,-0.0004796966216885244
0.0,0.0,3.588650953393658,0.0,0.0,0.0
0.0,0.0,3.810608818602136,-0.006034102388702814,0.0,-0.0023057757594259535
0.0,-0.252405007858694,3.3743454575668372,-0.017144915797676734,0.0,-0.0012665267418419002
0.0,-0.08851069232301147,3.6731483930724567,-0.020310460062231767,0.0,-0.004700071443631149
0.0,-0.03146145482782881,3.760894782739526,-0.022255536118849055,0.0,-0.005133890394375455
0.0,-0.012966561022791898,3.504298497744533,-0.017905250191350773,0.0,-0.0027278709721946337
0.0,0.0,3.5356100277546765,-0.007247320019176928,0.0,-0.0027378793151767488
0.0,0.0,3.657381065971223,-0.002018181889901059,0.0,-0.0024210942119258826
0.0,0.0,2.9914428095002465,-0.007654053992301364,0.0,-0.005433378185480799
0.0,0.0,3.2434585832662606,0.0,0.0,-0.004395853104183273
0.0,0.0,2.996366033118805,-0.009922192129782317,0.0,-0.003516139517179005
0.0,0.0,2.645850861256728,-0.017220323478758626,0.0,-0.004359653693479356
0.0,0.0,2.7890465817538863,-0.0213764662898226,0.0,-0.006094219589534633
0.0,0.0,2.765970659319009,-0.025657156833542888,0.0,-0.008483326307956266
0.0,0.0,2.4837918778009946,-0.021521141796270547,0.0,-0.006529528831585071
0.0,0.0,2.51591512494341,-0.007055339820461688,0.0,-0.004472210635669896
0.0,0.0,2.5920869110117186,0.0,0.0,-0.004830859519463055
0.0,0.0,2.6259583648050473,0.0,0.0,-0.004736150545798138
0.0,0.0,2.213159063896663,0.0,0.0,-0.001887387647511215
0.0,0.0,2.62702603687788,0.0,0.0,-0.004814879275565913
0.0,0.0,2.336649046570838,0.0,0.0,-0.007737628697840765
0.0,0.0,1.8741833048073484,-0.007915355183542232,0.0,-0.006243609608965824
0.0,0.0,2.0860393153374823,-0.007711361256808183,0.0,-0.007806988324515793
0.0,0.0,2.0532748243504453,-0.0009135038101411684,0.0,-0.006840680292463694
0.0,0.0,1.7702294411808146,0.0,0.0,-0.005462265784715806
0.0,0.0,1.958567590258712,0.0,0.0,-0.004918617603680094
0.0,0.0,2.6228030640944415,0.0,0.0,-0.008960638159202432
0.0,0.0,2.5398888470590846,0.0,0.0,-0.010041336815992648
0.0,0.0,2.449565712981132,-0.004314291547011478,0.0,-0.00928412437771838
0.0,0.0,2.6154279887449925,-0.009580760057859676,0.0,-0.012051768720866614
0.0,0.0,2.873248546450035,-0.02095028231093851,0.0,-0.013978888322941144
0.0,-0.28011550248918443,2.4655188236270535,-0.028248273262431633,0.002217083791642589,-0.011137501962430227
0.0,0.0,2.182431549098288,-0.019208343325248924,0.0,-0.011816142418171065
0.0,0.0,2.543622214306048,-7.901910052922573e-05,0.0,-0.01131633126220372
0.0,0.0,2.2925837371174107,-0.002851794566174582,0.0,-0.010767990845691277
0.0,0.0,2.4721455911825876,0.0,0.0,-0.013885687281179213
0.0,0.0,2.7885477969368155,0.0,0.0,-0.014639919808769025
0.0,0.0,2.459491611266131,0.0,0.0,-0.014161143735794782
0.0,0.0,2.5490713252246455,0.0,0.0,-0.017411948773535517
0.0,0.0,2.5490713252246455,0.0,0.0,-0.017411948773535517
0.0,0.0,2.192026751484399,-0.0234305326296888,0.0,-0.018486859565456582
0.0,0.0,2.0943631865870076,-0.012869146098293116,0.0,-0.016425405033538926
0.0,0.0,2.4073184180067635,0.0,0.0,-0.016061295592514895
0.0,0.0,2.7092007739002977,0.0,0.0,-0.013061434436008929
0.0,0.0,2.4640052459132855,0.0,0.0,-0.01589416854805436
0.0,0.0,2.416740803974961,-0.0003872062793631772,0.0,-0.01909113439770635
0.0,0.0,2.416740803974961,-0.0003872062793631772,0.0,-0.01909113439770635
0.0,0.0,2.657468027051379,-0.0028993008400369754,0.0,-0.014472938203813823
0.0,0.0,2.9198641532153404,-0.007554034503867905,0.0,-0.01542935302335326
0.0,-0.010238010609075376,2.6889199778813597,-0.014547349938431103,0.0,-0.01457051078909434
0.0,0.0,2.6354534511004672,-0.017530658010007975,0.0,-0.020104342297037132
0.0,0.0,2.6056447604755184,-0.01123168837057726,0.0,-0.010681269126708578
0.0,0.0,2.826755454174577,-0.00761783605404952,0.0,-0.014857206080619505
0.0,0.0,2.5403969582340857,-0.00091612079221047,0.0,-0.012845950694716595
0.0,0.0,2.5749201733325995,0.0,0.0,-0.010716512779965198
0.0,0.0,2.4692648854257198,0.0,0.0,-0.007857208231031294
0.0,0.0,2.093430644685969,-0.008445332245970404,0.0,-0.01300167046240001
0.0,0.0,2.051858653590996,-0.0014003961416096226,0.0,-0.01204487564352352
0.0,0.0,2.6470757040400352,0.0,0.0,-0.00900815640021126
0.0,0.0,2.3423230466375413,0.0,0.0,-0.009998936063352162
0.0,0.0,2.1000993211625576,-0.006967999537776453,0.0,-0.009273639360353015
0.0,0.0,2.1396717618782843,-0.0019473843655179804,0.0,-0.008286281147027726
0.0,0.0,2.681854135404234,0.0,0.0,-0.01010662661944776
0.0,0.0,1.8399175930626288,-0.002970789068963086,0.0,-0.007512245824472534
0.0,0.0,1.96873641123703,0.0,0.0,-0.013048997586395683
0.0,0.0,2.4397897128157284,0.0,0.0,-0.010120700650523872
0.0,0.0,2.2212595005807043,0.0,0.0,-0.005136105773848722
0.0,0.0,2.0334441806861534,0.0,0.0,-0.009167478035786252
0.0,0.0,1.8570674070913025,0.0,0.0,-0.009921367947075831
0.0,0.0,2.1664583593343525,0.0,0.0,-0.007617196854435233
0.0,0.0,1.8365182022930853,-0.01197047329788557,0.0,-0.010652129913277
0.0,0.0,1.5255882418900364,-0.008585669316580214,0.0,-0.011917760533857905
0.0,0.0,1.8665191753438777,0.0,0.0,-0.01176968305629591
0.0,0.0,2.1015991445410034,0.0,0.0,-0.0059313075330111615
0.0,0.0,2.053781085990236,0.0,0.0,-0.00754149884971337
0.0,0.0,1.764870291718557,0.0,0.0,-0.007227539594154117
0.0,0.0,2.382533676674438,0.0,0.0,-0.0061969503822531195
0.0,0.0,2.9690019887013213,0.0,0.0,-0.007691777347499762
0.0,-0.3743957224196807,2.249673783042317,-0.03522543859831452,0.0,-0.009524845219066887
0.0,-0.6047868737605431,2.0044199991639897,-0.04552578437511972,0.0,-0.013971698148893059
0.0,-0.06422551257546852,2.489713938098079,-0.019358419659497896,0.0,-0.007202935144071117
0.0,0.0,3.0292622180523336,-0.001646067190069159,0.0,-0.004407350865545756
0.0,0.0,2.4303013555866526,0.0,0.0,-0.006623595233234551
0.0,0.0,3.125919257614181,0.0,0.0,-0.0033926743321979354
0.0,0.0,3.1191148276368077,0.0,0.0,-0.000854939098240732
0.0,0.0,2.639181773258612,0.0,0.0,-0.002603495283117279
0.0,0.0,2.255495550984567,0.0,0.0,-0.0038524690466233387
0.0,0.0,2.98572032591792,0.0,0.0,-0.0006794057832836037
0.0,0.0,2.9615533917704036,-0.007410630277124505,0.0,-0.000847623487959221
0.0,0.0,2.1126998974071163,-0.02016858260568921,0.0,-0.003653449219341736
0.0,0.0,2.314385338766747,-0.0025027673300936693,0.0,-0.0035614590902345207
0.0,0.0,3.1345582853323837,0.0,0.0,0.0
0.0,0.0,2.7265380571326103,0.0,0.0,0.0
0.0,0.0,2.148422570100522,0.0,0.0,-0.00048176798867683064
0.0,0.0,2.2706993542018497,-0.007632007813194695,0.0,0.0
0.0,0.0,2.245414003787491,-0.011356741117197693,0.0,0.0
0.0,0.0,2.24597506168988,-0.0010032275691519916,0.0,0.0
0.0,0.0,2.1545361255448534,-0.00012425647985946217,0.0,-0.0007131807950786417
0.0,0.0,1.9456196900798655,0.0,0.0,0.0
0.0,0.0,2.241241530460099,0.0,0.0,0.0
0.0,0.0,2.3599979082347655,0.0,0.0,0.0
0.0,0.0,1.7601807031769687,-0.00022205135403758746,0.0,0.0
0.0,0.0,1.855534061306038,0.0,0.0,0.0
0.0,0.0,2.221268845330016,0.0,0.0,0.0
0.0,0.0,2.05482806486363,0.0,0.0,0.0
0.0,0.0,1.9622161871562571,0.0,0.0,0.0
0.0,0.0,2.0165300584137213,0.0,0.0,0.0
0.0,0.0,2.378427586638881,0.0,0.0,0.0
0.0,0.0,2.6987026003310057,0.0,-0.0016147446394120524,0.0
0.0,0.0,2.356707318739027,0.0,0.0,0.0
0.0,0.0,2.447178162418403,-0.012626835029518956,0.0,-0.0009827270087408985
0.0,0.0,2.2817581953650206,-0.025633020569789656,0.0,-0.0011333694347071513
0.0,0.0,2.533862095653105,-0.018517093728599804,0.0,0.0
0.0,0.0,2.3920367628959953,-0.01671280134869515,0.0,0.0
0.0,0.0,2.035296387390928,-0.00816422412986623,0.0,0.0
0.0,0.0,1.977961381224032,0.0,0.0,-0.00042899967537471314
0.0,0.0,2.0630812338294846,0.0,0.0,-0.0005008733393897227
0.0,0.0,2.1491377876961306,0.0,0.0,0.0
0.0,0.0,1.7657055389671528,-0.003414037518374278,0.0,-0.0014732693993520448
0.0,0.0,1.5950924082725002,-0.005187599559682967,0.0,-0.002384743627581339
0.0,0.0,1.920006089728566,0.0,0.0,-0.0017016026618288389
0.0,0.0,1.818991786734069,0.0,0.0,0.0
0.0,0.0,1.3798976911783634,-0.0038272770509783865,0.0,0.0
0.0,0.0,1.0963610998848088,0.0,0.0,0.0
0.0,0.0,1.5257030682900203,0.0,0.0,0.0
0.0,0.0,1.4233917459461503,0.0,0.0,0.0
0.0,0.0,1.4233917459461503,0.0,0.0,0.0
0.0,0.0,1.3291972725632966,0.0,0.0,-0.0009689041173222715
0.0,0.0,2.030683707759121,0.0,0.0,0.0
0.0,0.0,2.030683707759121,0.0,0.0,0.0
0.0,0.0,1.7064640905530077,-0.005304681047446754,0.0,-0.0031983525910341216
0.0,0.0,1.9974709479237436,-0.004652368266166669,0.0,0.0
0.0,0.0,2.0794060854250977,-0.002520051763672365,0.0,0.0
0.0,0.0,1.6725941892042653,-0.005588196880465865,0.0,0.0
0.0,0.0,1.8343943833692862,-8.890503921930663e-05,0.0,0.0
0.0,0.0,1.8727537860368337,0.0,0.0,0.0
0.0,0.0,1.7199660393980518,0.0,0.0,0.0
0.0,0.0,1.5835939680711046,0.0,0.0,0.0
0.0,0.0,1.6474296432883697,0.0,0.0,0.0
0.0,0.0,1.5448824368676939,0.0,0.0,0.0
0.0,0.0,1.2041030085298714,-0.003931209880747682,0.0,0.0
0.0,0.0,1.2606796722765343,-0.0021609166238015175,0.0,0.0
0.0,0.0,1.3587599181399521,0.0,0.0,0.0
0.0,0.0,1.1884797383130985,0.0,0.0,0.0
0.0,0.0,1.0066428720613316,0.0,0.0,0.0
0.0,0.0,1.0359927198604173,0.0,0.0,0.0
0.0,0.0,1.2339659342436107,0.0,0.0,0.0
0.0,0.0,1.1422889725319385,0.0,0.0,0.0
0.0,0.0,1.1039554038097477,0.0,0.0,0.0
0.0,0.0,1.090636991495551,0.0,0.0,0.0
0.0,0.0,1.1741814325894147,-0.0007826594596769329,0.0,0.0
0.0,0.0,1.2360130636428202,-0.005325451890655764,0.0,0.0
0.0,0.0,1.4647648528826995,-0.0017117095571296092,0.0,0.0
0.0,0.0,1.5196384327873376,-0.005592395032517071,0.0,0.0
0.0,0.0,1.326522199609237,-0.006319024078109067,0.0,0.0
0.0,0.0,1.4696047428454575,0.0,0.0,0.0
0.0,0.0,1.4219805036854474,0.0,0.0,0.0
0.0,0.0,1.5488161912681486,-0.00031497799859918525,0.0,0.0
0.0,0.0,1.2568304524427334,-0.0028525545587721923,0.0,0.0
0.0,0.0,1.0265632272220906,-0.004968058554428286,0.0,0.0
0.0,0.0,1.2439120961986552,0.0,0.0,0.0
0.0,0.0,1.3203320340929325,0.0,0.0,0.0
0.0,0.0,1.0750276729870745,0.0,0.0,0.0
0.0,0.0,1.0706356936321269,0.0,0.0,0.0
0.0,0.0,1.1310027319439258,0.0,0.0,0.0
0.0,0.0,1.0555385496905123,0.0,0.0,0.0
0.0,0.0,0.8754990431589416,0.0,0.0,0.0
0.0,0.0,0.5697910579300874,-0.0028482468652446845,0.0,0.0
0.0,0.0,0.5062078449935454,-0.002658570343764272,0.0,0.0
0.0,0.0,0.49910201327449644,0.0,0.0,0.0
0.0,0.0,0.42876062768177886,0.0,0.0,0.0
0.0,0.0,0.3001055808821328,0.0,0.0,0.0
0.0,0.0,0.3011687311116245,0.0,0.0,0.0
0.0,0.0,0.24932966983089755,0.0,0.0,0.0
0.0,0.0,0.33489494291392663,0.0,0.0,0.0
0.0,0.0,0.21213353833924184,0.0,0.0,0.0
0.0,0.0,0.1516165288052365,-3.308246595982855e-05,0.0,0.0
0.0,0.0,0.03232037781075785,-0.00024762857795411665,0.0,0.0
0.0,0.0,0.15417945208109135,0.0,0.0,0.0
0.0,0.0,0.06644418466623449,0.0,0.0,0.0
0.0,0.0,0.09757945274098553,0.0,0.0,0.0
0.0,0.0,0.05153075721198617,0.0,0.0,0.0
0.0,0.0,0.06484895297950903,0.0,0.0,0.0
0.0,0.0,0.1466678015515525,0.0,0.0,0.0
0.0,0.0,0.09929192261836642,0.0,0.0,0.0
0.0,0.0,0.09875953687591958,0.0,0.0,0.0
0.0,0.0,0.36120447877466033,0.0,0.0,0.0
0.0,0.0,0.18759858122106726,-0.003702475525541675,0.0,0.0
0.0,0.0,0.11872445355465322,-0.005149005096294858,0.0,0.0
0.0,0.0,0.062420598131517215,0.0,0.0,0.0
0.0,0.0,0.12628443650572846,0.0,0.0,0.0
0.0,0.0,0.027055574817321133,0.0,0.0,0.0
0.0,0.0,0.0511697917908963,0.0,0.0,0.0
0,0,0,0,0,0
0,0,0,0,0,0
0,0,0,0,0,0
0,0,0,0,0,0
0,0,0,0,0,0
0,0,0,0,0,0
0,0,0,0,0,0
0.0,0.0,0.0,-0.0012423307770742813,0.0,0.0
0.0,0.0,0.0,-0.003842202661775805,0.0,0.0
0.0,0.0,0.0,-0.004594431751263859,0.0,0.0
0,0,0,0,0,0
0,0,0,0,0,0
0,0,0,0,0,0
0,0,0,0,0,0
0,0,0,0,0,0
0,0,0,0,0,0
0.0,0.0,0.0,-0.0001235305671203875,0.0,0.0
0,0,0,0,0,0
0,0,0,0,0,0
0,0,0,0,0,0
0,0,0,0,0,0
0,0,0,0,0,0
0,0,0,0,0,0
0.0,0.0,0.0,-0.003451175061462134,0.0,0.0
0.0,0.0,0.0,-0.0030213087532344448,0.0,0.0
0,0,0,0,0,0
0,0,0,0,0,0
0,0,0,0,0,0
0,0,0,0,0,0
0,0,0,0,0,0
0,0,0,0,0,0
0,0,0,0,0,0
0,0,0,0,0,0
0,0,0,0,0,0
0,0,0,0,0,0
0,0,0,0,0,0
0,0,0,0,0,0
0,0,0,0,0,0
0,0,0,0,0,0
0,0,0,0,0,0
0,0,0,0,0,0
0,0,0,0,0,0
0,0,0,0,0,0
0,0,0,0,0,0
0,0,0,0,0,0
0,0,0,0,0,0
0,0,0,0,0,0
0,0,0,0,0,0
0,0,0,0,0,0
0,0,0,0,0,0
0,0,0,0,0,0
0,0,0,0,0,0
0,0,0,0,0,0
0,0,0,0,0,0
0,0,0,0,0,0
0,0,0,0,0,0
0,0,0,0,0,0
0,0,0,0,0,0
0,0,0,0,0,0
0,0,0,0,0,0
0,0,0,0,0,0
0,0,0,0,0,0
0,0,0,0,0,0
0,0,0,0,0,0
0,0,0,0,0,0
0.0,0.0,0.0,-0.001475212827004637,0.0,0.0
0,0,0,0,0,0
0,0,0,0,0,0
0,0,0,0,0,0
0,0,0,0,0,0
0,0,0,0,0,0
0,0,0,0,0,0
0,0,0,0,0,0
0,0,0,0,0,0
0,0,0,0,0,0
0,0,0,0,0,0
0,0,0,0,0,0
0,0,0,0,0,0
0,0,0,0,0,0
0,0,0,0,0,0
0,0,0,0,0,0
0,0,0,0,0,0
0,0,0,0,0,0
0,0,0,0,0,0
0,0,0,0,0,0
0,0,0,0,0,0
0,0,0,0,0,0
0,0,0,0,0,0
0,0,0,0,0,0
0,0,0,0,0,0
0,0,0,0,0,0
0,0,0,0,0,0
0,0,0,0,0,0
0,0,0,0,0,0
0,0,0,0,0,0
0,0,0,0,0,0
0,0,0,0,0,0
0,0,0,0,0,0
0,0,0,0,0,0
0,0,0,0,0,0
0,0,0,0,0,0
0,0,0,0,0,0
0.0,0.0,0.0,-0.00017893666655907295,0.0004332353908830376,0.0
0,0,0,0,0,0
0,0,0,0,0,0
0,0,0,0,0,0
0,0,0,0,0,0
0,0,0,0,0,0
0,0,0,0,0,0
0,0,0,0,0,0
0,0,0,0,0,0
0,0,0,0,0,0
0,0,0,0,0,0
0,0,0,0,0,0
0,0,0,0,0,0
0,0,0,0,0,0
0.0,0.0,0.0,0.001544927373981828,0.0,0.0
0,0,0,0,0,0
0,0,0,0,0,0
0,0,0,0,0,0
0,0,0,0,0,0
0,0,0,0,0,0
0,0,0,0,0,0
0,0,0,0,0,0
0,0,0,0,0,0
0,0,0,0,0,0
0,0,0,0,0,0
0,0,0,0,0,0
0,0,0,0,0,0
0,0,0,0,0,0
0,0,0,0,0,0
0,0,0,0,0,0
0,0,0,0,0,0
0,0,0,0,0,0
0,0,0,0,0,0
0,0,0,0,0,0
0,0,0,0,0,0
0,0,0,0,0,0
0,0,0,0,0,0
0,0,0,0,0,0
0,0,0,0,0,0
0,0,0,0,0,0
0,0,0,0,0,0
0,0,0,0,0,0
0,0,0,0,0,0
0,0,0,0,0,0
0,0,0,0,0,0
0,0,0,0,0,0
0,0,0,0,0,0
0,0,0,0,0,0
0,0,0,0,0,0
0,0,0,0,0,0
0,0,0,0,0,0
0,0,0,0,0,0
0,0,0,0,0,0
0,0,0,0,0,0
0,0,0,0,0,0
0,0,0,0,0,0
0,0,0,0,0,0
0,0,0,0,0,0
0,0,0,0,0,0
0,0,0,0,0,0
0,0,0,0,0,0
0,0,0,0,0,0
0,0,0,0,0,0
0,0,0,0,0,0
0,0,0,0,0,0
0,0,0,0,0,0
0,0,0,0,0,0
0,0,0,0,0,0
0,0,0,0,0,0
0,0,0,0,0,0
0,0,0,0,0,0
0,0,0,0,0,0
0,0,0,0,0,0
0,0,0,0,0,0
0,0,0,0,0,0
0,0,0,0,0,0
0,0,0,0,0,0
0,0,0,0,0,0
0,0,0,0,0,0
0,0,0,0,0,0
0,0,0,0,0,0
0,0,0,0,0,0
0,0,0,0,0,0
0,0,0,0,0,0
0,0,0,0,0,0
0,0,0,0,0,0
0,0,0,0,0,0
0,0,0,0,0,0
0,0,0,0,0,0
0,0,0,0,0,0
0,0,0,0,0,0
0,0,0,0,0,0
0,0,0,0,0,0
0,0,0,0,0,0
0,0,0,0,0,0
0,0,0,0,0,0
0,0,0,0,0,0
0,0,0,0,0,0
0,0,0,0,0,0
0,0,0,0,0,0
0,0,0,0,0,0
0,0,0,0,0,0
0,0,0,0,0,0
0,0,0,0,0,0
0,0,0,0,0,0
0,0,0,0,0,0
0,0,0,0,0,0
0,0,0,0,0,0
0,0,0,0,0,0
0,0,0,0,0,0
0,0,0,0,0,0
0,0,0,0,0,0
0,0,0,0,0,0
0,0,0,0,0,0
0.0,0.0,-0.07188852452374603,0.0,0.0,0.0
0.0,0.0,-0.09355274888978321,0.0,0.0,0.0
0.0,0.0,-0.048917665705089396,0.0,0.0,0.0
0.0,0.0,-0.1205664473896392,0.0,0.0,0.0
0.0,0.0,-0.05761108976554893,0.0,0.0,0.0
0.0,0.0,-0.06751809619605384,0.0,0.0,0.0
0.0,0.0,-0.0018931766254064188,0.0,0.0,0.0
0,0,0,0,0,0
0,0,0,0,0,0
0,0,0,0,0,0
0,0,0,0,0,0
0,0,0,0,0,0
0,0,0,0,0,0
0,0,0,0,0,0
0,0,0,0,0,0
0,0,0,0,0,0
0,0,0,0,0,0
0,0,0,0,0,0
0.0,0.0,-0.007839612925038462,0.0,0.0,0.0
0,0,0,0,0,0
0,0,0,0,0,0
0,0,0,0,0,0
0,0,0,0,0,0
0,0,0,0,0,0
0,0,0,0,0,0
0,0,0,0,0,0
0,0,0,0,0,0
0,0,0,0,0,0
0,0,0,0,0,0
0,0,0,0,0,0
0,0,0,0,0,0
0.0,0.0,-0.032172856283589915,0.0,0.0,0.0
0.0,0.0,-0.08647961717487872,0.0,0.0,0.0
0.0,0.0,-0.1351141223291697,0.0,0.0,0.0
0.0,0.0,-0.18651157458793563,0.0,0.0,0.0
0.0,0.0,-0.13408549767332217,0.0,0.0,0.0
0.0,0.0,-0.17165351810089646,0.0,0.0,0.0
0.0,0.0,-0.16981471502686743,0.0,0.0,0.0
0.0,0.0,-0.11535113588902153,0.0,0.0,0.0
0.0,0.0,-0.044826446261587924,0.0,0.0,0.0
0,0,0,0,0,0
0,0,0,0,0,0
0,0,0,0,0,0
0,0,0,0,0,0
0,0,0,0,0,0
0,0,0,0,0,0
0,0,0,0,0,0
0,0,0,0,0,0
0,0,0,0,0,0
0,0,0,0,0,0
0,0,0,0,0,0
0,0,0,0,0,0
0,0,0,0,0,0
0,0,0,0,0,0
0,0,0,0,0,0
0,0,0,0,0,0
0,0,0,0,0,0
0,0,0,0,0,0
0,0,0,0,0,0
0,0,0,0,0,0
0,0,0,0,0,0
0,0,0,0,0,0
0,0,0,0,0,0
0,0,0,0,0,0
0,0,0,0,0,0
0,0,0,0,0,0
0,0,0,0,0,0
0,0,0,0,0,0
0,0,0,0,0,0
0,0,0,0,0,0
0,0,0,0,0,0
0,0,0,0,0,0
0,0,0,0,0,0
0,0,0,0,0,0
0,0,0,0,0,0
0,0,0,0,0,0
0,0,0,0,0,0
0,0,0,0,0,0
0,0,0,0,0,0
0,0,0,0,0,0
0,0,0,0,0,0
0,0,0,0,0,0
0,0,0,0,0,0
0,0,0,0,0,0
0,0,0,0,0,0
0,0,0,0,0,0
0,0,0,0,0,0
0,0,0,0,0,0
0,0,0,0,0,0
0,0,0,0,0,0
0,0,0,0,0,0
0,0,0,0,0,0
0,0,0,0,0,0
0,0,0,0,0,0
0,0,0,0,0,0
0,0,0,0,0,0
0,0,0,0,0,0
0,0,0,0,0,0
0,0,0,0,0,0
0,0,0,0,0,0
0,0,0,0,0,0
0,0,0,0,0,0
0,0,0,0,0,0
0,0,0,0,0,0
0,0,0,0,0,0
0,0,0,0,0,0
0,0,0,0,0,0
0,0,0,0,0,0
0,0,0,0,0,0
0,0,0,0,0,0
0,0,0,0,0,0
0,0,0,0,0,0
0,0,0,0,0,0
0,0,0,0,0,0
0,0,0,0,0,0
0,0,0,0,0,0
0,0,0,0,0,0
0,0,0,0,0,0
0,0,0,0,0,0
0,0,0,0,0,0
0,0,0,0,0,0
0,0,0,0,0,0
0,0,0,0,0,0
0,0,0,0,0,0
0,0,0,0,0,0
0,0,0,0,0,0
0,0,0,0,0,0
0,0,0,0,0,0
0,0,0,0,0,0
0,0,0,0,0,0
0,0,0,0,0,0
0,0,0,0,0,0
0,0,0,0,0,0
0,0,0,0,0,0
0,0,0,0,0,0
0,0,0,0,0,0
0,0,0,0,0,0
0,0,0,0,0,0
0,0,0,0,0,0
0,0,0,0,0,0
0,0,0,0,0,0
0,0,0,0,0,0
0,0,0,0,0,0
0,0,0,0,0,0
0,0,0,0,0,0
0,0,0,0,0,0
0,0,0,0,0,0
0,0,0,0,0,0
0,0,0,0,0,0
0,0,0,0,0,0
0,0,0,0,0,0
0,0,0,0,0,0
0,0,0,0,0,0
0,0,0,0,0,0
0,0,0,0,0,0
0,0,0,0,0,0
0,0,0,0,0,0
0,0,0,0,0,0
0,0,0,0,0,0
0,0,0,0,0,0
0,0,0,0,0,0
0,0,0,0,0,0
0,0,0,0,0,0
0,0,0,0,0,0
0,0,0,0,0,0
0,0,0,0,0,0
0,0,0,0,0,0
0,0,0,0,0,0
0,0,0,0,0,0
0,0,0,0,0,0
0,0,0,0,0,0
0,0,0,0,0,0
0,0,0,0,0,0
0,0,0,0,0,0
0,0,0,0,0,0
0,0,0,0,0,0
0,0,0,0,0,0
0,0,0,0,0,0
0,0,0,0,0,0
0,0,0,0,0,0
0,0,0,0,0,0
0,0,0,0,0,0
0,0,0,0,0,0
0,0,0,0,0,0
0,0,0,0,0,0
0,0,0,0,0,0
0,0,0,0,0,0
0,0,0,0,0,0
0,0,0,0,0,0
0,0,0,0,0,0
0,0,0,0,0,0
0,0,0,0,0,0
0,0,0,0,0,0
0,0,0,0,0,0
0,0,0,0,0,0
0,0,0,0,0,0
0,0,0,0,0,0
0,0,0,0,0,0
0,0,0,0,0,0
0,0,0,0,0,0
0,0,0,0,0,0
0,0,0,0,0,0
0,0,0,0,0,0
0,0,0,0,0,0
0,0,0,0,0,0
0,0,0,0,0,0
0,0,0,0,0,0
0,0,0,0,0,0
0,0,0,0,0,0
0,0,0,0,0,0
0,0,0,0,0,0
0,0,0,0,0,0
0,0,0,0,0,0
0,0,0,0,0,0
0,0,0,0,0,0
0,0,0,0,0,0
0,0,0,0,0,0
0,0,0,0,0,0
0,0,0,0,0,0
0,0,0,0,0,0
0,0,0,0,0,0
0,0,0,0,0,0
0,0,0,0,0,0
0,0,0,0,0,0
0,0,0,0,0,0
0,0,0,0,0,0
0,0,0,0,0,0
0,0,0,0,0,0
0,0,0,0,0,0
0,0,0,0,0,0
0,0,0,0,0,0
0,0,0,0,0,0
0,0,0,0,0,0
0,0,0,0,0,0
0,0,0,0,0,0
0,0,0,0,0,0
0,0,0,0,0,0
0,0,0,0,0,0
0,0,0,0,0,0
0,0,0,0,0,0
0,0,0,0,0,0
0,0,0,0,0,0
0,0,0,0,0,0
0,0,0,0,0,0
0,0,0,0,0,0
0,0,0,0,0,0
0,0,0,0,0,0
0,0,0,0,0,0
0,0,0,0,0,0
0,0,0,0,0,0
0,0,0,0,0,0
0,0,0,0,0,0
0,0,0,0,0,0
0,0,0,0,0,0
0,0,0,0,0,0
0,0,0,0,0,0
0,0,0,0,0,0
0,0,0,0,0,0
0,0,0,0,0,0
0,0,0,0,0,0
0,0,0,0,0,0
0,0,0,0,0,0
0,0,0,0,0,0
0,0,0,0,0,0
0,0,0,0,0,0
0,0,0,0,0,0
0,0,0,0,0,0
0,0,0,0,0,0
0,0,0,0,0,0
0,0,0,0,0,0
0,0,0,0,0,0
0,0,0,0,0,0
0,0,0,0,0,0
0,0,0,0,0,0
0,0,0,0,0,0
0,0,0,0,0,0
0,0,0,0,0,0
0,0,0,0,0,0
0,0,0,0,0,0
0,0,0,0,0,0
0,0,0,0,0,0
0,0,0,0,0,0
0,0,0,0,0,0
0,0,0,0,0,0
0,0,0,0,0,0
0,0,0,0,0,0
0,0,0,0,0,0
0,0,0,0,0,0
0,0,0,0,0,0
0,0,0,0,0,0
0,0,0,0,0,0
0,0,0,0,0,0
0,0,0,0,0,0
0,0,0,0,0,0
0,0,0,0,0,0
0,0,0,0,0,0
0,0,0,0,0,0
0,0,0,0,0,0
0,0,0,0,0,0
0,0,0,0,0,0
0,0,0,0,0,0
0,0,0,0,0,0
0,0,0,0,0,0
0,0,0,0,0,0
0,0,0,0,0,0
0,0,0,0,0,0
0,0,0,0,0,0
0,0,0,0,0,0
0,0,0,0,0,0
0,0,0,0,0,0
0,0,0,0,0,0
0,0,0,0,0,0
0,0,0,0,0,0
0,0,0,0,0,0
0,0,0,0,0,0
0,0,0,0,0,0
0,0,0,0,0,0
0,0,0,0,0,0
0,0,0,0,0,0
0,0,0,0,0,0
0,0,0,0,0,0
0,0,0,0,0,0
0,0,0,0,0,0
0,0,0,0,0,0
0,0,0,0,0,0
0,0,0,0,0,0
0,0,0,0,0,0
0,0,0,0,0,0
0,0,0,0,0,0
0,0,0,0,0,0
0,0,0,0,0,0
0,0,0,0,0,0
0,0,0,0,0,0
0,0,0,0,0,0
0,0,0,0,0,0
0,0,0,0,0,0
0,0,0,0,0,0
0,0,0,0,0,0
0,0,0,0,0,0
0,0,0,0,0,0
0,0,0,0,0,0
0,0,0,0,0,0
0,0,0,0,0,0
0,0,0,0,0,0
0,0,0,0,0,0
0,0,0,0,0,0
0,0,0,0,0,0
0,0,0,0,0,0
0,0,0,0,0,0
0,0,0,0,0,0
0,0,0,0,0,0
0,0,0,0,0,0
0,0,0,0,0,0
0,0,0,0,0,0
0,0,0,0,0,0
0,0,0,0,0,0
0,0,0,0,0,0
0,0,0,0,0,0
0,0,0,0,0,0
0,0,0,0,0,0
0,0,0,0,0,0
0,0,0,0,0,0
0,0,0,0,0,0
0,0,0,0,0,0
0,0,0,0,0,0
0,0,0,0,0,0
0,0,0,0,0,0
0,0,0,0,0,0
0,0,0,0,0,0
0,0,0,0,0,0
0,0,0,0,0,0
0,0,0,0,0,0
0,0,0,0,0,0
0,0,0,0,0,0
0,0,0,0,0,0
0,0,0,0,0,0
0,0,0,0,0,0
0,0,0,0,0,0
0,0,0,0,0,0
0,0,0,0,0,0
0,0,0,0,0,0
0,0,0,0,0,0
0,0,0,0,0,0
0,0,0,0,0,0
0,0,0,0,0,0
0,0,0,0,0,0
0,0,0,0,0,0
0,0,0,0,0,0
0,0,0,0,0,0
0,0,0,0,0,0
0,0,0,0,0,0
0,0,0,0,0,0
0,0,0,0,0,0
0,0,0,0,0,0
0,0,0,0,0,0
0,0,0,0,0,0
0,0,0,0,0,0
0,0,0,0,0,0
0,0,0,0,0,0
0,0,0,0,0,0
0,0,0,0,0,0
0,0,0,0,0,0
0,0,0,0,0,0
0,0,0,0,0,0
0,0,0,0,0,0
0,0,0,0,0,0
0,0,0,0,0,0
0,0,0,0,0,0
0,0,0,0,0,0
0,0,0,0,0,0
0,0,0,0,0,0
0,0,0,0,0,0
0,0,0,0,0,0
0,0,0,0,0,0
0,0,0,0,0,0
0,0,0,0,0,0
0,0,0,0,0,0
0,0,0,0,0,0
0,0,0,0,0,0
0,0,0,0,0,0
0,0,0,0,0,0
0,0,0,0,0,0
0,0,0,0,0,0
0,0,0,0,0,0
0,0,0,0,0,0
0,0,0,0,0,0
0,0,0,0,0,0
0,0,0,0,0,0
0,0,0,0,0,0
0,0,0,0,0,0
0,0,0,0,0,0
0,0,0,0,0,0
0,0,0,0,0,0
0,0,0,0,0,0
0,0,0,0,0,0
0,0,0,0,0,0
0,0,0,0,0,0
0,0,0,0,0,0
0,0,0,0,0,0
0,0,0,0,0,0
0,0,0,0,0,0
0,0,0,0,0,0
0,0,0,0,0,0
0,0,0,0,0,0
0,0,0,0,0,0
0,0,0,0,0,0
0,0,0,0,0,0
0,0,0,0,0,0
0,0,0,0,0,0
0,0,0,0,0,0
0,0,0,0,0,0
0,0,0,0,0,0
0,0,0,0,0,0
0,0,0,0,0,0
0,0,0,0,0,0
0,0,0,0,0,0
0,0,0,0,0,0
0,0,0,0,0,0
0,0,0,0,0,0
0,0,0,0,0,0
0,0,0,0,0,0
0,0,0,0,0,0
0,0,0,0,0,0
0,0,0,0,0,0
0,0,0,0,0,0
0,0,0,0,0,0
0,0,0,0,0,0
0,0,0,0,0,0
0,0,0,0,0,0
0,0,0,0,0,0
0,0,0,0,0,0
0,0,0,0,0,0
0,0,0,0,0,0
0,0,0,0,0,0
0,0,0,0,0,0
0,0,0,0,0,0
0,0,0,0,0,0
0,0,0,0,0,0
0,0,0,0,0,0
0,0,0,0,0,0
0,0,0,0,0,0
0,0,0,0,0,0
0,0,0,0,0,0
0,0,0,0,0,0
0,0,0,0,0,0
0,0,0,0,0,0
0,0,0,0,0,0
0,0,0,0,0,0
0,0,0,0,0,0
0,0,0,0,0,0
0,0,0,0,0,0
0,0,0,0,0,0
0,0,0,0,0,0
0,0,0,0,0,0
0,0,0,0,0,0
0,0,0,0,0,0
0,0,0,0,0,0
0,0,0,0,0,0
0,0,0,0,0,0
0,0,0,0,0,0
0,0,0,0,0,0
0,0,0,0,0,0
0,0,0,0,0,0
0,0,0,0,0,0
0,0,0,0,0,0
0,0,0,0,0,0
0,0,0,0,0,0
0,0,0,0,0,0
0,0,0,0,0,0
0,0,0,0,0,0
0,0,0,0,0,0
0,0,0,0,0,0
0,0,0,0,0,0
0,0,0,0,0,0
0,0,0,0,0,0
0,0,0,0,0,0
0,0,0,0,0,0
0,0,0,0,0,0
0,0,0,0,0,0
0,0,0,0,0,0
0,0,0,0,0,0
0,0,0,0,0,0
0,0,0,0,0,0
0,0,0,0,0,0
0,0,0,0,0,0
0,0,0,0,0,0
0,0,0,0,0,0
0,0,0,0,0,0
0,0,0,0,0,0
0,0,0,0,0,0
0,0,0,0,0,0
0,0,0,0,0,0
0,0,0,0,0,0
0,0,0,0,0,0
0,0,0,0,0,0
0,0,0,0,0,0
0,0,0,0,0,0
0,0,0,0,0,0
0,0,0,0,0,0
0,0,0,0,0,0
0,0,0,0,0,0
0,0,0,0,0,0
0,0,0,0,0,0
0,0,0,0,0,0
0,0,0,0,0,0
0,0,0,0,0,0
0,0,0,0,0,0
0,0,0,0,0,0
0,0,0,0,0,0
0,0,0,0,0,0
0,0,0,0,0,0
0,0,0,0,0,0
0,0,0,0,0,0
0,0,0,0,0,0
0,0,0,0,0,0
0,0,0,0,0,0
0,0,0,0,0,0
0,0,0,0,0,0
0,0,0,0,0,0
0,0,0,0,0,0
0,0,0,0,0,0
0,0,0,0,0,0
0,0,0,0,0,0
0,0,0,0,0,0
0,0,0,0,0,0
0,0,0,0,0,0
0,0,0,0,0,0
0,0,0,0,0,0
0,0,0,0,0,0
0,0,0,0,0,0
0,0,0,0,0,0
0,0,0,0,0,0
0,0,0,0,0,0
0,0,0,0,0,0
0,0,0,0,0,0
0,0,0,0,0,0
0,0,0,0,0,0
0,0,0,0,0,0
0,0,0,0,0,0
0,0,0,0,0,0
0,0,0,0,0,0
0,0,0,0,0,0
0,0,0,0,0,0
0,0,0,0,0,0
0,0,0,0,0,0
0,0,0,0,0,0
0,0,0,0,0,0
0,0,0,0,0,0
0,0,0,0,0,0
0,0,0,0,0,0
0,0,0,0,0,0
0,0,0,0,0,0
0,0,0,0,0,0
0,0,0,0,0,0
0,0,0,0,0,0
0,0,0,0,0,0
0,0,0,0,0,0
0,0,0,0,0,0
0,0,0,0,0,0
0,0,0,0,0,0
0,0,0,0,0,0
0,0,0,0,0,0
0,0,0,0,0,0
0,0,0,0,0,0
0,0,0,0,0,0
0,0,0,0,0,0
0,0,0,0,0,0
0,0,0,0,0,0
0,0,0,0,0,0
0,0,0,0,0,0
0,0,0,0,0,0
0,0,0,0,0,0
0,0,0,0,0,0
0,0,0,0,0,0
0,0,0,0,0,0
0,0,0,0,0,0
0,0,0,0,0,0
0,0,0,0,0,0
0,0,0,0,0,0
0,0,0,0,0,0
0,0,0,0,0,0
0,0,0,0,0,0
0,0,0,0,0,0
0,0,0,0,0,0
0,0,0,0,0,0
0,0,0,0,0,0
0,0,0,0,0,0
0,0,0,0,0,0
0,0,0,0,0,0
0,0,0,0,0,0
0,0,0,0,0,0
0,0,0,0,0,0
0,0,0,0,0,0
0,0,0,0,0,0
0,0,0,0,0,0
0,0,0,0,0,0
0,0,0,0,0,0
0,0,0,0,0,0
0,0,0,0,0,0
0,0,0,0,0,0
0,0,0,0,0,0
0,0,0,0,0,0
0,0,0,0,0,0
0,0,0,0,0,0
0,0,0,0,0,0
0,0,0,0,0,0
0,0,0,0,0,0
0,0,0,0,0,0
0,0,0,0,0,0
0,0,0,0,0,0
0,0,0,0,0,0
0,0,0,0,0,0
0,0,0,0,0,0
0,0,0,0,0,0
0,0,0,0,0,0
0,0,0,0,0,0
0,0,0,0,0,0
0,0,0,0,0,0
0,0,0,0,0,0
0,0,0,0,0,0
0,0,0,0,0,0
0,0,0,0,0,0
0,0,0,0,0,0
0,0,0,0,0,0
0,0,0,0,0,0
0,0,0,0,0,0
0,0,0,0,0,0
0,0,0,0,0,0
0,0,0,0,0,0
0,0,0,0,0,0
0,0,0,0,0,0
0,0,0,0,0,0
0,0,0,0,0,0
0,0,0,0,0,0
0,0,0,0,0,0
0,0,0,0,0,0
0,0,0,0,0,0
0,0,0,0,0,0
0,0,0,0,0,0
0,0,0,0,0,0
0,0,0,0,0,0
0,0,0,0,0,0
0,0,0,0,0,0
0,0,0,0,0,0
0,0,0,0,0,0
0,0,0,0,0,0
0,0,0,0,0,0
0,0,0,0,0,0
0,0,0,0,0,0
0,0,0,0,0,0
0,0,0,0,0,0
0,0,0,0,0,0
0,0,0,0,0,0
0,0,0,0,0,0
0,0,0,0,0,0
0,0,0,0,0,0
0,0,0,0,0,0
0,0,0,0,0,0
0,0,0,0,0,0
0,0,0,0,0,0
0,0,0,0,0,0
0,0,0,0,0,0
0,0,0,0,0,0
0,0,0,0,0,0
0,0,0,0,0,0
0,0,0,0,0,0
0,0,0,0,0,0
0,0,0,0,0,0
0,0,0,0,0,0
0,0,0,0,0,0
0,0,0,0,0,0
0,0,0,0,0,0
0,0,0,0,0,0
0,0,0,0,0,0
0,0,0,0,0,0
0,0,0,0,0,0
0,0,0,0,0,0
0,0,0,0,0,0
0,0,0,0,0,0
0,0,0,0,0,0
0,0,0,0,0,0
0,0,0,0,0,0
0,0,0,0,0,0
0,0,0,0,0,0
0,0,0,0,0,0
0,0,0,0,0,0
0,0,0,0,0,0
0,0,0,0,0,0
