0,0,0,0,0,0
0.0,0.0,1.7549133576660414,0.0,0.008641703409995299,0.0
0.0,0.0,1.9742619578648057,0.0,0.01154456030372893,0.0
0.0,0.0,2.06836588379955,0.0,0.00617280064400792,0.0005519144734549451
0.0,0.0,2.2775208724586316,0.0,0.005880630082106249,0.0
0.0,0.0,2.332603418882042,0.0,0.005351798974072062,0.0028053102124218827
0.0,0.0,2.5909598942401595,-0.0008297173292437652,0.0028414221135650113,0.0004480877825373339
0.0,0.0,2.5525243458924107,-0.004452745733678811,0.002125618991654408,0.0029067521003829718
0.0,0.0,2.532504156289723,-0.0040174982983258705,0.002395080449024165,0.003381207850008265
0.0,0.0,2.8559804335549357,0.0,0.0,0.0015112194494407457
0.0,0.0,3.0432632498005296,0.0,0.0,0.004882462112501614
0.0,0.0,3.1614527099186636,-0.00036501068244057565,0.0,0.003283711926194166
0.0,0.0,3.2009363718858017,-0.0032978131731783086,0.0,0.0034411419101029726
0.0,0.0,3.291811346647365,-0.008777177630218215,0.001709208250654733,0.003200825906174103
0.0,0.0,3.2814580213675955,-0.007902036901613781,0.004197226489977742,0.004239241293348068
0.0,0.0,3.5191767073114186,-0.0032450017777794953,0.0,0.0037463701699104327
0.0,0.0,3.5705539639408506,0.0,0.0,0.005088483239434216
0.0,0.0,3.6347315032108853,0.0,0.0,0.004956571240867019
0.0,0.0,3.7287079756588355,0.0,0.0,0.004265607653785729
0.0,0.0,3.7208039433107603,-0.00024698544277417835,9.509856117174752e-05,0.0069339483288328885
0.0,0.0,3.7708988471620004,0.0,0.0036525106377772454,0.005299852755878952
0.0,0.0,3.9080929511041496,0.0,0.004825531083499325,0.005518880097611542
0.0,0.0,3.9358092493532473,0.0,0.004432140131587508,0.007576041078328659
0.0,0.0,4.05554170209134,0.0,0.004238111907283812,0.008140042616113362
0.0,0.0,4.41104305507859,0.0,0.004486521532830711,0.00405075338826488
0.0,0.0,4.635962211152746,0.0,0.0005472701584414249,0.0026283167729756083
0.0,0.0,4.527179277064363,0.0,0.006162799471520723,0.009687434048043078
0.0,0.0,4.69267129930164,0.0,0.0038964982542303516,0.005004884779025779
0.0,0.0,4.746737165842889,-0.0031483288215379407,0.007117166194570303,0.004971507832335505
0.0,0.0,5.096358057812557,-0.0063082416349047625,0.009870496211363707,0.004578015032733453
0.0,0.0,5.13573747897469,-0.005471040649775778,0.01341850755190202,0.0026831704429481724
0.0,0.0,5.199615975616995,-0.010057609834670604,0.015393389836745855,0.0014186991600992596
0.0,0.0,5.241948250120595,-0.010397206140445762,0.010329694145306805,0.0033796983576242653
0.0,0.0,5.347176424172351,-0.008049100500931985,0.01279908593723016,0.0004328444676519722
0.0,0.0,5.454554624976015,-0.010319457500965109,0.010328369580069347,0.0
0.0,0.0,5.260565663904904,-0.011672019603989529,0.01287989248533698,0.0
0.0,0.0,5.426482927103146,-0.013497078626110815,0.009410840487623553,0.0003766230601849793
0.0,0.0,5.4305832294046565,-0.012012258991076271,0.011494833161658198,0.0
0.0,0.0,5.5114546441732,-0.018772885405299936,0.008427007570795366,0.0
0.0,0.0,5.571520224299208,-0.010250274644416621,0.012753220323438483,0.0
0.0,0.0,5.4748616796869465,-0.013655573125027496,0.009203561605082157,0.0
0.0,0.0,5.629291547263667,-0.013734059820970876,0.006324807373895838,0.0
0.0,0.0,5.756189822228336,-0.010387063077537046,0.0033829759578911053,0.0
0.0,0.0,5.595422402500686,-0.0042977503222819315,0.006161992428648061,0.0
0.0,0.0,5.8729586239311695,-0.006440213184728642,0.0018701910651758656,0.0
0.0,0.0,5.613062005952953,-0.008182937793383607,0.0035914753317974695,0.0
0.0,0.0,5.9097003747202645,-0.0074557825162045385,0.003645048317810666,0.0
0.0,0.0,6.07413446064477,-0.011311330217834727,0.0018360656716710905,0.0
0.0,0.0,5.907528999525575,-0.01267955509096919,0.007731755374032197,0.0
0.0,0.0,6.113071282398701,-0.022532273412864883,0.00862588747339357,0.0
0.0,0.0,6.117294781465689,-0.0189812639149207,0.010348181545791122,0.0
0.0,0.0,6.340852883001679,-0.0191281372983887,0.003879272771208296,0.0
0.0,0.0,6.47499466782495,-0.018544831612670558,0.0024122097117639666,0.0
0.0,0.0,6.43150649624864,-0.021230300048868923,0.002371130885865218,0.0
0.0,0.0,6.76188028655587,-0.020642692694338598,0.004722202661469071,0.0
0.0,0.0,6.751934643218884,-0.02447189844128085,0.003516311065420099,0.0
0.0,0.0,6.691004864243418,-0.022750061023984948,0.005748911644364358,0.0
0.0,0.0,6.511649244324547,-0.026033714397210677,0.003512222867978017,0.0
0.0,0.0,6.484048863729347,-0.019826094702314178,0.0031695273035667313,0.0
0.0,0.0,6.717461970274921,-0.01568124117977942,0.0007642227549338356,0.0
0.0,0.0,6.83250993941634,-0.01239424620819348,0.0,0.0
0.0,0.0,6.374531661547909,-0.012761105129699005,0.0,0.0
0.0,0.0,6.470561270863783,-0.01267093762455676,0.0,0.0
0.0,0.0,6.489786451061694,-0.0185793109150478,0.0,0.0
0.0,0.0,6.713963773756321,-0.008849490733481038,0.0,0.0
0.0,0.0,6.822865090300583,-0.013846425946538569,0.0,0.0
0.0,0.0,6.670121795179574,-0.02379297209673481,0.0,0.0
0.0,0.0,6.787051598686077,-0.02305356668133988,0.001115836552523169,0.0
0.0,0.0,6.918957023855232,-0.02698355615060987,0.0031981257717430393,0.0
0.0,0.0,6.941369258567254,-0.03279101747492352,0.0019877903987658365,0.0
0.0,-0.12448734435812754,6.7074653654443255,-0.030083190984680347,0.00024226667817602411,0.0
0.0,0.0,7.009245950459759,-0.030385723957514245,0.0,0.0
0.0,-0.07951917586850796,6.888278889433503,-0.019319625538416336,0.0,0.0
0.0,0.0,7.026387308714265,-0.01670684194207009,0.0,0.0
0.0,0.0,7.02753117360777,-0.015372158789051788,0.0,0.0
0.0,0.0,7.015418652143373,-0.01630078026897356,0.0,0.0
0.0,0.0,6.851155860548533,-0.020342982683349827,0.0,0.0
0.0,0.0,6.773066602724789,-0.01390586476019522,0.0,0.0
0.0,0.0,6.933890840839593,-0.01630379583113879,0.0,0.0
0.0,0.0,7.042300527953456,-0.015891833268415558,0.0,0.0
0.0,0.0,6.995660495258322,-0.028162791268070347,0.0,0.0
0.0,-0.0309392061725206,6.928314494841324,-0.0288518388893107,0.0,0.0
0.0,-0.14511168150605802,6.990512833022173,-0.027500884764582685,0.0,0.0
0.0,-0.13878225369275654,6.789917132278359,-0.026553134148538153,0.0,0.0
0.0,0.0,7.14959276478334,-0.024565037150516486,0.0,0.0
0.0,0.0,7.073510868515086,-0.018264684259949853,0.0,0.0
0.0,-0.0018776539282568353,6.861225127049582,-0.019385109756359382,0.0,0.0
0.0,-0.1481866214496465,6.826964580245146,-0.021103742857059366,0.0,0.0
0.0,-0.021237694418197464,7.002415302138054,-0.03192855147392877,0.0,0.0
0.0,-0.3740542386517457,6.804477862030266,-0.03288419552544809,0.0,0.0
0.0,-0.3761637655204429,6.735576192856778,-0.03326671752947068,0.00014041475295344195,0.0
0.0,-0.08564441580431753,6.7839970233987685,-0.03353004546112146,0.0,0.0
0.0,-0.2447558401180056,6.923996403194492,-0.024354260508627087,0.0,0.0
0.0,0.0,6.627969523581854,-0.022004837170778665,0.0,0.0
0.0,0.0,6.565242021719695,-0.013489069187563827,0.0,0.0
0.0,0.0,6.597176353595837,-0.005775137530826148,0.0,0.0
0.0,0.0,6.930137543661139,-0.0009175623748044733,0.0,0.0
0.0,0.0,7.0704004985321145,-0.007287372025946008,0.0,0.0
0.0,0.0,6.690632267379662,-0.017571008124918158,0.0,0.0
0.0,-0.08609301619928225,6.849355805578378,-0.021654346649440052,0.0,0.0
0.0,-0.1705562690578955,7.099431025149713,-0.024924203852976615,0.0,0.0
0.0,0.0,7.0471768249165,-0.031357279293753315,0.0,0.0
0.0,0.0,6.99207352583497,-0.021712094007588386,0.0,0.0
0.0,0.0,7.1999538074967715,-0.007637031347635002,0.0,0.0
0.0,0.0,7.295726555001951,0.0,0.0,0.0
0.0,0.0,7.13837052654935,0.0,0.0,0.0
0.0,0.0,7.4603612671030195,-0.00487635345814416,0.0,0.0
0.0,0.0,7.355838830314097,-0.023421013294845992,0.0,0.0
0.0,-0.46796188794521276,7.302223244572123,-0.041409094924756765,0.007984608783223704,0.0
0.0,-0.5418985141333467,7.344232303886035,-0.05135529246191124,0.007851630328243321,0.0
0.0,-0.40764906922469396,7.195331191034279,-0.048097698453820996,0.007573161811125764,0.0
0.0,-0.18900391779390105,7.031223238090571,-0.026468081176823123,0.0,0.0
0.0,0.0,7.142866822459486,-0.0073252874894519345,0.0,0.0
0.0,0.0,7.118296226202402,-0.0022557951997370573,0.0,0.0
0.0,0.0,7.128416526934269,-0.004966048559931928,0.0,0.0
0.0,0.0,6.823606294356208,-0.017396414173381287,0.0,0.0
0.0,0.0,6.807420604244927,-0.03060261938071357,0.007565072034366026,0.0
0.0,-0.017035300528429068,7.119536287055458,-0.03293205273390397,0.010065141237294514,0.0
0.0,0.0,7.002403296703567,-0.029357736844215925,0.005269477157575237,0.0
0.0,0.0,6.921281893983045,-0.013083444538249564,0.0036516821388942198,0.0
0.0,0.0,7.080611074327585,-0.001270278265807099,0.0,0.0
0.0,0.0,7.289358161791779,0.0,0.0,0.0
0.0,0.0,7.314471002180855,0.0,0.0,0.0
0.0,0.0,7.452189580780353,-0.00019327581564971302,0.0,0.0
0.0,0.0,7.742096310446966,-0.010427110682766302,0.005288936392220132,0.0
0.0,-0.027625650291212677,7.667475867604547,-0.03185677817594779,0.01299589722214468,0.0
0.0,-0.16217518407650522,7.733070512665987,-0.024496029844311477,0.008091833648001909,0.0
0.0,0.0,7.9016109837141455,-0.011661766629412937,0.0,0.0
0.0,0.0,8.104048605657052,-0.008290018293248033,0.0,0.0
0.0,0.0,8.168215694529092,-0.0017142803823419449,0.0,0.0
0.0,0.0,8.202950776005776,-0.010987643028905017,0.0,0.0
0.0,0.0,7.703054576794631,-0.019123991842596454,0.003042554483933873,0.0
0.0,0.0,7.623283021984593,-0.01660450462392888,0.0016900780026141264,0.0
0.0,0.0,7.977723530016997,-0.015084170440198613,0.0,0.0
0.0,0.0,7.791748494638741,-0.018855070117569605,0.0007237660999116431,0.0
0.0,0.0,7.424011445126579,-0.02306367271856139,0.0,0.0
0.0,0.0,7.564556506469178,-0.016159216198178998,0.0,0.0
0.0,0.0,7.645670812111801,0.0,0.0,0.0
0.15383453792475238,0.0,7.591679370097003,0.0,0.0,0.0
0.24530472618150437,0.0,7.976538381721513,0.0,0.0,6.200714020016652e-07
0.0,0.0,8.127542230657067,0.0,0.0,0.0
0.0,0.0,7.951907461775356,-0.00019694168320262572,0.0,0.0005500853671979468
0.0,0.0,7.779904205513179,-0.010883890273951934,0.0,0.0
0.0,0.0,8.064837667310744,-0.0104967662205308,0.0,0.0
0.0,0.0,8.218364304067556,-0.005161365348447352,0.0,0.0
0.0,0.0,8.250066920083382,0.0,0.0,6.435385002031448e-05
0.0,0.0,8.610532219522486,0.0,0.0,0.0010063104285285014
0.0,0.0,8.650658962118346,-0.004657270912070853,0.0,0.0
0.0,0.0,8.180714932150838,-0.01053108879654739,0.0,0.0
0.0,0.0,8.317145973109449,-0.011734656526248655,0.0011601592184509965,0.0
0.0,0.0,8.7484141991759,-0.007284716333275017,0.0,0.0
0.0,0.0,8.637499585750009,-0.006644658333710837,0.0,0.0
0.0,0.0,8.520534578809851,-0.009815942614651896,0.0,0.0
0.0,0.0,8.17449028916701,-0.010364286311599899,0.0,0.0008844109552509566
0.0,0.0,8.282428400057722,-0.00014934371351497315,0.0,0.0
0.0,0.0,8.576894224801013,0.0,0.0,0.0
0.0,0.0,8.273991824465059,0.0,0.0,0.0
0.0,0.0,8.07024651757808,-0.005754569870674144,0.0,0.0
0.0,0.0,8.092528555238363,-0.009403104641649854,0.003875768477512037,0.0
0.0,0.0,7.939311872782147,-0.008854938387069546,0.0022647329329235056,0.0008925782839397097
0.0,0.0,8.050930287470454,0.0,0.0,0.00026286198777522796
0.0,0.0,8.050930287470454,0.0,0.0,0.00026286198777522796
0.0,0.0,7.9042045784637365,0.0,0.0,0.0
0.0,0.0,7.757208851458354,-0.0011928267843297924,0.0,0.0
0.0,0.0,8.004483512879776,0.0,0.0,0.0
0.0,0.0,7.858617284291734,0.0,0.0,0.0
0.0,0.0,8.056452952291234,0.0,0.0,0.0
0.0,0.0,7.587159827021999,0.0,0.0,0.0
0.0,0.0,7.680964151567942,0.0,0.0,0.0
0.0,0.0,7.719139432501291,0.0,0.0,0.0
0.0,0.0,7.7928793923259985,0.0,0.0,0.0
0.0,0.0,7.717599464315716,0.0,0.0,0.0
0.0,0.0,8.07381820747017,0.0,0.0,0.0
0.0,0.0,7.84821502373366,0.0,0.0,0.0
0.0,0.0,7.915178203850597,0.0,0.0,0.0
0.0,0.0,8.267667389192964,0.0,0.0,0.0
0.0,0.0,8.843441385299423,0.0,0.0,0.0
0.0,0.0,8.557800082797584,-0.0005881265378849276,0.001227765336836099,0.0
0.0,0.0,8.721196183585418,0.0,0.0,0.0
0.0,0.0,9.037010476437455,0.0,0.0,0.0
0.0,0.0,9.135768190894447,0.0,0.0,0.0
0.0,0.0,9.208687880016878,0.0,0.0,0.0
0.0,0.0,8.956321689170299,0.0,0.0,0.0
0.0,0.0,9.099942973295539,0.0,0.0,0.0
0.0,0.0,9.32855326016487,0.0,0.0002971835695611384,0.0
0.0,0.0,8.88093428904013,-0.0075123165487996175,0.015136463109187514,0.0
0.0,0.0,8.301680432851937,-0.022863703498278886,0.02061481382604109,0.0
0.0,0.0,8.439800118654114,-0.004102979624384292,0.005344815938446814,0.0
0.0,0.0,8.722584594054046,0.0,0.0,0.0
0.0,0.0,8.594336968066191,0.0,0.0,0.0
0.0,0.0,8.145446440494716,0.0,0.0,0.0
0.0,0.0,8.158120860323063,0.0,0.0,0.0
0.0,0.0,8.664887555511704,0.0,0.0,0.0
0.0,0.0,8.772861763532235,0.0,0.008561761237309057,0.0
0.0,0.0,8.217477716115702,0.0,0.004034896679322288,0.0
0.0,0.0,8.556421989419299,0.0,0.0,0.0
0.0,0.0,9.074813475560942,0.0,0.001158637430276756,0.0
0.0,0.0,9.580655070835592,0.0,0.0,0.0
0.0,0.0,8.740946575368078,0.0,0.0005380195337820103,0.0
0.0,0.0,8.960792830351076,0.0,0.0,0.0
0.0,0.0,9.784728100826353,0.0,0.0012658800108805146,0.0
0.0,0.0,9.550521784511734,-0.0033924541717243865,0.0066072255454923175,0.0
0.0,0.0,8.487846060064502,-0.01236859860844525,0.0030501661518657964,0.0
0.0,0.0,9.047668785580864,0.0,0.0,0.0
0.0,0.0,9.823337114136192,0.0,0.0,0.0
0.0,0.0,9.481220811332486,0.0,0.0,0.0
0.0,0.0,8.980638075266238,0.0,0.0,0.0
0.0,0.0,8.858447666727425,0.0,0.0,0.0
0.0,0.0,9.7105645444741,0.0,0.0,0.0
0.0,0.0,9.729096166500021,0.0,0.0,0.0
0.0,0.0,8.870154865103945,0.0,0.0,0.0
0.0,0.0,9.59268128006178,0.0,0.0,0.0
0.3407178233933479,0.0,10.744693603259275,0.0,0.0,0.0
0.1168797773032609,0.0,10.339620842818197,0.0,0.0,0.0
0.0,0.0,10.378996966021948,0.0,0.0,0.0
0.0,0.0,10.807835094154376,0.0,0.0,0.0
0.0,0.0,10.829475464601675,-0.002711978561007646,0.0,0.0
0.0,0.0,10.436336923741326,-0.0007076404441770448,0.0,0.0
0.0,0.0,10.886085238735523,0.0,0.0,0.0
0.0,0.0,10.701351701205372,0.0,0.0,0.0
0.0,0.0,10.675259924551904,0.0,0.0,0.0
0.0,0.0,10.532185950896176,0.0,0.0,0.0
0.0,0.0,11.02253175346983,0.0,0.0,0.0
0.0,0.0,10.467770819037323,0.0,0.0,0.0
0.0,0.0,10.357539838670947,0.0,0.0,0.0
0.0,0.0,10.666432042403432,0.0,0.0,0.0
0.0,0.0,10.3177008301152,0.0,0.0,0.0
0.0,0.0,10.077836437148074,0.0,0.0,0.0
0.0,0.0,10.555022601036354,0.0,0.0,0.0
0.0,0.0,10.961406686938295,0.0,0.0,0.0
0.0,0.0,10.052503253384147,0.0,0.0,0.0
0.0,0.0,10.772092725394877,0.0,0.0,0.0
0.0,0.0,11.373725100786562,0.0,0.0,0.0
0.011935702127426801,0.0,10.962928373483534,0.0,0.0,0.0
0.07354525800478559,0.0,11.018131236316083,0.0,0.0,0.0
0.24822041362838249,0.0,10.926568577957847,0.0,0.0,0.0
0.0,0.0,11.170669182037063,0.0,0.0,0.0
0.0,0.0,10.703818384642123,0.0,0.0,0.0
0.0,0.0,10.26452608506493,0.0,0.0008233095524981636,0.0
0.0,0.0,10.26606780457498,0.0,0.0003904450275892952,0.0
0.0,0.0,10.57080279951192,0.0,0.0,0.0
0.0,0.0,10.367719118084427,0.0,0.0,0.0
0.0,0.0,10.271046575061378,0.0,0.0,0.0
0.0,0.0,10.074807886546356,0.0,0.0,0.0
0.14027362188908404,0.0,9.863165907527112,0.0,0.0,0.0
0.07275522157178707,0.0,10.20711674539184,0.0,0.0,0.0
0.2540945230594634,0.0,9.504602806113901,0.0,0.0,0.0
0.0,0.0,9.56668565727455,0.0,0.0,0.0
0.0,0.0,9.126880924167484,0.0,0.00010366486392293516,0.0
0.0,0.0,8.398303067088483,0.0,0.008874864159404257,0.0
0.0,0.0,9.300679265989467,0.0,0.0,0.0
0.0,0.0,9.139711969454122,0.0,0.0,0.0
0.0,0.0,8.851230424836022,0.0,0.0,0.0
0.0,0.0,9.209614582051413,0.0,0.0,0.0
0.0,0.0,9.121934879758124,0.0,0.0,0.0
0.0,0.0,9.386346245308083,0.0,0.0,0.0
0.0,0.0,10.00576826852512,0.0,0.0,0.0
0.0,0.0,9.277577600907112,0.0,0.005424813261926764,0.0
0.0,0.0,9.731027507820247,0.0,0.002452281493681345,0.0
0.0,0.0,9.942333226951884,0.0,0.00821712816177068,0.0
0.0,0.0,9.553093471675558,0.0,0.009695886835539295,0.0
0.0,0.0,9.851720965428685,0.0,0.0,0.0
0.0,0.0,10.297896688577158,0.0,0.0,0.0
0.0,0.0,10.331233387172752,0.0,0.0,0.0
0.0,0.0,10.263365460096505,0.0,0.0,0.0
0.0,0.0,10.309421843706813,0.0,0.00587568169050051,0.0
0.0,0.0,9.82645087223979,-0.005634394194905297,0.019012791633831537,0.0
0.0,0.0,10.804480657140996,0.0,0.006555393139955952,0.0
0.0,0.0,10.313300998890107,0.0,0.010424188035820198,0.0
0.0,0.0,9.459349587127656,-7.845904608368478e-05,0.00477830081302724,0.0
0.0,0.0,9.538319692864153,0.0,0.0,0.0
0.068376807778691,0.0,9.43980023438194,0.0,0.0,0.0
0.36130168866370876,0.0,8.97011123930087,0.0,0.0,0.0
0.0316261341193621,0.0,8.88801654433903,0.0,0.0,0.0
0.0,0.0,8.495529003591226,0.0,0.0,0.0
0.0,0.0,8.368922584187374,0.0,0.0,0.0
0.0,0.0,8.823865844478307,0.0,0.00932820173194302,0.0
0.0,0.0,8.563267760049223,0.0,0.00575183565329569,0.0
0.0,0.0,8.533168882448969,0.0,0.0,0.0
0.0,0.0,9.325147565410886,0.0,0.0,0.0
0.1256990288541158,0.0,9.340248960079144,0.0,0.0,0.0
0.08254546480940436,0.0,9.395729863665062,0.0,0.0,0.0
0.0,0.0,9.285439471757437,0.0,0.0,0.0
0.0,0.0,9.97285528193451,0.0,0.0,0.0
0.0,0.0,9.727729608798484,0.0,0.003635042265776406,0.0
0.0,0.0,9.394997755489177,-0.003710083879885713,0.007164714045190821,0.0
0.0,0.0,9.235314795067039,-0.006095534650101664,0.015299614788502513,0.0
0.0,0.0,9.589230165531696,-0.0008430559162090909,0.005667496418956715,0.0
0.0,0.0,8.986082718811172,-0.0006978216791601266,0.012907513614684642,0.0
0.0,0.0,8.75702474797442,0.0,0.0012796921701327226,0.0
0.0,0.0,8.713229583084264,0.0,0.0,0.0
0.0,0.0,8.227394141742145,0.0,0.0,0.0
0.10028696826614447,0.0,8.676600943354185,0.0,0.0,0.0
0.0,0.0,8.345713821767086,0.0,0.0,0.0
0.0,0.0,7.562832264520187,0.0,0.0,0.0
0.0,0.0,7.4991245378854,0.0,0.004958908791932384,0.0
0.0,0.0,8.041138951709529,0.0,0.0,0.0
0.0,0.0,7.903685612526388,0.0,0.0,0.0
0.0,0.0,7.344777104895345,0.0,0.0,0.0
0.0,0.0,6.972784854095394,0.0,0.0,0.0
0.0,0.0,7.877319335743676,0.0,2.675347830789959e-05,0.0
0.0,0.0,7.186188102809398,0.0,0.01565817543841142,0.0
0.0,0.0,7.4459509152043495,0.0,0.005344022453567632,0.0
0.0,0.0,8.097450157026236,0.0,0.003920474017393707,0.0
0.0,0.0,7.983325334802727,0.0,0.0053684191452345945,0.0
0.0,0.0,7.983325334802727,0.0,0.0053684191452345945,0.0
0.0,0.0,8.082178342415311,0.0,0.0041127768910365825,0.0
0.0,0.0,8.330463099831944,0.0,0.0030612699731837048,0.0
0.0,0.0,7.597151110546507,0.0,0.007318667030758935,0.0
0.0,0.0,7.6782205991773065,0.0,0.0005534323846215198,0.0
0.0,0.0,7.6782205991773065,0.0,0.0005534323846215198,0.0
0.0,0.0,7.610380174162236,0.0,0.005952861361939792,0.0
0.0,0.0,7.644796826017253,0.0,0.0038379058562088867,0.0
0.0,0.0,7.617021438036583,0.0,0.002223509742039306,0.0
0.0,0.0,7.905432536384585,0.0,0.000602532048480097,0.0
0.0,0.0,7.590450470169675,0.0,0.007347332244443809,0.0
0.0,0.0,6.92283622665642,0.0,0.010649984929787134,0.0
0.0,0.0,6.721966387962462,0.0,0.0018223812887996926,0.0
0.137033654500583,0.0,6.426437968465985,0.003673912135867769,0.0,0.0
0.5245881412260591,0.2046389878590511,6.771559183254394,0.025129572893559826,0.0,0.0
0.441098906291982,0.037918761067535924,6.465454333110434,0.011622540821888431,0.0,0.0
0.11581163600708251,0.0,6.1992485188241355,0.0,0.0,0.0
0.0,0.0,6.551239671074411,0.0,0.004215465388787277,0.0
0.0,0.0,6.489197253455723,0.0,0.013039921862265871,0.0
0.0,0.0,6.101570622069053,0.0,0.01871112435613228,0.0
0.0,0.0,6.407551707912151,0.0,0.012091277754129446,0.0
0.0,0.0,7.3059446554153356,0.0,0.0,0.0
0.0,0.0,7.138813783976661,0.0,0.0,0.0
0.11380393494245906,0.0,7.295051068224915,0.0,0.0,0.0
0.0,0.0,7.4886200646775505,0.0,0.0,0.0
0.0,0.0,7.49279629668757,0.0,0.0010732341275152837,0.0
0.0,0.0,7.067337001988871,-0.002724946734944246,0.012966607987017357,0.0
0.0,0.0,7.01962263748364,-0.0013217831653689793,0.020005291885277658,0.0
0.0,0.0,7.169250448298864,0.0,0.025477011103064884,0.0
0.0,0.0,6.961350290766012,0.0,0.011221660233353496,0.0
0.0,0.0,7.261640750322736,0.0,0.0,0.0
0.0,0.0,6.872335746329824,0.008188775435923378,0.0,0.0
0.11604188838559579,0.0,6.933418022103578,0.007695554183608513,0.0,0.0
0.0,0.0,6.602888103576298,0.0,0.0,0.0
0.0,0.0,6.558871649804257,0.0,0.000762227384655841,0.0
0.0,0.0,6.677451030846986,0.0,0.009522275680428686,0.0
0.0,0.0,5.920118178256717,0.0,0.013337960273666887,0.0
0.0,0.0,6.177415638677752,0.0,0.011178331575208155,0.0
0.0,0.0,6.118522412482465,0.0,0.008856255419448733,0.0
0.0,0.0,6.105066207059951,0.0,0.0,0.0
0.0,0.0,6.29388774712653,0.0,0.0,0.0
0.0,0.0,6.485344480897062,0.0,0.002116220526471479,0.0
0.0,0.0,6.031372370488834,0.0,0.01369290784370058,0.0
0.0,0.0,6.252344669282246,-0.000524966915123574,0.014134217684784548,-0.00020852153165566912
0.0,0.0,6.414571492511273,0.0,0.021776294929599545,0.0
0.0,0.0,6.264063136543548,-0.0001922445341993989,0.028774085727254584,0.0
0.0,0.0,5.896637301447461,0.0,0.016057043984560784,0.0
0.0,0.0,6.226599217300967,0.0,0.010450187368399347,0.0
0.0,0.0,6.408263818445052,0.0,0.0042050565505431904,0.0
0.0,0.0,6.198256708202395,0.0,0.0018020518606019268,0.0
0.0,0.0,6.475498954172953,0.0,0.0,0.0
0.0,0.0,6.280783683343896,0.0,0.015010651603247344,-2.031849787105658e-05
0.0,0.0,5.14648945027689,-0.0006828523216759595,0.029065013635639868,0.0
0.0,0.0,5.357822107482157,0.0,0.02269533591434627,0.0
0.0,0.0,5.190349476792238,0.0,0.01919445023920072,0.0
0.09515663561598967,0.06779038550446584,4.922723263708966,0.01967366310942207,0.0,0.0
0.4155633467191331,0.0,5.0410352073385765,0.015273581972621205,0.0,0.0
0.20398493449661564,0.0,4.62620762652016,0.0010482051039462773,0.0,0.0
0.0,0.0,4.207925209654395,0.0,0.0,0.0
0.0,0.0,4.606183400730683,0.0,0.0,0.0
0.0,0.0,4.674972635341598,0.0,0.005938981928197996,0.0
0.0,0.0,4.442445746157356,0.0,0.0054023223114419445,0.0
0.0,0.0,4.477954943807996,0.0,0.017402394816605063,0.0
0.0,0.0,4.65340101784671,0.0,0.009415750496174081,0.0
0.0,0.0,4.814152441539039,-0.0010084225466475655,0.005900889398168094,0.0
0.0,0.0,4.421529980246472,-0.004065192602477033,0.0013420516298775502,0.0
0.0,0.0,4.259296264317159,0.0,0.0023286224784986147,0.0
0.0,0.0,4.498329854033265,0.0,0.0031998549536199224,0.0
0.0,0.0,4.619218470518489,0.0,0.0,0.0
0.0,0.0,4.114064330395059,0.0,0.0,0.0
0.0,0.0,4.940517067437813,0.004881671090439595,0.0,0.0
0.0,0.0,4.777468472327378,0.0001815968203049909,0.0,0.0
0.0,0.0,4.212061485250736,0.0,0.0,0.0
0.0,0.0,4.808158225213198,0.0,0.0,0.0
0.0,0.0,4.658017291409672,0.0,0.00329884765145363,-7.830719378219515e-05
0.0,0.0,4.5424654084326646,0.0,0.0012013285586199279,0.0
0.0,0.0,4.929455010160148,0.0,0.003491275494112752,0.0
0.0,0.0,4.703345225432739,0.0,0.0,0.0
0.0,0.0,4.770962475912152,0.0,0.0008327270786445195,-1.5084527452995883e-05
0.0,0.0,4.80957380036508,0.0,0.0,0.0
0.0,0.0,4.551780357814322,0.0,0.0,-0.0009614499297155464
0.0,0.0,4.466217150762416,0.0,0.0,-0.0007127966474370984
0.0,0.0,4.571603566519388,0.0,0.0,-0.0001403587198223882
0.0,0.0,4.414646025803814,0.0,0.00585888183069516,-0.002507465182195549
0.0,0.0,4.002276848541917,0.0,0.012155390819752709,0.0
0.0,0.0,3.865701223285845,0.0,0.005267896042847145,-0.0018522718349917948
0.0,0.0,4.273204772565432,0.0,0.010022273193656417,-0.0018095623901272482
0.0,0.0,4.070459940551612,0.0,0.01112198277063872,-0.0022390448515023703
0.0,0.0,3.8898064761500613,0.0,0.015490577163140336,-0.0020266664910902833
0.0,0.0,3.75531673973806,0.0,0.01837201161362593,-0.00246954984208056
0.0,0.0,3.5179677719324283,0.0,0.030833823399016642,-0.0007348266009080814
0.0,0.0,3.3365309580742,0.0,0.01979657841551407,-0.0012970279270553306
0.0,0.0,3.240152101274578,0.0,0.015583148778796577,-0.00436057300288087
0.0,0.0,2.77842913532974,0.0,0.0006769007292182375,-0.0009523726482577917
0.0,0.0,3.099759509375477,0.0116667087387477,0.0,-0.0018144816233546027
0.0,0.05001771761412839,2.9969380380955517,0.012438982251102541,0.0,0.0
0.0,0.0,2.699496582679222,0.009633885400659981,0.0,0.0
0.0,0.0,2.519833687236813,0.0016055592387209938,0.0,0.0
0.0,0.0,2.4418576594049006,0.0,0.010441941811263334,0.0
0.0,0.0,1.9779569634729728,0.0,0.01640306881484376,0.0
0.0,0.0,2.6546195484281028,0.001349994307901504,0.006599428145048822,0.0
0.0,0.0,2.5973621169640717,0.0008236683837902197,0.0,0.0
0.0,0.0,2.714746126931357,0.0,0.0,0.0
0.0,0.0,2.432194238013348,0.0,0.0,0.0
0.0,0.0,2.3486498854192868,0.0,0.0,0.0
0.0,0.0,2.8320195288313563,0.0,0.0,0.0
0.0,0.0,2.4574721295411384,0.0,0.0024323830894073676,0.0
0.0,0.0,2.3617420511297555,0.0,0.0,0.0
0.0,0.0,2.7966566680617984,0.0,0.0,0.0
0.0,0.0,2.494350508857283,0.0,0.0,0.0
0.0,0.0,2.277615590578142,0.0,0.0,0.0
0.0,0.0,2.4766049053101993,0.0,0.0,0.0
0.0,0.0,2.363451506229973,0.0,0.0,0.0
0.0,0.0,2.8151529967597435,0.0,0.0,0.0
0.0,0.0,2.765028035873741,0.0,0.00481925610347721,0.0
0.0,0.0,2.2884395119051537,0.0,0.0071608375051647796,0.0
0.0,0.0,2.7391661262523006,0.0,0.0,0.0
0.0,0.0,2.950356860450894,0.0,0.0,0.0
0.0,0.0,2.690578849953565,0.0,0.0,0.0
0.0,0.0,2.8945040883231483,0.0,0.0,0.0
0.0,0.0,2.5338495872638136,0.0,0.0,0.0
0.0,0.0,2.3206149792924906,0.0,0.002794588900488116,0.0
0.0,0.0,2.629504623319293,0.0,0.0,0.0
0.0,0.0,2.2441379272997057,0.0,0.005817379663954016,0.0
0.0,0.0,2.1140298846892938,0.0,0.007383775693143457,0.0
0.0,0.0,2.36099233759636,0.0,0.0,0.0
0.0,0.0,2.6264141255603715,0.0,0.0,0.0
0.0,0.0,2.332724551588121,0.0,0.0,0.0
0.0,0.0,2.2055068848344583,0.0,0.0,-0.0001892660351988486
0.0,0.0,2.116889140307739,0.0,0.009447828097027601,0.0
0.0,0.0,1.7868167016187484,-0.002219682256210833,0.00772293724109716,-8.735328779880099e-05
0.0,0.0,1.6289653956882237,0.0,0.010181953434039825,0.0
0.0,0.0,1.538654206647549,0.0,0.003827377336831083,0.0
0.0,0.0,1.1394911419536646,0.0,0.0,0.0
0.43782804303588996,0.0,1.53068862051173,0.017412494408509636,0.0,0.0
0.669564824346556,0.0,1.476108882290534,0.017638597385213235,0.0,0.0
0.33951975725758615,0.0,0.8956502851667878,0.00018268990895675842,0.0,0.0
0.0,0.0,1.1079171436493302,0.0,0.0,0.0
0.0,0.0,1.1117142802700681,0.0,0.006508431909080308,0.0
0.0,0.0,1.0258905082197296,0.0,0.020555090057643496,0.0
0.0,0.0,1.2361906851624331,0.0,0.011617712742757757,0.0
0.0,0.0,1.5447252584393025,0.0,0.009210894345775463,0.0
0.0,0.0,1.5854086032785848,0.0,0.0,0.0
0.0,0.0,1.9580873486638595,0.0,0.0,0.0
0.0,0.0,1.6754380548987495,0.0,0.0,0.0
0.0,0.0,1.0343382233067804,0.0,0.009709992424332781,0.0
0.0,0.0,1.3374181411136052,0.0,0.008368657466473686,0.0
0.0,0.0,1.0985793292246722,-0.00458588551898606,0.022494327437071648,0.0
0.0,0.0,0.5031524219435771,-0.007286336107847753,0.028960071205210897,0.0
0.0,0.0,0.8310046455801455,0.0,0.005056214085546859,0.0
0.0,0.0,0.7521419329276738,0.0,0.0,0.0
0.0,0.0,0.5150342189349482,0.0012664722165104153,0.0,0.0
0.0,0.0,0.4329909628540234,0.0007326631089217969,0.0,0.0
0.0,0.0,0.1201934067291204,0.0,0.0,0.0
0.0,0.0,0.5728391224470175,0.0,0.0,0.0
0.0,0.0,0.0,0.0,0.001327545926528211,0.0
0.0,0.0,0.0,0.0,0.001327545926528211,0.0
0.0,0.0,0.21268439839709644,0.0,0.0,0.0
0.0,0.0,0.11744175568959461,0.0,0.0,0.0
0.0,0.0,0.11744175568959461,0.0,0.0,0.0
0.15160550537973314,0.0,0.2605424270756825,0.0,0.0,0.0
0.0,0.0,0.160452050949433,0.0,0.0,0.0
0.0,0.0,0.160452050949433,0.0,0.0,0.0
0.0,0.0,0.06198002331882583,0.0,0.0014179960432430143,0.0
0.0,0.0,0.0,-0.004883546997901903,0.006075996432569379,0.0
0.0,0.0,0.0,-0.004883546997901903,0.006075996432569379,0.0
0,0,0,0,0,0
0,0,0,0,0,0
0.0,0.0,0.012465788793258267,0.0,0.0,0.0
0.0,0.0,0.14554393367980942,0.0,0.0,0.0
0.0,0.0,0.0747992860750984,0.0,0.0023085421321787274,0.0
0.0,0.0,0.0,0.0,0.006897028705383135,0.0
0.0,0.0,0.0,0.0,0.006897028705383135,0.0
0.0,0.0,0.0,0.0,0.0027877202732626083,0.0
0.0,0.0,0.0,0.0,0.0009379636611863791,0.0
0,0,0,0,0,0
0.05925479518150053,0.0,0.0,0.008743698787848373,0.0,0.0
0,0,0,0,0,0
0,0,0,0,0,0
0,0,0,0,0,0
0.0,0.0,0.0,0.0,0.0003655889770754155,0.0
0,0,0,0,0,0
0,0,0,0,0,0
0,0,0,0,0,0
0,0,0,0,0,0
0,0,0,0,0,0
0.0,0.0,0.0,0.0,0.0017428317198756402,0.0
0.0,0.0,0.0,0.0,0.006595921348254023,0.0
0.0,0.0,0.0,-0.0005158489464763242,0.015452534696369471,0.0
0.0,0.0,0.0,0.0,0.016884666440188247,0.0
0.0,0.0,0.0,0.0,0.020423763160053433,0.0
0.0,0.0,0.0,0.0,0.005240199851799343,0.0
0.0,0.0,0.0,0.0,0.0014577686910336154,0.0
0.0,0.0,0.0,0.0,0.0040649365330539,0.0
0.0,0.0,0.0,0.0,0.0017440859187400702,0.0
0,0,0,0,0,0
0,0,0,0,0,0
0.0,0.0,0.0,0.0,7.629468354235688e-05,0.0
0.0,0.0,0.0,0.0,0.0029931850672316835,0.0
0.0,0.0,0.0,0.0,0.01692136870722624,0.0
0.0,0.0,0.0,0.0,0.006933346454477005,0.0
0.0,0.0,0.0,0.0,0.017613550938849146,0.0
0.0,0.0,0.0,0.0,0.027633574178308706,0.0
0.0,0.0,0.0,0.0,0.015919076183009764,0.0
0.0,0.0,0.0,0.0,0.010805059484692587,0.0
0.0,0.0,0.0,0.0,0.012739625740026345,0.0
0.0,0.0,0.0,0.0,0.006421966755322192,0.0
0.0,0.0,0.0,0.0,0.01041100747700241,0.0
0.0,0.0,0.0,0.0,0.01642639465209813,0.0
0.0,0.0,0.0,0.0,0.01921496356645638,0.0
0.0,0.0,0.0,0.0,0.019960749155910895,0.0
0.0,0.0,0.0,0.0,0.019592539183071397,0.0
0.0,0.0,0.0,0.0,0.007368426190529643,0.0
0,0,0,0,0,0
0,0,0,0,0,0
0.0,0.0,0.0,0.0,0.002005966242263623,0.0
0,0,0,0,0,0
0.0,0.0,0.0,0.0007971816383496892,0.0,0.0
0.0,0.0,0.0,0.0,0.006982528139041507,0.0
0.0,0.0,0.0,0.0,0.009397993047286876,0.0
0.0,0.0,0.0,0.0,0.01059361676595904,0.0
0.0,0.0,0.0,0.0,0.01177152743901376,0.0
0.0,0.0,0.0,0.0,0.004429425384097372,0.0
0.0,0.0,0.0,0.0,0.0005507866396211007,0.0
0,0,0,0,0,0
0,0,0,0,0,0
0.0,0.0,0.0,0.0,4.012572124146761e-06,0.0
0.0,0.0,0.0,0.0,0.00819018830690038,0.0
0.0,0.0,0.0,0.0,0.026351698603697758,0.0
0.0,0.0,0.0,0.0,0.020073200008636057,0.0
0.0,0.0,0.0,0.0,0.009322818349842901,0.0
0,0,0,0,0,0
0,0,0,0,0,0
0,0,0,0,0,0
0,0,0,0,0,0
0,0,0,0,0,0
0.0,0.0,0.0,0.0,0.005197310256034353,0.0
0.0,0.0,0.0,0.0,0.0043274085410814804,0.0
0.0,0.0,0.0,0.0,2.8080270707947075e-05,0.0
0.0,0.0,0.0,0.0,0.00040394363754563757,0.0
0,0,0,0,0,0
0,0,0,0,0,0
0.0,0.0,0.0,0.0,0.0021564729689226804,0.0
0.0,0.0,0.0,0.0,0.0033809223811037945,0.0
0.0,0.0,0.0,0.0,0.009100227331817187,0.0
0.0,0.0,0.0,0.0,0.01620295775861838,0.0
0.0,0.0,-0.06426033469965332,0.0,0.013160164543859315,0.0
0.0,0.0,0.0,0.0,0.009297761811754426,0.0
0.0,0.0,0.0,0.0,0.004085001652612591,0.0
0.0,0.0,0.0,0.0,0.004661144395801363,0.0
0.0,0.0,0.0,0.0,0.0034544823687271903,0.0
0.0,0.0,0.0,0.0,0.0006098122661244912,0.0
0,0,0,0,0,0
0,0,0,0,0,0
0.0,0.0,0.0,0.0,0.00582362849507773,0.0
0.0,0.0,0.0,0.0,0.010693770795915599,0.0
0.0,0.0,-0.1806894736291786,0.0,0.010692345995449267,0.0
0.0,0.0,-0.0073392471783976666,0.0,0.0030718250748279683,0.0
0.0,0.0,-0.055627975648190185,0.0,0.003958844301846563,0.0
0.0,0.0,-0.042535587660655086,0.0,0.0,0.0
0.0,0.0,-0.051986674305961524,0.0,1.0365179604797714e-05,0.0
0.0,0.0,-0.105817977881112,0.0,0.0043230406016584195,0.0
0.0,0.0,-0.1370672510553772,0.0,0.0016805900764173965,0.0
0.0,0.0,-0.048751024107222304,0.0,0.0,0.0
0.0,0.0,-0.13948802486900974,0.0,0.002534712405588569,0.0
0.0,0.0,-0.10508132748203151,0.0,0.007303380485383622,0.0
0.0,0.0,-0.18492952273641222,0.0,0.015049660419022531,0.0
0.0,0.0,-0.15637700531372123,0.0,0.005079604737320411,0.0
0.0,0.0,-0.0576623400408234,0.0,0.0,0.0
0.0,0.0,-0.17213013349792636,0.0,0.0,0.0
0.0,0.0,-0.24853372739817886,0.0,0.008235209696223367,0.00041841036829607156
0.0,0.0,-0.3642433039306383,0.0,0.016300186234040066,0.0004599246132078792
0.0,0.0,-0.39115757260032924,0.0,0.016978273409875767,0.000353686164967242
0.0,0.0,-0.41645032808400384,0.0,0.0075128521186728055,0.001390936143085134
0.0,0.0,-0.36813207284237437,0.0,0.0,0.004525147988195382
0.0,0.0,-0.40107939581020446,0.0,0.0,0.0045954106164610865
0.0,0.0,-0.44516553259582825,0.0,0.0,0.004411648817543084
0.0,0.0,-0.41193800100825434,0.0,0.0,0.002888426076075371
0.0,0.0,-0.4597690048150137,0.0,0.0,0.0038613378991149104
0.0,0.0,-0.43607237290328327,0.0,0.0,0.0038633084636895353
0.0,0.0,-0.42711435625579836,0.0,0.0027174546184278153,0.006545326750331169
0.0,0.0,-0.3535370518918577,0.0,0.00535895058678416,0.004812814697634926
0.0,0.0,-0.442220495538065,0.0,0.007875759470120546,0.005097223747455771
0.0,0.0,-0.2686053515430509,0.0,0.0059509454609464624,0.004105074066236494
0.0,0.0,-0.549775827424176,0.0,0.00576465321630999,0.006623712655756321
0.0,0.0,-0.549775827424176,0.0,0.00576465321630999,0.006623712655756321
0.0,0.0,-0.5895670330210866,0.0,0.0,0.006315938536450354
0.0,0.0,-0.5410174451055795,0.0,0.0,0.0075566143349076395
0.0,0.0,-0.740865822382438,0.0,0.0,0.003532740962787007
0.0,0.0,-0.7078371600839061,0.0,0.0,0.004839236480663117
0.0,0.0,-0.7050993946804888,0.0,0.0,0.005681872249070415
0.0,0.0,-0.6878501319376163,0.0,0.0,0.0022395522141865744
0.0,0.0,-0.6336822699774576,0.0,0.0,0.007245972236967541
0.0,0.0,-0.5844307911404714,0.0,0.0,0.004614319619396703
0.0,0.0,-0.5953399950736259,0.0,0.0,0.006084586375069782
0.0,0.0,-0.4410422619595312,0.0,0.0,0.004725055725694006
0.0,0.0,-0.4656184337101513,0.0,0.0,0.0033289004527410973
0.0,0.0,-0.3359140710424977,0.0,0.0,0.0033937235462863868
0.0,0.0,-0.3796179084766266,0.0,0.0,0.003272862885577609
0.0,0.0,-0.43644601071269074,0.0,0.0,0.0047762021866961
0.0,0.0,-0.4115260200926737,0.0,0.0,0.0027659766081125506
0.0,0.0,-0.42095886643685015,0.0,0.0,0.0031778461484907893
0.0,0.0,-0.23431440068419102,0.0,0.0,0.0021743132353426323
0.0,0.0,-0.27137985430711775,0.0,0.0,0.0022093755624066768
0.0,0.0,-0.5162594963236311,0.0,0.0,0.0013276089382309412
0.0,0.0,-0.3513088253377763,0.0,0.0,0.0018293766652619687
0.0,0.0,-0.2722901693317844,0.0,0.0,0.0022144890699020863
0.0,0.0,-0.16039274679327348,0.0,0.0,0.003930807399252766
0.0,0.0,-0.06985864468269505,0.0,0.0,0.003069616514762134
0.0,0.0,-0.06855609761524223,0.0,0.0,0.0045010113354391305
0.0,0.0,-0.021046885738214748,0.0,0.0,0.002714995089128996
0.0,0.0,0.0,-0.001834161829918481,0.0,0.002921216062901135
0.0,0.0,0.0,-0.005713705178767605,0.0,0.0018358767018162262
0.0,-0.0285366953186722,0.0,-0.008954605114311953,0.0,0.0
0.0,0.0,0.0,-0.001469673663160186,0.0,0.002584657117047152
0.0,0.0,0.0,0.0,0.0,0.0026888866013319397
0,0,0,0,0,0
0.0,0.0,-0.05032731691182134,0.0,0.0,0.0
0.0,0.0,-0.1180401951706321,0.0,0.0,0.0006829540950308091
0.0,0.0,-0.10462019528259717,0.0,0.0,0.0
0.0,0.0,-0.1403853414149587,0.0,0.0,0.0
0.0,0.0,-0.09524073069372088,0.0,0.0,0.0
0.0,0.0,-0.1283747425829108,0.0,0.0,0.0
0.0,0.0,-0.16300801755634944,0.0,0.0,0.0
0.0,0.0,-0.2288835047499384,0.0,0.0,0.0
0,0,0,0,0,0
0.0,0.0,-0.07014542396687214,0.0,0.0,0.0
0.0,0.0,-0.11678913880957834,-0.005411073769884525,0.0,0.0
0.0,-0.0002917519038646813,-0.08154713507606678,-0.005025759526773679,0.0,0.0
0.0,0.0,0.0,-0.00019252865280800445,0.0,0.0
0,0,0,0,0,0
0.0,0.0,-0.014933832420084772,0.0,0.0,0.0
0.0,0.0,-0.07794684285561355,0.0,0.0,0.0
0.0,0.0,-0.06611617092167019,0.0,0.0,0.0
0.0,0.0,-0.03321428627302383,0.0,0.0,0.0
0,0,0,0,0,0
0,0,0,0,0,0
0,0,0,0,0,0
0,0,0,0,0,0
0,0,0,0,0,0
0,0,0,0,0,0
0,0,0,0,0,0
0.0,0.0,0.0,-0.008315960003415692,0.0,0.0
0.0,0.0,0.0,-0.012275323885695211,0.0,0.0
0.0,0.0,0.0,-0.008321059433268812,0.0,0.0
0.0,0.0,0.0,-0.002254485214347555,0.0,0.0
0,0,0,0,0,0
0,0,0,0,0,0
0,0,0,0,0,0
0,0,0,0,0,0
0.0,0.0,0.0,-0.0042638436010041655,0.0,0.0
0.0,0.0,0.0,-0.006728404890035779,0.0,0.0
0,0,0,0,0,0
0,0,0,0,0,0
0,0,0,0,0,0
0,0,0,0,0,0
0,0,0,0,0,0
0.0,0.0,0.0,0.0008025264038227372,0.0,0.0
0,0,0,0,0,0
0,0,0,0,0,0
0,0,0,0,0,0
0,0,0,0,0,0
0,0,0,0,0,0
0,0,0,0,0,0
0,0,0,0,0,0
0,0,0,0,0,0
0,0,0,0,0,0
0,0,0,0,0,0
0,0,0,0,0,0
0,0,0,0,0,0
0,0,0,0,0,0
0,0,0,0,0,0
0,0,0,0,0,0
0,0,0,0,0,0
0,0,0,0,0,0
0,0,0,0,0,0
0,0,0,0,0,0
0,0,0,0,0,0
0,0,0,0,0,0
0,0,0,0,0,0
0,0,0,0,0,0
0,0,0,0,0,0
0,0,0,0,0,0
0,0,0,0,0,0
0,0,0,0,0,0
0,0,0,0,0,0
0,0,0,0,0,0
0,0,0,0,0,0
0,0,0,0,0,0
0,0,0,0,0,0
0,0,0,0,0,0
0,0,0,0,0,0
0,0,0,0,0,0
0,0,0,0,0,0
0,0,0,0,0,0
0,0,0,0,0,0
0,0,0,0,0,0
0,0,0,0,0,0
0,0,0,0,0,0
0,0,0,0,0,0
0,0,0,0,0,0
0,0,0,0,0,0
0,0,0,0,0,0
0,0,0,0,0,0
0,0,0,0,0,0
0,0,0,0,0,0
0,0,0,0,0,0
0,0,0,0,0,0
0,0,0,0,0,0
0,0,0,0,0,0
0,0,0,0,0,0
0,0,0,0,0,0
0,0,0,0,0,0
0,0,0,0,0,0
0,0,0,0,0,0
0,0,0,0,0,0
0,0,0,0,0,0
0,0,0,0,0,0
0,0,0,0,0,0
0,0,0,0,0,0
0,0,0,0,0,0
0,0,0,0,0,0
0,0,0,0,0,0
0,0,0,0,0,0
0,0,0,0,0,0
0,0,0,0,0,0
0,0,0,0,0,0
0,0,0,0,0,0
0,0,0,0,0,0
0,0,0,0,0,0
0,0,0,0,0,0
0,0,0,0,0,0
0,0,0,0,0,0
0,0,0,0,0,0
0,0,0,0,0,0
0,0,0,0,0,0
0,0,0,0,0,0
0,0,0,0,0,0
0,0,0,0,0,0
0,0,0,0,0,0
0,0,0,0,0,0
0,0,0,0,0,0
0,0,0,0,0,0
0,0,0,0,0,0
0,0,0,0,0,0
0,0,0,0,0,0
0,0,0,0,0,0
0,0,0,0,0,0
0,0,0,0,0,0
0,0,0,0,0,0
0,0,0,0,0,0
0,0,0,0,0,0
0,0,0,0,0,0
0,0,0,0,0,0
0,0,0,0,0,0
0,0,0,0,0,0
0,0,0,0,0,0
0,0,0,0,0,0
0,0,0,0,0,0
0,0,0,0,0,0
0,0,0,0,0,0
0,0,0,0,0,0
0,0,0,0,0,0
0,0,0,0,0,0
0,0,0,0,0,0
0,0,0,0,0,0
0,0,0,0,0,0
0,0,0,0,0,0
0,0,0,0,0,0
0,0,0,0,0,0
0,0,0,0,0,0
0,0,0,0,0,0
0,0,0,0,0,0
0,0,0,0,0,0
0,0,0,0,0,0
0,0,0,0,0,0
0,0,0,0,0,0
0,0,0,0,0,0
0,0,0,0,0,0
0,0,0,0,0,0
0,0,0,0,0,0
0,0,0,0,0,0
0,0,0,0,0,0
0,0,0,0,0,0
0,0,0,0,0,0
0,0,0,0,0,0
0,0,0,0,0,0
0,0,0,0,0,0
0,0,0,0,0,0
0,0,0,0,0,0
0,0,0,0,0,0
0,0,0,0,0,0
0,0,0,0,0,0
0,0,0,0,0,0
0,0,0,0,0,0
0,0,0,0,0,0
0,0,0,0,0,0
0,0,0,0,0,0
0,0,0,0,0,0
0,0,0,0,0,0
0,0,0,0,0,0
0,0,0,0,0,0
0,0,0,0,0,0
0,0,0,0,0,0
0,0,0,0,0,0
0,0,0,0,0,0
0,0,0,0,0,0
0,0,0,0,0,0
0,0,0,0,0,0
0,0,0,0,0,0
0,0,0,0,0,0
0,0,0,0,0,0
0,0,0,0,0,0
0,0,0,0,0,0
0,0,0,0,0,0
0,0,0,0,0,0
0,0,0,0,0,0
0,0,0,0,0,0
0,0,0,0,0,0
0,0,0,0,0,0
0,0,0,0,0,0
0,0,0,0,0,0
0,0,0,0,0,0
0,0,0,0,0,0
0,0,0,0,0,0
0,0,0,0,0,0
0,0,0,0,0,0
0,0,0,0,0,0
0,0,0,0,0,0
0,0,0,0,0,0
0,0,0,0,0,0
0,0,0,0,0,0
0,0,0,0,0,0
0,0,0,0,0,0
0,0,0,0,0,0
0,0,0,0,0,0
0,0,0,0,0,0
0,0,0,0,0,0
0,0,0,0,0,0
0,0,0,0,0,0
0,0,0,0,0,0
0,0,0,0,0,0
0,0,0,0,0,0
0,0,0,0,0,0
0,0,0,0,0,0
0,0,0,0,0,0
0,0,0,0,0,0
0,0,0,0,0,0
0,0,0,0,0,0
0,0,0,0,0,0
0,0,0,0,0,0
0,0,0,0,0,0
0,0,0,0,0,0
0,0,0,0,0,0
0,0,0,0,0,0
0,0,0,0,0,0
0,0,0,0,0,0
0,0,0,0,0,0
0,0,0,0,0,0
0,0,0,0,0,0
0,0,0,0,0,0
0,0,0,0,0,0
0,0,0,0,0,0
0,0,0,0,0,0
0,0,0,0,0,0
0,0,0,0,0,0
0,0,0,0,0,0
0,0,0,0,0,0
0,0,0,0,0,0
0,0,0,0,0,0
0,0,0,0,0,0
0,0,0,0,0,0
0,0,0,0,0,0
0,0,0,0,0,0
0,0,0,0,0,0
0,0,0,0,0,0
0,0,0,0,0,0
0,0,0,0,0,0
0,0,0,0,0,0
0,0,0,0,0,0
0,0,0,0,0,0
0,0,0,0,0,0
0,0,0,0,0,0
0,0,0,0,0,0
0,0,0,0,0,0
0,0,0,0,0,0
0,0,0,0,0,0
0,0,0,0,0,0
0,0,0,0,0,0
0,0,0,0,0,0
0,0,0,0,0,0
0,0,0,0,0,0
0,0,0,0,0,0
0,0,0,0,0,0
0,0,0,0,0,0
0,0,0,0,0,0
0,0,0,0,0,0
0,0,0,0,0,0
0,0,0,0,0,0
0,0,0,0,0,0
0,0,0,0,0,0
0,0,0,0,0,0
0,0,0,0,0,0
0,0,0,0,0,0
0,0,0,0,0,0
0,0,0,0,0,0
0,0,0,0,0,0
0,0,0,0,0,0
0,0,0,0,0,0
0,0,0,0,0,0
0,0,0,0,0,0
0,0,0,0,0,0
0,0,0,0,0,0
0,0,0,0,0,0
0,0,0,0,0,0
0,0,0,0,0,0
0,0,0,0,0,0
0,0,0,0,0,0
0,0,0,0,0,0
0,0,0,0,0,0
0,0,0,0,0,0
0,0,0,0,0,0
0,0,0,0,0,0
0,0,0,0,0,0
0,0,0,0,0,0
0,0,0,0,0,0
0,0,0,0,0,0
0,0,0,0,0,0
0,0,0,0,0,0
0,0,0,0,0,0
0,0,0,0,0,0
0,0,0,0,0,0
0,0,0,0,0,0
0,0,0,0,0,0
0,0,0,0,0,0
0,0,0,0,0,0
0,0,0,0,0,0
0,0,0,0,0,0
0,0,0,0,0,0
0,0,0,0,0,0
0,0,0,0,0,0
0,0,0,0,0,0
0,0,0,0,0,0
0,0,0,0,0,0
0,0,0,0,0,0
0,0,0,0,0,0
0,0,0,0,0,0
0,0,0,0,0,0
0,0,0,0,0,0
0,0,0,0,0,0
0,0,0,0,0,0
0,0,0,0,0,0
0,0,0,0,0,0
0,0,0,0,0,0
0,0,0,0,0,0
0,0,0,0,0,0
0,0,0,0,0,0
0,0,0,0,0,0
0,0,0,0,0,0
0,0,0,0,0,0
0,0,0,0,0,0
0,0,0,0,0,0
0,0,0,0,0,0
0,0,0,0,0,0
0,0,0,0,0,0
0,0,0,0,0,0
0,0,0,0,0,0
0,0,0,0,0,0
0,0,0,0,0,0
0,0,0,0,0,0
0,0,0,0,0,0
0,0,0,0,0,0
0,0,0,0,0,0
0,0,0,0,0,0
0,0,0,0,0,0
0,0,0,0,0,0
0,0,0,0,0,0
0,0,0,0,0,0
0,0,0,0,0,0
0,0,0,0,0,0
0,0,0,0,0,0
0,0,0,0,0,0
0,0,0,0,0,0
0,0,0,0,0,0
0,0,0,0,0,0
0,0,0,0,0,0
0,0,0,0,0,0
0,0,0,0,0,0
0,0,0,0,0,0
0,0,0,0,0,0
0,0,0,0,0,0
0,0,0,0,0,0
0,0,0,0,0,0
0,0,0,0,0,0
0,0,0,0,0,0
0,0,0,0,0,0
0,0,0,0,0,0
0,0,0,0,0,0
0,0,0,0,0,0
0,0,0,0,0,0
0,0,0,0,0,0
0,0,0,0,0,0
0,0,0,0,0,0
0,0,0,0,0,0
0,0,0,0,0,0
0,0,0,0,0,0
0,0,0,0,0,0
0,0,0,0,0,0
0,0,0,0,0,0
0,0,0,0,0,0
0,0,0,0,0,0
0,0,0,0,0,0
0,0,0,0,0,0
0,0,0,0,0,0
0,0,0,0,0,0
0,0,0,0,0,0
0,0,0,0,0,0
0,0,0,0,0,0
0,0,0,0,0,0
0,0,0,0,0,0
0,0,0,0,0,0
0,0,0,0,0,0
0,0,0,0,0,0
0,0,0,0,0,0
0,0,0,0,0,0
0,0,0,0,0,0
0,0,0,0,0,0
0,0,0,0,0,0
0,0,0,0,0,0
0,0,0,0,0,0
0,0,0,0,0,0
0,0,0,0,0,0
0,0,0,0,0,0
0,0,0,0,0,0
0,0,0,0,0,0
0,0,0,0,0,0
0,0,0,0,0,0
0,0,0,0,0,0
0,0,0,0,0,0
0,0,0,0,0,0
0,0,0,0,0,0
0,0,0,0,0,0
0,0,0,0,0,0
0,0,0,0,0,0
0,0,0,0,0,0
0,0,0,0,0,0
0,0,0,0,0,0
0,0,0,0,0,0
0,0,0,0,0,0
0,0,0,0,0,0
0,0,0,0,0,0
0,0,0,0,0,0
0,0,0,0,0,0
0,0,0,0,0,0
0,0,0,0,0,0
0,0,0,0,0,0
0,0,0,0,0,0
0,0,0,0,0,0
0,0,0,0,0,0
0,0,0,0,0,0
0,0,0,0,0,0
0,0,0,0,0,0
0,0,0,0,0,0
0,0,0,0,0,0
0,0,0,0,0,0
0,0,0,0,0,0
0,0,0,0,0,0
0,0,0,0,0,0
0,0,0,0,0,0
0,0,0,0,0,0
0,0,0,0,0,0
0,0,0,0,0,0
0,0,0,0,0,0
0,0,0,0,0,0
0,0,0,0,0,0
0,0,0,0,0,0
0,0,0,0,0,0
0,0,0,0,0,0
0,0,0,0,0,0
0,0,0,0,0,0
0,0,0,0,0,0
0,0,0,0,0,0
0,0,0,0,0,0
0,0,0,0,0,0
0,0,0,0,0,0
0,0,0,0,0,0
0,0,0,0,0,0
0,0,0,0,0,0
0,0,0,0,0,0
0,0,0,0,0,0
0,0,0,0,0,0
0,0,0,0,0,0
0,0,0,0,0,0
0,0,0,0,0,0
0,0,0,0,0,0
0,0,0,0,0,0
0,0,0,0,0,0
0,0,0,0,0,0
0,0,0,0,0,0
0,0,0,0,0,0
0,0,0,0,0,0
0,0,0,0,0,0
0,0,0,0,0,0
0,0,0,0,0,0
0,0,0,0,0,0
0,0,0,0,0,0
0,0,0,0,0,0
0,0,0,0,0,0
0,0,0,0,0,0
0,0,0,0,0,0
0,0,0,0,0,0
0,0,0,0,0,0
0,0,0,0,0,0
0,0,0,0,0,0
0,0,0,0,0,0
0,0,0,0,0,0
0,0,0,0,0,0
0,0,0,0,0,0
0,0,0,0,0,0
0,0,0,0,0,0
0,0,0,0,0,0
0,0,0,0,0,0
0,0,0,0,0,0
0,0,0,0,0,0
0,0,0,0,0,0
0,0,0,0,0,0
0,0,0,0,0,0
0,0,0,0,0,0
0,0,0,0,0,0
0,0,0,0,0,0
0,0,0,0,0,0
0,0,0,0,0,0
0,0,0,0,0,0
0,0,0,0,0,0
0,0,0,0,0,0
0,0,0,0,0,0
0,0,0,0,0,0
0,0,0,0,0,0
0,0,0,0,0,0
0,0,0,0,0,0
0,0,0,0,0,0
0,0,0,0,0,0
0,0,0,0,0,0
0,0,0,0,0,0
0,0,0,0,0,0
0,0,0,0,0,0
0,0,0,0,0,0
0,0,0,0,0,0
0,0,0,0,0,0
0,0,0,0,0,0
0,0,0,0,0,0
0,0,0,0,0,0
0,0,0,0,0,0
0,0,0,0,0,0
0,0,0,0,0,0
0,0,0,0,0,0
0,0,0,0,0,0
0,0,0,0,0,0
0,0,0,0,0,0
0,0,0,0,0,0
0,0,0,0,0,0
0,0,0,0,0,0
0,0,0,0,0,0
0,0,0,0,0,0
0,0,0,0,0,0
0,0,0,0,0,0
0,0,0,0,0,0
0,0,0,0,0,0
0,0,0,0,0,0
0,0,0,0,0,0
0,0,0,0,0,0
0,0,0,0,0,0
0,0,0,0,0,0
0,0,0,0,0,0
0,0,0,0,0,0
0,0,0,0,0,0
0,0,0,0,0,0
0,0,0,0,0,0
0,0,0,0,0,0
0,0,0,0,0,0
0,0,0,0,0,0
0,0,0,0,0,0
0,0,0,0,0,0
0,0,0,0,0,0
0,0,0,0,0,0
0,0,0,0,0,0
0,0,0,0,0,0
0,0,0,0,0,0
0,0,0,0,0,0
0,0,0,0,0,0
0,0,0,0,0,0
0,0,0,0,0,0
0,0,0,0,0,0
0,0,0,0,0,0
0,0,0,0,0,0
0,0,0,0,0,0
0,0,0,0,0,0
0,0,0,0,0,0
0,0,0,0,0,0
0,0,0,0,0,0
0,0,0,0,0,0
0,0,0,0,0,0
0,0,0,0,0,0
0,0,0,0,0,0
0,0,0,0,0,0
0,0,0,0,0,0
0,0,0,0,0,0
0,0,0,0,0,0
0,0,0,0,0,0
0,0,0,0,0,0
0,0,0,0,0,0
0,0,0,0,0,0
0,0,0,0,0,0
0,0,0,0,0,0
0,0,0,0,0,0
0,0,0,0,0,0
0,0,0,0,0,0
0,0,0,0,0,0
0,0,0,0,0,0
0,0,0,0,0,0
0,0,0,0,0,0
0,0,0,0,0,0
0,0,0,0,0,0
0,0,0,0,0,0
0,0,0,0,0,0
0,0,0,0,0,0
0,0,0,0,0,0
0,0,0,0,0,0
0,0,0,0,0,0
0,0,0,0,0,0
0,0,0,0,0,0
0,0,0,0,0,0
0,0,0,0,0,0
0,0,0,0,0,0
0,0,0,0,0,0
0,0,0,0,0,0
0,0,0,0,0,0
0,0,0,0,0,0
0,0,0,0,0,0
0,0,0,0,0,0
0,0,0,0,0,0
0,0,0,0,0,0
0,0,0,0,0,0
0,0,0,0,0,0
0,0,0,0,0,0
0,0,0,0,0,0
0,0,0,0,0,0
0,0,0,0,0,0
0,0,0,0,0,0
0,0,0,0,0,0
0,0,0,0,0,0
0,0,0,0,0,0
0,0,0,0,0,0
0,0,0,0,0,0
0,0,0,0,0,0
0,0,0,0,0,0
0,0,0,0,0,0
0,0,0,0,0,0
0,0,0,0,0,0
0,0,0,0,0,0
0,0,0,0,0,0
0,0,0,0,0,0
0,0,0,0,0,0
0,0,0,0,0,0
0,0,0,0,0,0
0,0,0,0,0,0
0,0,0,0,0,0
0,0,0,0,0,0
0,0,0,0,0,0
0,0,0,0,0,0
0,0,0,0,0,0
0,0,0,0,0,0
0,0,0,0,0,0
0,0,0,0,0,0
0,0,0,0,0,0
0,0,0,0,0,0
0,0,0,0,0,0
0,0,0,0,0,0
0,0,0,0,0,0
0,0,0,0,0,0
0,0,0,0,0,0
0,0,0,0,0,0
0,0,0,0,0,0
0,0,0,0,0,0
0,0,0,0,0,0
0,0,0,0,0,0
0,0,0,0,0,0
0,0,0,0,0,0
0,0,0,0,0,0
0,0,0,0,0,0
0,0,0,0,0,0
0,0,0,0,0,0
0,0,0,0,0,0
0,0,0,0,0,0
0,0,0,0,0,0
0,0,0,0,0,0
0,0,0,0,0,0
0,0,0,0,0,0
0,0,0,0,0,0
0,0,0,0,0,0
0,0,0,0,0,0
0,0,0,0,0,0
0,0,0,0,0,0
0,0,0,0,0,0
0,0,0,0,0,0
0,0,0,0,0,0
0,0,0,0,0,0
0,0,0,0,0,0
0,0,0,0,0,0
0,0,0,0,0,0
0,0,0,0,0,0
0,0,0,0,0,0
0,0,0,0,0,0
0,0,0,0,0,0
0,0,0,0,0,0
0,0,0,0,0,0
0,0,0,0,0,0
0,0,0,0,0,0
0,0,0,0,0,0
0,0,0,0,0,0
0,0,0,0,0,0
0,0,0,0,0,0
0,0,0,0,0,0
0,0,0,0,0,0
0,0,0,0,0,0
0,0,0,0,0,0
0,0,0,0,0,0
0,0,0,0,0,0
0,0,0,0,0,0
0,0,0,0,0,0
0,0,0,0,0,0
0,0,0,0,0,0
0,0,0,0,0,0
0,0,0,0,0,0
0,0,0,0,0,0
0,0,0,0,0,0
0,0,0,0,0,0
0,0,0,0,0,0
0,0,0,0,0,0
0,0,0,0,0,0
0,0,0,0,0,0
0,0,0,0,0,0
0,0,0,0,0,0
0,0,0,0,0,0
0,0,0,0,0,0
0,0,0,0,0,0
0,0,0,0,0,0
0,0,0,0,0,0
0,0,0,0,0,0
0,0,0,0,0,0
0,0,0,0,0,0
0,0,0,0,0,0
0,0,0,0,0,0
0,0,0,0,0,0
0,0,0,0,0,0
0,0,0,0,0,0
0,0,0,0,0,0
0,0,0,0,0,0
0,0,0,0,0,0
0,0,0,0,0,0
0,0,0,0,0,0
0,0,0,0,0,0
0,0,0,0,0,0
0,0,0,0,0,0
0,0,0,0,0,0
0,0,0,0,0,0
0,0,0,0,0,0
0,0,0,0,0,0
0,0,0,0,0,0
0,0,0,0,0,0
0,0,0,0,0,0
0,0,0,0,0,0
0,0,0,0,0,0
0,0,0,0,0,0
0,0,0,0,0,0
0,0,0,0,0,0
0,0,0,0,0,0
0,0,0,0,0,0
0,0,0,0,0,0
0,0,0,0,0,0
0,0,0,0,0,0
0,0,0,0,0,0
0,0,0,0,0,0
0,0,0,0,0,0
0,0,0,0,0,0
0,0,0,0,0,0
0,0,0,0,0,0
0,0,0,0,0,0
0,0,0,0,0,0
0,0,0,0,0,0
0,0,0,0,0,0
0,0,0,0,0,0
0,0,0,0,0,0
0,0,0,0,0,0
0,0,0,0,0,0
0,0,0,0,0,0
0,0,0,0,0,0
0,0,0,0,0,0
0,0,0,0,0,0
0,0,0,0,0,0
0,0,0,0,0,0
0,0,0,0,0,0
0,0,0,0,0,0
0,0,0,0,0,0
0,0,0,0,0,0
0,0,0,0,0,0
0,0,0,0,0,0
0,0,0,0,0,0
0,0,0,0,0,0
0,0,0,0,0,0
0,0,0,0,0,0
0,0,0,0,0,0
0,0,0,0,0,0
0,0,0,0,0,0
0,0,0,0,0,0
0,0,0,0,0,0
0,0,0,0,0,0
0,0,0,0,0,0
0,0,0,0,0,0
0,0,0,0,0,0
0,0,0,0,0,0
0,0,0,0,0,0
0,0,0,0,0,0
0,0,0,0,0,0
0,0,0,0,0,0
0,0,0,0,0,0
0,0,0,0,0,0
0,0,0,0,0,0
0,0,0,0,0,0
0,0,0,0,0,0
0,0,0,0,0,0
0,0,0,0,0,0
0,0,0,0,0,0
0,0,0,0,0,0
0,0,0,0,0,0
0,0,0,0,0,0
0,0,0,0,0,0
0,0,0,0,0,0
0,0,0,0,0,0
0,0,0,0,0,0
0,0,0,0,0,0
0,0,0,0,0,0
0,0,0,0,0,0
0,0,0,0,0,0
0,0,0,0,0,0
0,0,0,0,0,0
0,0,0,0,0,0
0,0,0,0,0,0
0,0,0,0,0,0
0,0,0,0,0,0
0,0,0,0,0,0
0,0,0,0,0,0
0,0,0,0,0,0
0,0,0,0,0,0
0,0,0,0,0,0
0,0,0,0,0,0
0,0,0,0,0,0
0,0,0,0,0,0
0,0,0,0,0,0
0,0,0,0,0,0
0,0,0,0,0,0
0,0,0,0,0,0
0,0,0,0,0,0
0,0,0,0,0,0
0,0,0,0,0,0
0,0,0,0,0,0
0,0,0,0,0,0
0,0,0,0,0,0
0,0,0,0,0,0
0,0,0,0,0,0
0,0,0,0,0,0
0,0,0,0,0,0
0,0,0,0,0,0
0,0,0,0,0,0
0,0,0,0,0,0
0,0,0,0,0,0
0,0,0,0,0,0
0,0,0,0,0,0
0,0,0,0,0,0
0,0,0,0,0,0
0,0,0,0,0,0
0,0,0,0,0,0
0,0,0,0,0,0
0,0,0,0,0,0
0,0,0,0,0,0
0,0,0,0,0,0
0,0,0,0,0,0
0,0,0,0,0,0
0,0,0,0,0,0
0,0,0,0,0,0
0,0,0,0,0,0
0,0,0,0,0,0
0,0,0,0,0,0
0,0,0,0,0,0
0,0,0,0,0,0
0,0,0,0,0,0
