[-0.11863655  0.41098604 -0.08472857  1.5444804  -0.32748842 -0.32838695]
[-0.11823197  0.41218654 -0.08450099  1.5453763  -0.32742939 -0.3284361 ]
[-0.11782715  0.41338742 -0.08427364  1.54627107 -0.32737004 -0.328486  ]
[-0.11742207  0.41458872 -0.08404655  1.54716463 -0.32731035 -0.32853673]
[-0.11701671  0.41579049 -0.08381973  1.54805692 -0.32725029 -0.32858836]
[-0.11661103  0.41699275 -0.0835932   1.54894787 -0.32718984 -0.32864097]
[-0.11620502  0.41819557 -0.08336696  1.54983739 -0.32712897 -0.32869463]
[-0.11579863  0.41939898 -0.08314105  1.55072542 -0.32706764 -0.32874946]
[-0.11539185  0.42060304 -0.08291548  1.55161188 -0.32700583 -0.32880553]
[-0.11498462  0.42180781 -0.08269026  1.55249669 -0.3269435  -0.32886297]
[-0.11457692  0.42301335 -0.08246543  1.55337979 -0.32688062 -0.32892189]
[-0.1141687   0.42421973 -0.08224099  1.5542611  -0.32681715 -0.32898241]
[-0.11375992  0.42542703 -0.08201696  1.55514057 -0.32675305 -0.32904468]
[-0.11335052  0.42663532 -0.08179336  1.55601813 -0.32668828 -0.32910883]
[-0.11294045  0.4278447  -0.08157021  1.55689374 -0.3266228  -0.32917503]
[-0.11252966  0.42905525 -0.08134753  1.55776737 -0.32655657 -0.32924346]
[-0.11211807  0.43026709 -0.08112532  1.55863899 -0.32648954 -0.32931428]
[-0.11170563  0.43148032 -0.0809036   1.5595086  -0.32642168 -0.32938771]
[-0.11129226  0.43269507 -0.08068238  1.56037623 -0.32635293 -0.32946396]
[-0.11087788  0.43391146 -0.08046166  1.56124193 -0.32628326 -0.32954325]
[-0.1104624   0.43512964 -0.08024144  1.56210576 -0.32621262 -0.32962583]
[-0.11004573  0.43634976 -0.08002171  1.56296787 -0.32614097 -0.32971196]
[-0.10962778  0.43757198 -0.07980245  1.56382842 -0.32606827 -0.32980193]
[-0.10920843  0.43879649 -0.07958366  1.56468763 -0.32599449 -0.32989603]
[-0.10878757  0.44002346 -0.07936528  1.5655458  -0.32591959 -0.32999458]
[-0.10836507  0.44125311 -0.07914729  1.5664033  -0.32584356 -0.33009793]
[-0.1079408   0.44248566 -0.07892961  1.5672606  -0.32576637 -0.33020643]
[-0.10751463  0.44372134 -0.07871217  1.56811827 -0.32568801 -0.33032047]
[-0.10708639  0.44496041 -0.07849487  1.568977   -0.32560849 -0.33044045]
[-0.10665593  0.44620313 -0.07827759  1.56983764 -0.32552784 -0.3305668 ]
[-0.10622308  0.4474498  -0.07806017  1.5707012  -0.32544608 -0.33069996]
[-0.10578764  0.44870072 -0.07784245  1.57156888 -0.32536328 -0.33084041]
[-0.10534944  0.44995622 -0.0776242   1.57244209 -0.32527951 -0.33098862]
[-0.10490825  0.45121664 -0.07740515  1.57332253 -0.32519489 -0.33114511]
[-0.10446387  0.45248236 -0.07718501  1.57421216 -0.32510958 -0.3313104 ]
[-0.10401607  0.45375376 -0.07696339  1.57511329 -0.32502375 -0.33148502]
[-0.10356462  0.45503124 -0.07673988  1.57602859 -0.32493765 -0.33166952]
[-0.10310925  0.45631522 -0.07651395  1.57696117 -0.32485157 -0.33186445]
[-0.10264973  0.45760615 -0.07628504  1.57791465 -0.32476587 -0.33207034]
[-0.10218578  0.45890449 -0.07605244  1.57889316 -0.32468098 -0.33228775]
[-0.10171714  0.46021069 -0.07581538  1.57990147 -0.32459744 -0.33251718]
[-0.10124354  0.46152525 -0.07557293  1.58094505 -0.32451584 -0.33275914]
[-0.1007647   0.46284865 -0.07532406  1.58203013 -0.32443694 -0.33301407]
[-0.10028036  0.46418137 -0.07506756  1.58316382 -0.32436158 -0.33328237]
[-0.09979025  0.4655239  -0.07480207  1.58435417 -0.32429076 -0.33356437]
[-0.09929411  0.46687671 -0.07452603  1.58561031 -0.32422566 -0.33386028]
[-0.09879172  0.46824023 -0.07423769  1.58694252 -0.3241676  -0.33417021]
[-0.09828287  0.46961489 -0.07393506  1.58836235 -0.32411814 -0.33449414]
[-0.09776738  0.47100106 -0.07361592  1.58988273 -0.32407903 -0.33483186]
[-0.09724512  0.47239903 -0.07327777  1.59151807 -0.32405229 -0.33518295]
[-0.09671602  0.47380906 -0.07291783  1.59328437 -0.32404017 -0.33554674]
[-0.09618004  0.47523127 -0.07253302  1.59519932 -0.32404522 -0.3359223 ]
[-0.09563727  0.47666568 -0.07211996  1.59728235 -0.32407032 -0.33630834]
[-0.09508786  0.47811218 -0.0716749   1.59955471 -0.32411863 -0.33670322]
[-0.09453207  0.47957048 -0.07119378  1.60203951 -0.32419366 -0.33710485]
[-0.09397029  0.48104011 -0.07067221  1.60476169 -0.32429928 -0.3375107 ]
[-0.09340305  0.48252036 -0.07010545  1.60774799 -0.32443969 -0.33791768]
[-0.09283106  0.48401029 -0.06948843  1.61102684 -0.32461945 -0.33832215]
[-0.09225519  0.48550868 -0.06881583  1.61462822 -0.32484345 -0.33871986]
[-0.09167648  0.487014   -0.06808205  1.61858337 -0.32511687 -0.33910591]
[-0.09109623  0.48852439 -0.06728129  1.62292453 -0.32544519 -0.33947473]
[-0.09051591  0.49003763 -0.06640765  1.62768448 -0.32583409 -0.33982006]
[-0.08993724  0.49155116 -0.06545515  1.63289609 -0.3262894  -0.34013499]
[-0.08936217  0.49306203 -0.06441792  1.63859171 -0.32681701 -0.34041193]
[-0.08879285  0.49456694 -0.06329023  1.6448025  -0.32742279 -0.34064271]
[-0.08823166  0.49606221 -0.06206668  1.65155766 -0.32811245 -0.3408186 ]
[-0.08768117  0.49754386 -0.06074235  1.65888368 -0.32889143 -0.3409305 ]
[-0.0871441   0.49900762 -0.05931289  1.66680343 -0.32976472 -0.34096897]
[-0.0866233   0.50044902 -0.05777473  1.67533539 -0.33073678 -0.34092445]
[-0.08612169  0.50186339 -0.05612522  1.68449282 -0.33181134 -0.34078742]
[-0.08564223  0.50324603 -0.05436273  1.69428303 -0.33299127 -0.34054862]
[-0.08518782  0.50459226 -0.0524868   1.70470681 -0.33427848 -0.34019921]
[-0.08476127  0.50589752 -0.0504982   1.71575797 -0.3356738  -0.33973107]
[-0.08436522  0.50715749 -0.04839899  1.72742309 -0.3371769  -0.33913691]
[-0.08400208  0.5083682  -0.04619256  1.73968156 -0.33878624 -0.33841053]
[-0.08367394  0.50952611 -0.04388352  1.75250575 -0.34049911 -0.33754698]
[-0.08338258  0.51062822 -0.04147773  1.7658615  -0.34231158 -0.33654264]
[-0.08312936  0.51167213 -0.0389821   1.77970883 -0.34421869 -0.33539539]
[-0.08291524  0.51265608 -0.03640447  1.79400281 -0.34621444 -0.33410457]
[-0.08274074  0.51357903 -0.03375343  1.80869463 -0.34829203 -0.332671  ]
[-0.08260595  0.5144406  -0.03103809  1.82373276 -0.35044398 -0.33109694]
[-0.08251053  0.51524112 -0.02826793  1.83906417 -0.35266233 -0.32938597]
[-0.08245375  0.51598156 -0.02545249  1.85463555 -0.3549388  -0.32754282]
[-0.08243451  0.51666347 -0.02260125  1.87039442 -0.35726506 -0.32557324]
[-0.08245141  0.51728894 -0.01972338  1.88629024 -0.35963281 -0.32348381]
[-0.08250278  0.51786051 -0.01682759  1.90227529 -0.36203402 -0.32128168]
[-0.08258675  0.51838107 -0.01392202  1.91830545 -0.36446106 -0.31897443]
[-0.0827013   0.5188538  -0.01101408  1.93434073 -0.36690679 -0.31656985]
[-0.0828443   0.51928205 -0.00811042  1.95034571 -0.36936468 -0.31407573]
[-0.08301359  0.51966929 -0.00521685  1.96628972 -0.37182886 -0.31149974]
[-0.08320701  0.52001901 -0.00233833  1.98214699 -0.37429417 -0.30884926]
[-8.34224485e-02  5.20334689e-01  5.21012418e-04  1.99789650e+00 -3.76756171e-01 -3.06131265e-01]
[-0.08365785  0.52061969  0.00335786  2.01352185 -0.37921114 -0.30335226]
[-0.08391129  0.52087724  0.00616969  2.02901101 -0.38165607 -0.30051816]
[-0.08418095  0.52111041  0.00895468  2.04435596 -0.38408859 -0.29763431]
[-0.08446517  0.52132206  0.01171168  2.05955236 -0.38650698 -0.29470539]
[-0.08476242  0.52151482  0.01444013  2.07459915 -0.38891007 -0.29173546]
[-0.08507135  0.52169109  0.01714001  2.08949814 -0.39129724 -0.28872792]
[-0.08539078  0.52185304  0.01981174  2.10425365 -0.39366831 -0.28568556]
[-0.08571967  0.52200258  0.02245616  2.11887211 -0.39602354 -0.28261057]
[-0.08605714  0.52214137  0.02507443  2.13336176 -0.39836354 -0.27950456]
[-0.0864025   0.52227087  0.02766802  2.14773227 -0.40068925 -0.27636861]
[-0.08675516  0.52239228  0.0302386   2.1619945  -0.40300187 -0.27320328]
[-0.08711471  0.52250658  0.03278808  2.17616021 -0.40530285 -0.27000868]
[-0.08748087  0.52261455  0.03531849  2.19024185 -0.40759381 -0.26678449]
[-0.08785349  0.52271674  0.03783199  2.20425235 -0.40987658 -0.26353   ]
[-0.08823253  0.52281353  0.04033085  2.21820493 -0.41215309 -0.26024413]
[-0.0886181   0.52290508  0.0428174   2.23211296 -0.41442541 -0.2569255 ]
[-0.0890104   0.52299138  0.04529402  2.24598983 -0.41669571 -0.25357242]
[-0.08940974  0.52307223  0.04776314  2.25984877 -0.41896622 -0.25018296]
[-0.08981657  0.52314726  0.05022722  2.27370284 -0.42123927 -0.24675499]
[-0.09023139  0.52321591  0.05268872  2.28756472 -0.42351721 -0.24328614]
[-0.09065484  0.52327746  0.05515011  2.30144668 -0.42580244 -0.23977394]
[-0.09108764  0.52333099  0.05761386  2.31536046 -0.4280974  -0.23621575]
[-0.09153061  0.52337541  0.06008246  2.32931719 -0.43040455 -0.23260889]
[-0.09198465  0.52340947  0.06255834  2.34332724 -0.43272635 -0.2289506 ]
[-0.09245076  0.5234317   0.06504393  2.35740019 -0.43506527 -0.22523812]
[-0.09293002  0.52344047  0.06754165  2.37154463 -0.43742375 -0.22146873]
[-0.0934236   0.52343395  0.07005385  2.38576812 -0.43980423 -0.2176398 ]
[-0.09393274  0.52341012  0.07258285  2.40007698 -0.44220908 -0.21374881]
[-0.09445874  0.52336677  0.07513091  2.4144762  -0.44464062 -0.20979347]
[-0.09500299  0.5233015   0.07770021  2.42896927 -0.44710108 -0.20577172]
[-0.09556691  0.52321172  0.08029284  2.443558   -0.4495926  -0.20168184]
[-0.09615199  0.52309467  0.08291077  2.45824238 -0.45211717 -0.1975225 ]
[-0.09675972  0.52294739  0.08555585  2.47302038 -0.45467662 -0.19329284]
[-0.09739163  0.52276679  0.08822974  2.4878878  -0.45727257 -0.18899256]
[-0.09804925  0.52254962  0.09093394  2.50283808 -0.45990641 -0.18462199]
[-0.09873406  0.52229254  0.09366971  2.51786214 -0.46257927 -0.1801822 ]
[-0.09944752  0.52199209  0.09643808  2.53294827 -0.46529195 -0.17567503]
[-0.10019101  0.5216448   0.09923975  2.54808199 -0.46804489 -0.17110324]
[-0.10096579  0.52124717  0.10207515  2.56324598 -0.47083814 -0.16647048]
[-0.101773    0.52079575  0.10494432  2.57842008 -0.4736713  -0.16178147]
[-0.10261364  0.5202872   0.10784693  2.59358125 -0.47654351 -0.15704194]
[-0.10348847  0.51971833  0.11078223  2.60870371 -0.4794534  -0.15225871]
[-0.10439804  0.51908617  0.11374904  2.62375911 -0.48239907 -0.14743969]
[-0.10534265  0.51838806  0.11674573  2.63871669 -0.48537808 -0.14259383]
[-0.1063223   0.51762169  0.11977021  2.6535437  -0.48838745 -0.13773111]
[-0.1073367   0.51678517  0.12281994  2.6682057  -0.49142364 -0.13286242]
[-0.1083852   0.51587712  0.12589195  2.68266712 -0.49448262 -0.1279995 ]
[-0.10946686  0.51489667  0.12898284  2.69689171 -0.49755989 -0.12315472]
[-0.11058035  0.51384357  0.13208883  2.71084322 -0.50065049 -0.11834098]
[-0.11172404  0.51271816  0.13520584  2.72448598 -0.50374915 -0.11357151]
[-0.11289596  0.51152145  0.1383295   2.73778558 -0.50685027 -0.10885961]
[-0.11409386  0.51025507  0.14145525  2.75070952 -0.50994809 -0.10421845]
[-0.11531521  0.50892129  0.14457841  2.76322782 -0.51303677 -0.09966085]
[-0.11655726  0.50752298  0.14769426  2.77531359 -0.51611043 -0.09519904]
[-0.11781708  0.50606357  0.15079813  2.78694358 -0.51916335 -0.09084444]
[-0.11909161  0.50454697  0.15388548  2.79809852 -0.52219    -0.08660746]
[-0.12037772  0.50297753  0.15695196  2.80876345 -0.52518516 -0.08249735]
[-0.12167226  0.50135994  0.15999352  2.81892795 -0.52814399 -0.07852203]
[-0.12297212  0.49969912  0.16300645  2.82858613 -0.53106212 -0.07468801]
[-0.12427426  0.49800016  0.16598742  2.83773662 -0.53393571 -0.07100035]
[-0.12557579  0.49626824  0.16893355  2.84638243 -0.53676147 -0.06746259]
[-0.12687397  0.4945085   0.1718424   2.85453063 -0.53953666 -0.06407679]
[-0.12816631  0.49272597  0.17471203  2.86219206 -0.54225919 -0.0608436 ]
[-0.12945051  0.49092552  0.17754095  2.86938089 -0.54492749 -0.0577623 ]
[-0.13072455  0.48911178  0.18032816  2.87611419 -0.54754058 -0.05483096]
[-0.13198666  0.48728909  0.18307308  2.88241143 -0.55009798 -0.05204652]
[-0.13323535  0.48546145  0.18577557  2.88829399 -0.5525997  -0.04940494]
[-0.13446939  0.48363251  0.18843585  2.89378469 -0.55504612 -0.04690137]
[-0.13568782  0.48180554  0.1910545   2.89890736 -0.557438   -0.04453026]
[-0.1368899   0.47998343  0.1936324   2.90368634 -0.55977636 -0.04228555]
[-0.13807515  0.47816868  0.19617069  2.90814618 -0.5620624  -0.04016078]
[-0.13924329  0.4763634   0.19867072  2.91231124 -0.56429748 -0.03814922]
[-0.14039423  0.47456937  0.20113404  2.91620546 -0.56648295 -0.036244  ]
[-0.14152805  0.472788    0.2035623   2.91985206 -0.56862013 -0.03443822]
[-0.142645    0.4710204   0.20595729  2.92327341 -0.57071018 -0.03272502]
[-0.14374544  0.46926739  0.20832086  2.92649086 -0.57275406 -0.03109766]
[-0.14482984  0.46752951  0.21065492  2.92952463 -0.57475236 -0.02954964]
[-0.14589878  0.46580705  0.21296137  2.93239378 -0.57670524 -0.02807465]
[-0.14695291  0.46410012  0.21524215  2.93511616 -0.5786123  -0.0266667 ]
[-0.14799293  0.46240862  0.21749917  2.93770845 -0.58047246 -0.02532011]
[-0.14901961  0.46073228  0.21973434  2.94018614 -0.5822838  -0.02402955]
[-0.15003376  0.4590707   0.22194952  2.94256362 -0.58404343 -0.02279003]
[-0.15103619  0.45742335  0.22414653  2.94485423 -0.58574728 -0.02159694]
[-0.15202778  0.4557896   0.22632719  2.94707036 -0.58738996 -0.02044601]
[-0.15300938  0.45416872  0.22849323  2.94922354 -0.58896446 -0.01933338]
[-0.1539819   0.45255991  0.2306464   2.95132453 -0.590462   -0.0182555 ]
[-0.15494622  0.45096232  0.23278838  2.95338344 -0.59187171 -0.01720925]
[-0.15590326  0.44937502  0.23492082  2.95540985 -0.59318034 -0.01619181]
[-0.15685394  0.44779705  0.23704538  2.95741292 -0.59437198 -0.01520076]
[-0.15779918  0.44622744  0.23916366  2.9594015  -0.59542771 -0.014234  ]
[-0.15873991  0.44466516  0.24127727  2.96138427 -0.59632527 -0.01328982]
[-0.15967706  0.44310918  0.24338778  2.96336983 -0.59703868 -0.01236684]
[-0.1606116   0.44155848  0.24549675  2.96536682 -0.59753796 -0.01146405]
[-0.16154445  0.44001202  0.24760574  2.967384   -0.59778872 -0.01058081]
[-0.16247658  0.4384688   0.24971625  2.96943037 -0.59775194 -0.00971682]
[-0.16340891  0.43692783  0.25182977  2.97151523 -0.5973837  -0.00887219]
[-0.1643424   0.43538818  0.25394772  2.97364822 -0.59663505 -0.00804741]
[-0.16527794  0.43384898  0.25607148  2.9758394  -0.59545193 -0.00724335]
[-0.16621642  0.43230945  0.25820231  2.97809921 -0.59377531 -0.00646129]
[-0.16715867  0.43076892  0.26034134  2.98043848 -0.59154148 -0.0057029 ]
[-0.16810548  0.42922686  0.26248958  2.98286835 -0.58868249 -0.00497025]
[-0.16905752  0.42768289  0.2646478   2.98540018 -0.58512697 -0.0042658 ]
[-0.17001537  0.42613684  0.26681656  2.98804541 -0.5808011  -0.00359236]
[-1.70979504e-01  4.24588755e-01  2.68996099e-01  2.99081535e+00 -5.75629966e-01 -2.95306794e-03]
[-1.71950202e-01  4.23038943e-01  2.71186350e-01  2.99372097e+00 -5.69539177e-01 -2.35136498e-03]
[-1.72927583e-01  4.21487981e-01  2.73386849e-01  2.99677259e+00 -5.62456819e-01 -1.79089677e-03]
[-1.73911550e-01  4.19936750e-01  2.75596709e-01  2.99997958e+00 -5.54315661e-01 -1.27545624e-03]
[-1.74901778e-01  4.18386444e-01  2.77814583e-01  3.00335000e+00 -5.45055578e-01 -8.08885052e-04]
[-1.75897693e-01  4.16838580e-01  2.80038643e-01  3.00689022e+00 -5.34626124e-01 -3.94964493e-04]
[-1.76898456e-01  4.15294987e-01  2.82266567e-01  3.01060461e+00 -5.22989121e-01 -3.72938241e-05]
[-1.77902967e-01  4.13757793e-01  2.84495551e-01  3.01449514e+00 -5.10121155e-01  2.60839846e-04]
[-1.78909862e-01  4.12229390e-01  2.86722331e-01  3.01856110e+00 -4.96015815e-01  4.96594983e-04]
[-1.79917533e-01  4.10712390e-01  2.88943235e-01  3.02279890e+00 -4.80685539e-01  6.67705948e-04]
[-1.80924155e-01  4.09209568e-01  2.91154251e-01  3.02720188e+00 -4.64162902e-01  7.72603129e-04]
[-1.81927721e-01  4.07723789e-01  2.93351116e-01  3.03176030e+00 -4.46501244e-01  8.10515601e-04]
[-1.82926089e-01  4.06257933e-01  2.95529420e-01  3.03646142e+00 -4.27774520e-01  7.81549519e-04]
[-1.83917041e-01  4.04814813e-01  2.97684720e-01  3.04128969e+00 -4.08076367e-01  6.86736633e-04]
[-1.84898334e-01  4.03397087e-01  2.99812667e-01  3.04622704e+00 -3.87518366e-01  5.28049051e-04]
[-1.85867770e-01  4.02007184e-01  3.01909123e-01  3.05125332e+00 -3.66227602e-01  3.08378687e-04]
[-1.86823252e-01  4.00647230e-01  3.03970278e-01  3.05634677e+00 -3.44343624e-01  3.14822323e-05]
[-1.87762842e-01  3.99318988e-01  3.05992752e-01  3.06148458e+00 -3.22014982e-01 -2.98105020e-04]
[-1.88684808e-01  3.98023812e-01  3.07973676e-01  3.06664345e+00 -2.99395534e-01 -6.75181096e-04]
[-1.89587664e-01  3.96762622e-01  3.09910760e-01  3.07180013e+00 -2.76640718e-01 -1.09400803e-03]
[-1.90470202e-01  3.95535888e-01  3.11802325e-01  3.07693199e+00 -2.53903992e-01 -1.54845347e-03]
[-1.91331506e-01  3.94343637e-01  3.13647325e-01  3.08201745e+00 -2.31333599e-01 -2.03213514e-03]
[-1.92170956e-01  3.93185467e-01  3.15445336e-01  3.08703637e+00 -2.09069793e-01 -2.53856080e-03]
[-1.92988231e-01  3.92060584e-01  3.17196533e-01  3.09197038e+00 -1.87242616e-01 -3.06125721e-03]
[-0.19378329  0.39096784  0.31890165  3.09680307 -0.16597027 -0.00359388]
[-0.19455634  0.38990576  0.3205619   3.10152011 -0.14535805 -0.00413032]
[-0.19530786  0.38887263  0.32217898  3.10610928 -0.12549789 -0.00466476]
[-0.19603849  0.3878665   0.32375492  3.11056046 -0.10646838 -0.00519173]
[-0.19674907  0.38688529  0.32529207  3.11486552 -0.08833517 -0.00570616]
[-0.19744058  0.38592675  0.32679302  3.11901816 -0.07115177 -0.00620334]
[-0.19811412  0.38498858  0.32826057  3.12301378 -0.05496054 -0.006679  ]
[-0.19877089  0.38406843  0.32969761  3.12684924 -0.03979393 -0.00712921]
[-0.19941212  0.38316391  0.33110716  3.13052266 -0.02567571 -0.00755041]
[-0.20003912  0.38227265  0.33249225  3.13403327 -0.01262232 -0.00793937]
[-2.00653211e-01  3.81392282e-01  3.33855950e-01  3.13738112e+00 -6.44157039e-04 -8.29309985e-03]
[-0.20125573  0.38052048  0.33520133  3.14056696  0.01025318 -0.00860889]
[-0.20184801  0.37965495  0.33653142  3.14359205  0.02006771 -0.00888419]
[-0.20243138  0.37879342  0.33784923  3.146458    0.02880001 -0.00911664]
[-0.20300716  0.37793368  0.33915773  3.1491666   0.03645228 -0.00930394]
[-0.20357667  0.37707352  0.34045985  3.15171977  0.04302744 -0.00944388]
[-0.20414118  0.3762108   0.34175848  3.15411938  0.04852847 -0.0095343 ]
[-0.20470197  0.37534336  0.3430565   3.15636724  0.05295772 -0.00957301]
[-0.20526029  0.37446908  0.34435675  3.15846496  0.05631645 -0.00955777]
[-0.20581741  0.37358583  0.34566205  3.16041394  0.05860438 -0.00948632]
[-0.20637455  0.37269147  0.34697524  3.16221532  0.0598194  -0.00935627]
[-0.20693296  0.37178384  0.34829915  3.16386997  0.05995734 -0.00916515]
[-0.20749388  0.37086079  0.34963664  3.16537843  0.05901182 -0.00891035]
[-0.20805855  0.36992009  0.35099059  3.16674097  0.05697426 -0.00858913]
[-0.20862823  0.3689595   0.35236392  3.16795755  0.05383388 -0.00819864]
[-0.20920418  0.36797673  0.35375961  3.16902788  0.04957789 -0.00773585]
[-0.2097877   0.36696944  0.35518066  3.16995143  0.04419169 -0.00719765]
[-0.21038007  0.36593526  0.35663016  3.17072751  0.03765928 -0.00658078]
[-0.21098262  0.36487176  0.3581112   3.17135531  0.02996367 -0.00588192]
[-0.21159669  0.36377649  0.35962694  3.17183399  0.02108748 -0.00509769]
[-0.21222363  0.36264698  0.36118057  3.17216277  0.0110137  -0.00422471]
