[-1.68287592e+00 -5.61762313e-01  1.79544204e+00 -1.23950735e+00 -1.25711521e+00 -9.79346529e-04]
[-1.68329529e+00 -5.61060146e-01  1.79203906e+00 -1.23727089e+00 -1.25762304e+00 -9.93181838e-04]
[-1.68371548e+00 -5.60356067e-01  1.78863305e+00 -1.23503184e+00 -1.25813103e+00 -1.00751613e-03]
[-1.68413657e+00 -5.59649941e-01  1.78522376e+00 -1.23279001e+00 -1.25863920e+00 -1.02239047e-03]
[-1.68455866e+00 -5.58941629e-01  1.78181090e+00 -1.23054521e+00 -1.25914754e+00 -1.03784848e-03]
[-1.68498184e+00 -5.58230987e-01  1.77839418e+00 -1.22829726e+00 -1.25965609e+00 -1.05393641e-03]
[-1.68540620e+00 -5.57517869e-01  1.77497329e+00 -1.22604597e+00 -1.26016486e+00 -1.07070318e-03]
[-1.68583187e+00 -5.56802124e-01  1.77154789e+00 -1.22379114e+00 -1.26067387e+00 -1.08820031e-03]
[-1.68625897e+00 -5.56083605e-01  1.76811763e+00 -1.22153257e+00 -1.26118314e+00 -1.10648188e-03]
[-1.68668763e+00 -5.55362162e-01  1.76468214e+00 -1.21927009e+00 -1.26169270e+00 -1.12560449e-03]
[-1.68711800e+00 -5.54637652e-01  1.76124103e+00 -1.21700351e+00 -1.26220256e+00 -1.14562701e-03]
[-1.68755024e+00 -5.53909935e-01  1.75779389e+00 -1.21473265e+00 -1.26271277e+00 -1.16661048e-03]
[-1.68798451e+00 -5.53178883e-01  1.75434028e+00 -1.21245736e+00 -1.26322334e+00 -1.18861772e-03]
[-1.68842099e+00 -5.52444379e-01  1.75087976e+00 -1.21017752e+00 -1.26373431e+00 -1.21171302e-03]
[-1.68885990e+00 -5.51706324e-01  1.74741187e+00 -1.20789301e+00 -1.26424571e+00 -1.23596164e-03]
[-1.68930143e+00 -5.50964642e-01  1.74393614e+00 -1.20560376e+00 -1.26475757e+00 -1.26142919e-03]
[-1.68974581e+00 -5.50219285e-01  1.74045208e+00 -1.20330974e+00 -1.26526993e+00 -1.28818091e-03]
[-1.69019330e+00 -5.49470241e-01  1.73695921e+00 -1.20101099e+00 -1.26578283e+00 -1.31628079e-03]
[-1.69064415e+00 -5.48717543e-01  1.73345703e+00 -1.19870759e+00 -1.26629632e+00 -1.34579043e-03]
[-1.69109865e+00 -5.47961274e-01  1.72994506e+00 -1.19639971e+00 -1.26681042e+00 -1.37676780e-03]
[-1.69155708e+00 -5.47201584e-01  1.72642283e+00 -1.19408764e+00 -1.26732520e+00 -1.40926569e-03]
[-1.69201978e+00 -5.46438696e-01  1.72288988e+00 -1.19177174e+00 -1.26784069e+00 -1.44332988e-03]
[-1.69248706e+00 -5.45672924e-01  1.71934579e+00 -1.18945253e+00 -1.26835695e+00 -1.47899709e-03]
[-1.69295929e+00 -5.44904688e-01  1.71579018e+00 -1.18713067e+00 -1.26887402e+00 -1.51629251e-03]
[-1.69343683e+00 -5.44134529e-01  1.71222273e+00 -1.18480702e+00 -1.26939195e+00 -1.55522698e-03]
[-1.69392009e+00 -5.43363130e-01  1.70864318e+00 -1.18248263e+00 -1.26991081e+00 -1.59579379e-03]
[-1.69440945e+00 -5.42591340e-01  1.70505137e+00 -1.18015880e+00 -1.27043063e+00 -1.63796495e-03]
[-1.69490535e+00 -5.41820192e-01  1.70144724e+00 -1.17783708e+00 -1.27095147e+00 -1.68168710e-03]
[-1.69540822 -0.54105094  1.69783087 -1.17551937 -1.27147339 -0.00172688]
[-1.6959185  -0.54028506  1.69420252 -1.17320788 -1.27199643 -0.00177342]
[-1.69643664 -0.53952434  1.6905626  -1.17090525 -1.27252063 -0.00182114]
[-1.69696311 -0.53877083  1.68691178 -1.16861454 -1.27304604 -0.00186985]
[-1.69749835 -0.53802696  1.68325097 -1.16633932 -1.2735727  -0.00191928]
[-1.6980428  -0.5372955   1.6795814  -1.16408368 -1.27410063 -0.0019691 ]
[-1.6985969  -0.53657968  1.6759046  -1.16185234 -1.27462986 -0.00201892]
[-1.69916104 -0.53588314  1.67222254 -1.15965065 -1.2751604  -0.00206826]
[-1.69973562 -0.53521005  1.66853759 -1.15748467 -1.27569225 -0.00211657]
[-1.70032094 -0.53456508  1.66485261 -1.15536122 -1.27622539 -0.00216319]
[-1.70091729 -0.53395349  1.66117101 -1.15328794 -1.2767598  -0.00220734]
[-1.70152486 -0.5333811   1.65749677 -1.15127328 -1.27729542 -0.00224815]
[-1.70214377 -0.53285438  1.6538345  -1.14932661 -1.27783218 -0.0022846 ]
[-1.70277405 -0.5323804   1.65018948 -1.14745819 -1.27836999 -0.00231557]
[-1.7034156  -0.53196691  1.64656772 -1.14567917 -1.27890874 -0.00233976]
[-1.70406817 -0.53162225  1.64297594 -1.14400162 -1.27944826 -0.00235576]
[-1.7047314  -0.53135539  1.63942165 -1.14243848 -1.27998841 -0.00236198]
[-1.70540475 -0.53117587  1.63591308 -1.14100348 -1.28052896 -0.00235671]
[-1.70608747 -0.53109374  1.63245926 -1.1397111  -1.28106969 -0.00233807]
[-1.70677866 -0.53111949  1.62906988 -1.13857641 -1.28161033 -0.00230404]
[-1.70747719 -0.53126394  1.62575532 -1.13761498 -1.2821506  -0.00225248]
[-1.70818173 -0.53153811  1.62252655 -1.13684265 -1.28269019 -0.00218111]
[-1.70889073 -0.53195309  1.619395   -1.13627537 -1.28322877 -0.00208756]
[-1.70960243 -0.53251989  1.61637246 -1.13592893 -1.28376599 -0.00196937]
[-1.71031487 -0.5332492   1.61347091 -1.13581876 -1.2843015  -0.00182404]
[-1.71102592e+00 -5.34151281e-01  1.61070236e+00 -1.13595960e+00 -1.28483495e+00 -1.64900609e-03]
[-1.71173325e+00 -5.35235694e-01  1.60807867e+00 -1.13636527e+00 -1.28536602e+00 -1.44173821e-03]
[-1.71243443e+00 -5.36511145e-01  1.60561131e+00 -1.13704836e+00 -1.28589439e+00 -1.19972472e-03]
[-1.71312690e+00 -5.37985289e-01  1.60331118e+00 -1.13802001e+00 -1.28641979e+00 -9.20521119e-04]
[-1.71380804e+00 -5.39664563e-01  1.60118842e+00 -1.13928968e+00 -1.28694200e+00 -6.01777635e-04]
[-1.71447521e+00 -5.41554045e-01  1.59925217e+00 -1.14086494e+00 -1.28746088e+00 -2.41265992e-04]
[-1.71512581e+00 -5.43657351e-01  1.59751046e+00 -1.14275134e+00 -1.28797635e+00  1.63098601e-04]
[-1.71575729e+00 -5.45976573e-01  1.59597002e+00 -1.14495235e+00 -1.28848844e+00  6.13241879e-04]
[-1.71636722e+00 -5.48512260e-01  1.59463619e+00 -1.14746933e+00 -1.28899730e+00  1.11092264e-03]
[-1.71695333e+00 -5.51263453e-01  1.59351286e+00 -1.15030160e+00 -1.28950319e+00  1.65773359e-03]
[-1.71751353 -0.55422777  1.59260247 -1.15344659 -1.29000652  0.00225511]
[-1.71804598 -0.55740153  1.59190601 -1.15690001 -1.29050783  0.00290436]
[-1.71854906 -0.56077994  1.59142313 -1.16065614 -1.29100783  0.00360666]
[-1.71902141 -0.56435728  1.59115224 -1.16470813 -1.29150742  0.00436315]
[-1.71946196 -0.56812717  1.5910907  -1.16904834 -1.29200763  0.00517492]
[-1.71986986 -0.57208279  1.591235   -1.17366873 -1.2925097   0.0060431 ]
[-1.72024452 -0.57621719  1.59158095 -1.17856125 -1.29301505  0.00696889]
[-1.72058557 -0.58052349  1.59212398 -1.18371821 -1.29352531  0.00795364]
[-1.72089281 -0.58499517  1.59285929 -1.18913264 -1.29404226  0.00899888]
[-1.72116622 -0.5896263   1.59378219 -1.19479867 -1.29456793  0.01010642]
[-1.72140586 -0.59441173  1.59488821 -1.20071179 -1.29510454  0.01127837]
[-1.7216119  -0.59934729  1.59617339 -1.20686913 -1.29565449  0.0125172 ]
[-1.72178449 -0.60442989  1.59763445 -1.21326968 -1.29622046  0.01382579]
[-1.72192379 -0.60965771  1.59926892 -1.21991443 -1.29680529  0.01520748]
[-1.72202988 -0.61503017  1.60107527 -1.22680651 -1.29741211  0.01666609]
[-1.72210274 -0.62054805  1.60305307 -1.23395122 -1.29804423  0.01820594]
[-1.72214221 -0.62621346  1.60520297 -1.24135603 -1.29870526  0.01983187]
[-1.72214793 -0.6320298   1.60752679 -1.24903054 -1.299399    0.02154926]
[-1.72211933 -0.63800172  1.6100275  -1.25698639 -1.30012955  0.02336398]
[-1.72205561 -0.644135    1.6127092  -1.26523706 -1.30090121  0.02528244]
[-1.7219557  -0.6504364   1.61557702 -1.27379766 -1.30171857  0.02731145]
[-1.72181823 -0.65691355  1.61863705 -1.28268472 -1.3025864   0.02945827]
[-1.72164158 -0.6635747   1.62189622 -1.29191577 -1.3035097   0.03173049]
[-1.72142379 -0.67042853  1.62536207 -1.30150905 -1.30449367  0.03413592]
[-1.72116263 -0.67748387  1.6290426  -1.31148301 -1.30554362  0.03668253]
[-1.72085562 -0.68474943  1.63294603 -1.32185587 -1.30666498  0.03937829]
[-1.72049998 -0.69223347  1.63708049 -1.33264499 -1.30786319  0.04223099]
[-1.72009274 -0.69994346  1.64145379 -1.34386638 -1.30914369  0.04524814]
[-1.71963074 -0.70788575  1.64607302 -1.35553398 -1.31051175  0.04843668]
[-1.71911071 -0.71606519  1.65094426 -1.36765904 -1.31197245  0.05180285]
[-1.71852931 -0.72448471  1.65607219 -1.38024941 -1.3135305   0.05535189]
[-1.71788321 -0.73314504  1.66145975 -1.39330892 -1.31519019  0.05908787]
[-1.71716919 -0.7420443   1.66710777 -1.40683667 -1.31695519  0.06301342]
[-1.71638421 -0.75117773  1.67301464 -1.4208265  -1.31882848  0.06712949]
[-1.71552555 -0.76053743  1.67917603 -1.43526649 -1.32081218  0.07143518]
[-1.71459082 -0.77011217  1.68558463 -1.45013857 -1.32290746  0.07592756]
[-1.71357816 -0.77988731  1.69223    -1.46541832 -1.32511443  0.0806015 ]
[-1.71248625 -0.78984481  1.69909848 -1.48107492 -1.32743202  0.08544962]
[-1.71131445 -0.79996331  1.70617321 -1.4970713  -1.32985796  0.09046227]
[-1.7100628  -0.81021844  1.71343425 -1.51336454 -1.33238876  0.09562758]
[-1.70873213 -0.82058307  1.72085881 -1.5299064  -1.33501966  0.10093156]
[-1.70732403 -0.83102786  1.72842159 -1.54664419 -1.33774475  0.10635835]
[-1.70584091 -0.84152176  1.73609524 -1.56352164 -1.34055702  0.11189042]
[-1.70428589 -0.85203264  1.74385085 -1.58048011 -1.34344849  0.11750898]
[-1.70266283 -0.86252798  1.75165855 -1.59745973 -1.34641036  0.12319429]
[-1.70097618 -0.87297558  1.75948814 -1.61440072 -1.3494332   0.1289261 ]
[-1.69923097 -0.88334421  1.76730971 -1.63124462 -1.35250717  0.13468408]
[-1.69743261 -0.89360426  1.77509427 -1.6479355  -1.35562221  0.14044823]
[-1.69558682 -0.90372834  1.78281428 -1.66442101 -1.35876825  0.14619929]
[-1.6936995  -0.91369176  1.79044423 -1.68065339 -1.36193544  0.1519191 ]
[-1.6917766  -0.92347291  1.79796098 -1.69659014 -1.36511432  0.1575909 ]
[-1.68982398 -0.93305351  1.80534411 -1.71219461 -1.36829599  0.16319959]
[-1.68784733 -0.94241881  1.81257618 -1.7274363  -1.37147224  0.16873193]
[-1.68585205 -0.9515576   1.81964278 -1.74229104 -1.37463567  0.17417662]
[-1.6838432  -0.96046215  1.82653261 -1.75674087 -1.37777976  0.17952441]
[-1.6818254  -0.96912808  1.83323739 -1.77077386 -1.38089889  0.18476802]
[-1.67980281 -0.97755414  1.83975171 -1.78438372 -1.3839884   0.18990213]
[-1.6777791  -0.98574194  1.84607286 -1.79756932 -1.38704453  0.19492329]
[-1.6757574  -0.99369566  1.8522006  -1.81033419 -1.39006443  0.19982972]
[-1.67374038 -1.00142167  1.85813683 -1.82268587 -1.39304607  0.20462123]
[-1.67173016 -1.00892826  1.86388537 -1.83463534 -1.39598821  0.20929898]
[-1.66972841 -1.01622532  1.86945165 -1.84619639 -1.3988903   0.21386534]
[-1.66773635 -1.02332396  1.87484242 -1.85738505 -1.40175243  0.2183237 ]
[-1.66575474 -1.03023633  1.88006549 -1.86821904 -1.40457524  0.2226783 ]
[-1.66378399 -1.03697528  1.88512948 -1.87871723 -1.40735983  0.22693407]
[-1.66182412 -1.04355422  1.89004362 -1.88889927 -1.41010773  0.23109647]
[-1.65987484 -1.04998686  1.89481749 -1.89878508 -1.41282077  0.2351714 ]
[-1.65793556 -1.05628712  1.89946093 -1.9083946  -1.41550106  0.23916501]
[-1.65600542 -1.06246896  1.90398383 -1.91774746 -1.41815093  0.2430837 ]
[-1.65408332 -1.06854634  1.90839602 -1.9268627  -1.42077287  0.24693394]
[-1.65216793 -1.07453309  1.91270719 -1.93575862 -1.42336947  0.2507223 ]
[-1.65025773 -1.08044293  1.9169268  -1.94445257 -1.42594345  0.25445531]
[-1.64835099 -1.08628943  1.921064   -1.95296084 -1.42849752  0.25813948]
[-1.64644581 -1.09208598  1.9251276  -1.96129852 -1.43103446  0.26178128]
[-1.64454012 -1.09784586  1.92912602 -1.96947943 -1.43355703  0.26538705]
[-1.64263166 -1.10358218  1.93306728 -1.97751604 -1.43606797  0.26896308]
[-1.64071802 -1.10930802  1.93695897 -1.9854194  -1.43857001  0.27251556]
[-1.63879659 -1.11503638  1.94080822 -1.99319906 -1.4410658   0.27605057]
[-1.63686461 -1.12078024  1.94462175 -2.00086308 -1.44355796  0.27957414]
[-1.63491912 -1.12655264  1.94840576 -2.00841788 -1.44604902  0.2830922 ]
[-1.63295696 -1.13236667  1.95216602 -2.01586826 -1.44854142  0.28661063]
[-1.63097479 -1.13823556  1.9559078  -2.0232173  -1.45103752  0.29013525]
[-1.62896905 -1.14417265  1.95963587 -2.0304663  -1.45353954  0.29367184]
[-1.626936   -1.15019142  1.96335448 -2.0376147  -1.45604959  0.29722612]
[-1.62487166 -1.1563055   1.96706734 -2.04466    -1.45856962  0.30080381]
[-1.62277185 -1.16252867  1.97077758 -2.05159769 -1.46110139  0.30441053]
[-1.6206322  -1.16887475  1.97448773 -2.05842119 -1.46364646  0.30805188]
[-1.61844816 -1.17535761  1.97819965 -2.06512171 -1.46620616  0.31173335]
[-1.616215   -1.18199101  1.98191451 -2.07168824 -1.46878152  0.31546033]
[-1.61392789 -1.18878851  1.98563271 -2.07810749 -1.47137327  0.31923803]
[-1.61158187 -1.19576325  1.98935384 -2.08436382 -1.47398177  0.32307146]
[-1.60917201 -1.20292779  1.99307661 -2.09043932 -1.47660695  0.32696532]
[-1.60669339 -1.21029383  1.99679878 -2.0963138  -1.47924831  0.33092395]
[-1.60414123 -1.21787192  2.00051713 -2.10196492 -1.48190478  0.33495122]
[-1.60151098 -1.22567115  2.00422741 -2.10736834 -1.48457477  0.33905038]
[-1.59879846 -1.23369875  2.00792428 -2.11249803 -1.48725607  0.34322402]
[-1.59599994 -1.24195977  2.01160131 -2.11732654 -1.4899458   0.34747385]
[-1.59311235 -1.25045662  2.015251   -2.12182546 -1.49264042  0.35180065]
[-1.59013335 -1.25918873  2.01886482 -2.12596595 -1.4953357   0.35620409]
[-1.58706153 -1.26815217  2.02243325 -2.12971934 -1.49802675  0.36068262]
[-1.58389654 -1.27733935  2.02594595 -2.13305788 -1.50070799  0.3652334 ]
[-1.58063921 -1.28673875  2.02939186 -2.13595544 -1.50337329  0.3698522 ]
[-1.57729164 -1.29633483  2.03275946 -2.13838838 -1.50601599  0.37453336]
[-1.57385732 -1.30610794  2.03603692 -2.14033635 -1.508629    0.3792698 ]
[-1.57034111 -1.31603448  2.03921245 -2.14178308 -1.51120501  0.3840531 ]
[-1.56674929 -1.32608717  2.04227455 -2.14271714 -1.51373656  0.38887354]
[-1.56308943 -1.33623542  2.04521233 -2.1431325  -1.51621625  0.39372032]
[-1.55937035 -1.34644591  2.04801581 -2.14302904 -1.51863696  0.39858173]
[-1.55560191 -1.3566833   2.05067619 -2.14241279 -1.52099194  0.40344542]
[-1.55179482 -1.366911    2.05318614 -2.14129599 -1.5232751   0.40829866]
[-1.54796039 -1.37709204  2.05553999 -2.13969695 -1.52548108  0.41312865]
[-1.54411029 -1.38718995  2.05773388 -2.13763964 -1.52760543  0.41792285]
[-1.54025622 -1.39716963  2.05976585 -2.1351531  -1.5296447   0.42266925]
[-1.5364097  -1.40699812  2.06163585 -2.13227072 -1.53159651  0.42735666]
[-1.53258176 -1.41664537  2.06334571 -2.12902928 -1.53345957  0.43197494]
[-1.5287827  -1.42608472  2.06489901 -2.12546806 -1.53523366  0.43651521]
[-1.52502195 -1.43529343  2.06630091 -2.12162778 -1.5369196   0.44096996]
[-1.52130785 -1.44425286  2.06755798 -2.11754966 -1.53851916  0.44533316]
[-1.51764761 -1.45294861  2.06867789 -2.11327448 -1.54003496  0.44960025]
[-1.51404721 -1.46137048  2.06966924 -2.10884179 -1.54147033  0.45376816]
[-1.51051138 -1.46951231  2.07054123 -2.10428916 -1.54282919  0.45783522]
[-1.50704367 -1.4773717   2.07130349 -2.0996517  -1.54411593  0.46180103]
[-1.50364647 -1.48494965  2.07196578 -2.0949616  -1.54533525  0.46566639]
[-1.50032112 -1.49225016  2.07253785 -2.09024784 -1.54649204  0.46943311]
[-1.49706799 -1.49927979  2.07302922 -2.08553611 -1.5475913   0.47310385]
[-1.49388662 -1.50604725  2.07344907 -2.08084871 -1.54863798  0.47668198]
[-1.49077581 -1.5125629   2.07380611 -2.07620468 -1.54963695  0.48017145]
[-1.48773379 -1.5188384   2.0741085  -2.07161986 -1.55059292  0.48357658]
[-1.48475827 -1.52488632  2.07436383 -2.06710718 -1.55151037  0.48690201]
[-1.48184661 -1.53071979  2.07457903 -2.06267682 -1.55239352  0.49015252]
[-1.47899587 -1.53635223  2.07476039 -2.05833651 -1.55324631  0.49333297]
[-1.47620294 -1.5417971   2.07491359 -2.05409178 -1.55407239  0.49644821]
[-1.47346459 -1.54706769  2.07504368 -2.04994625 -1.5548751   0.49950298]
[-1.47077751 -1.55217695  2.07515514 -2.0459019  -1.55565748  0.50250191]
[-1.46813845 -1.5571374   2.07525187 -2.04195929 -1.55642229  0.50544944]
[-1.46554416 -1.56196099  2.07533728 -2.03811779 -1.55717198  0.5083498 ]
[-1.46299149 -1.56665908  2.07541433 -2.03437585 -1.55790876  0.51120698]
[-1.46047741 -1.57124236  2.07548552 -2.0307311  -1.55863459  0.51402476]
[-1.457999   -1.57572085  2.075553   -2.02718059 -1.55935119  0.51680663]
[-1.45555351 -1.58010388  2.07561855 -2.0237209  -1.56006007  0.51955587]
[-1.45313831 -1.58440012  2.07568368 -2.02034828 -1.56076258  0.5222755 ]
[-1.45075094 -1.58861757  2.0757496  -2.01705873 -1.56145985  0.52496829]
[-1.44838911 -1.5927636   2.07581733 -2.01384813 -1.56215288  0.5276368 ]
[-1.44605067 -1.59684498  2.07588765 -2.01071229 -1.56284254  0.53028339]
[-1.44373361 -1.60086791  2.07596119 -2.007647   -1.56352956  0.53291018]
[-1.44143611 -1.60483803  2.07603843 -2.00464813 -1.56421457  0.53551913]
[-1.43915644 -1.60876049  2.07611971 -2.00171161 -1.5648981   0.53811201]
[-1.43689303 -1.61263999  2.07620528 -1.99883348 -1.5655806   0.54069043]
[-1.43464445 -1.61648076  2.07629529 -1.99600992 -1.56626245  0.54325584]
[-1.43240935 -1.62028668  2.07638981 -1.99323729 -1.56694396  0.54580957]
[-1.43018653 -1.62406122  2.07648888 -1.99051208 -1.56762538  0.54835279]
[-1.42797486 -1.62780754  2.07659246 -1.98783097 -1.56830693  0.5508866 ]
[-1.42577333 -1.6315285   2.07670047 -1.98519082 -1.56898877  0.55341195]
[-1.42358102 -1.63522665  2.07681281 -1.98258865 -1.56967105  0.55592971]
[-1.42139706 -1.63890431  2.07692937 -1.98002167 -1.57035386  0.55844068]
[-1.4192207  -1.64256358  2.07704998 -1.97748726 -1.57103728  0.56094555]
[-1.41705123 -1.64620633  2.0771745  -1.97498297 -1.57172138  0.56344497]
[-1.414888   -1.64983425  2.07730275 -1.97250649 -1.57240619  0.56593949]
[-1.41273044 -1.65344886  2.07743457 -1.97005568 -1.57309174  0.56842963]
[-1.41057802 -1.65705153  2.07756976 -1.96762855 -1.57377804  0.57091585]
[-1.40843025 -1.66064348  2.07770817 -1.96522325 -1.5744651   0.57339856]
[-1.40628671 -1.66422582  2.0778496  -1.96283806 -1.57515292  0.57587812]
[-1.404147   -1.66779954  2.07799389 -1.96047138 -1.57584147  0.57835488]
[-1.40201075 -1.67136552  2.07814087 -1.95812172 -1.57653074  0.58082911]
[-1.39987764 -1.67492457  2.07829038 -1.95578773 -1.57722072  0.58330109]
[-1.39774738 -1.6784774   2.07844226 -1.95346814 -1.57791138  0.58577105]
[-1.3956197  -1.68202464  2.07859636 -1.95116178 -1.5786027   0.58823921]
[-1.39349436 -1.68556688  2.07875253 -1.94886757 -1.57929464  0.59070576]
[-1.39137114 -1.68910464  2.07891064 -1.94658452 -1.57998718  0.59317086]
[-1.38924983 -1.69263837  2.07907055 -1.94431172 -1.58068028  0.59563466]
[-1.38713027 -1.69616849  2.07923215 -1.94204831 -1.58137393  0.59809732]
[-1.38501228 -1.69969538  2.07939531 -1.93979352 -1.58206809  0.60055894]
[-1.38289571 -1.70321936  2.07955993 -1.93754664 -1.58276273  0.60301963]
[-1.38078044 -1.70674074  2.0797259  -1.93530701 -1.58345783  0.60547949]
[-1.37866634 -1.71025978  2.07989312 -1.93307403 -1.58415336  0.60793862]
[-1.3765533  -1.71377674  2.08006151 -1.93084713 -1.58484929  0.61039708]
[-1.37444122 -1.71729181  2.08023098 -1.92862582 -1.58554559  0.61285495]
[-1.37233002 -1.7208052   2.08040144 -1.92640961 -1.58624225  0.61531229]
[-1.3702196  -1.72431707  2.08057283 -1.9241981  -1.58693924  0.61776916]
[-1.3681099  -1.72782759  2.08074507 -1.92199086 -1.58763654  0.6202256 ]
[-1.36600085 -1.7313369   2.08091811 -1.91978756 -1.58833413  0.62268166]
[-1.36389239 -1.73484511  2.08109187 -1.91758785 -1.58903198  0.62513738]
[-1.36178446 -1.73835234  2.08126631 -1.91539143 -1.58973008  0.6275928 ]
[-1.35967701 -1.7418587   2.08144137 -1.91319803 -1.59042842  0.63004794]
[-1.35757    -1.74536427  2.08161701 -1.91100738 -1.59112697  0.63250284]
[-1.35546339 -1.74886912  2.08179317 -1.90881925 -1.59182573  0.63495753]
[-1.35335714 -1.75237335  2.08196983 -1.90663343 -1.59252467  0.63741202]
