[-0.00088904 -0.00128298  0.09186076 -0.01282763  0.00101884 -0.00090159]
[-0.00090038 -0.00128064  0.0923711  -0.01287273  0.00110858 -0.00091415]
[-0.00090867 -0.00127637  0.09290223 -0.01291884  0.00121369 -0.00092158]
[-0.00091371 -0.00127004  0.09345506 -0.01296584  0.0013349  -0.00092357]
[-0.0009153  -0.00126155  0.09403036 -0.01301362  0.00147286 -0.00091985]
[-0.00091329 -0.0012508   0.09462882 -0.01306207  0.00162813 -0.00091016]
[-0.00090752 -0.00123768  0.09525099 -0.01311104  0.00180116 -0.00089428]
[-0.00089787 -0.00122213  0.09589727 -0.01316044  0.00199234 -0.00087202]
[-0.00088423 -0.00120408  0.09656796 -0.01321011  0.00220191 -0.00084323]
[-0.00086652 -0.00118347  0.09726318 -0.01325996  0.00243002 -0.00080779]
[-0.0008447  -0.00116027  0.09798292 -0.01330984  0.00267671 -0.00076563]
[-0.00081873 -0.00113446  0.098727   -0.01335964  0.00294189 -0.00071671]
[-0.00078861 -0.00110603  0.09949511 -0.01340925  0.00322538 -0.00066103]
[-0.00075437 -0.00107498  0.10028678 -0.01345854  0.00352686 -0.00059865]
[-0.00071606 -0.00104133  0.10110138 -0.01350742  0.00384592 -0.00052965]
[-0.00067377 -0.00100513  0.10193815 -0.01355579  0.00418202 -0.00045415]
[-0.0006276  -0.00096641  0.10279616 -0.01360354  0.00453453 -0.00037233]
[-0.00057767 -0.00092525  0.10367436 -0.01365059  0.00490271 -0.00028437]
[-0.00052415 -0.00088171  0.10457156 -0.01369686  0.00528572 -0.00019052]
[-4.67203798e-04 -8.35875542e-04  1.05486433e-01 -1.37422687e-02  5.68262875e-03 -9.10622511e-05]
[-4.07040597e-04 -7.87854991e-04  1.06417542e-01 -1.37867627e-02  6.09242596e-03  1.37073114e-05]
[-0.00034388 -0.00073775  0.10736332 -0.01383028  0.00651401  0.00012345]
[-0.00027795 -0.00068568  0.1083221  -0.01387277  0.00694623  0.00023779]
[-0.00020952 -0.00063178  0.10929209 -0.0139142   0.00738782  0.00035635]
[-0.00013885 -0.00057616  0.11027144 -0.01395454  0.00783751  0.00047869]
[-6.62277599e-05 -5.18982308e-04  1.11258166e-01 -1.39937479e-02  8.29393792e-03  6.04392491e-04]
[ 8.04074855e-06 -4.60382729e-04  1.12250229e-01 -1.40318254e-02  8.75570493e-03  7.32984202e-04]
[ 8.36496546e-05 -4.00513231e-04  1.13245501e-01 -1.40687600e-02  9.22137487e-03  8.63990410e-04]
[ 0.00016028 -0.00033953  0.11424178 -0.01410455  0.00968948  0.00099692]
[ 0.0002376  -0.00027758  0.11523682 -0.01413921  0.01015851  0.00113126]
[ 0.00031529 -0.00021484  0.11622827 -0.01417274  0.01062696  0.0012665 ]
[ 0.000393   -0.00015145  0.11721377 -0.01420517  0.01109329  0.00140211]
[ 4.70385730e-04 -8.75730781e-05  1.18190885e-01 -1.42365164e-02  1.15559573e-02  1.53756613e-03]
[ 5.47116321e-04 -2.33729505e-05  1.19157137e-01 -1.42668186e-02  1.20134274e-02  1.67232211e-03]
[ 6.22846351e-04  4.09986508e-05  1.20110011e-01 -1.42961073e-02  1.24641621e-02  1.80584313e-03]
[ 6.97236844e-04  1.05389518e-04  1.21046950e-01 -1.43244203e-02  1.29066376e-02  1.93759092e-03]
[ 0.00076995  0.00016965  0.12196537 -0.0143518   0.01333935  0.00206703]
[ 0.00084066  0.00023364  0.12286264 -0.01437828  0.01376081  0.00219363]
[ 0.00090905  0.00029722  0.12373612 -0.01440392  0.01416958  0.00231686]
[ 0.0009748   0.00036026  0.12458313 -0.01442874  0.01456424  0.00243621]
[ 0.00103761  0.00042263  0.12540099 -0.0144528   0.01494343  0.00255118]
[ 0.00109718  0.00048422  0.12618697 -0.01447612  0.01530582  0.00266128]
[ 0.00115326  0.00054492  0.12693835 -0.01449874  0.01565015  0.00276602]
[ 0.00120558  0.00060464  0.12765237 -0.01452068  0.01597523  0.00286496]
[ 0.00125389  0.00066329  0.12832628 -0.01454196  0.01627992  0.00295767]
[ 0.00129799  0.00072078  0.12895728 -0.01456258  0.01656317  0.00304372]
[ 0.00133767  0.00077706  0.12954259 -0.01458252  0.01682401  0.00312273]
[ 0.00137277  0.00083208  0.13007941 -0.01460177  0.01706155  0.00319434]
[ 0.00140314  0.00088578  0.13056491 -0.01462027  0.01727499  0.00325823]
[ 0.00142865  0.00093814  0.13099626 -0.01463796  0.01746364  0.0033141 ]
[ 0.00144923  0.00098914  0.1313706  -0.01465474  0.0176269   0.00336169]
[ 0.0014648   0.00103878  0.13168508 -0.0146705   0.01776428  0.00340076]
[ 0.00147534  0.00108706  0.1319368  -0.01468507  0.01787538  0.00343115]
[ 0.00148086  0.001134    0.13212285 -0.01469828  0.01795994  0.0034527 ]
[ 0.0014814   0.00117962  0.13224032 -0.01470989  0.01801779  0.0034653 ]
[ 0.00147701  0.00122395  0.13228625 -0.01471963  0.01804886  0.0034689 ]
[ 0.00146782  0.00126704  0.13225768 -0.0147272   0.01805323  0.00346347]
[ 0.00145396  0.00130893  0.13215161 -0.01473222  0.01803104  0.00344905]
[ 0.0014356   0.00134967  0.13196506 -0.0147343   0.01798256  0.00342571]
[ 0.00141295  0.00138932  0.131695   -0.01473296  0.01790817  0.00339357]
[ 0.00138625  0.00142793  0.13133844 -0.01472769  0.01780834  0.00335279]
[ 0.00135576  0.00146556  0.1308924  -0.01471793  0.01768362  0.00330357]
[ 0.00132178  0.00150224  0.13035393 -0.01470305  0.01753466  0.00324619]
[ 0.00128462  0.00153801  0.12972015 -0.01468239  0.01736219  0.00318092]
[ 0.00124462  0.0015729   0.12898828 -0.01465523  0.01716702  0.00310812]
[ 0.00120214  0.00160694  0.12815568 -0.01462084  0.01695002  0.00302816]
[ 0.00115757  0.00164011  0.12721989 -0.01457841  0.01671212  0.00294146]
[ 0.00111127  0.0016724   0.1261787  -0.01452716  0.01645431  0.00284848]
[ 0.00106365  0.00170378  0.1250302  -0.01446625  0.01617764  0.00274971]
[ 0.00101509  0.00173419  0.12377286 -0.01439489  0.01588319  0.00264566]
[ 0.00096598  0.00176357  0.12240559 -0.01431228  0.01557209  0.00253689]
[ 0.00091671  0.00179181  0.12092784 -0.01421765  0.01524551  0.00242397]
[ 0.00086765  0.00181879  0.11933965 -0.01411031  0.01490464  0.0023075 ]
[ 0.00081914  0.0018444   0.11764178 -0.01398962  0.01455071  0.00218808]
[ 0.00077152  0.00186849  0.11583571 -0.01385504  0.01418498  0.00206634]
[ 0.0007251   0.00189089  0.11392379 -0.01370615  0.01380874  0.00194291]
[ 0.00068014  0.00191143  0.11190923 -0.01354265  0.01342329  0.00181841]
[ 0.0006369   0.00192995  0.10979614 -0.01336438  0.01302997  0.00169348]
[ 0.00059557  0.00194627  0.10758959 -0.01317135  0.01263012  0.00156872]
[ 0.00055634  0.00196023  0.10529556 -0.01296374  0.01222511  0.00144473]
[ 0.00051932  0.00197168  0.10292091 -0.0127419   0.0118163   0.0013221 ]
[ 0.00048463  0.00198047  0.10047335 -0.01250637  0.01140505  0.00120135]
[ 0.00045231  0.00198649  0.09796133 -0.01225784  0.01099273  0.00108302]
[ 0.00042238  0.00198966  0.09539394 -0.01199718  0.01058069  0.00096756]
[ 0.00039484  0.00198989  0.09278077 -0.01172542  0.01017022  0.0008554 ]
[ 0.00036964  0.00198718  0.09013178 -0.0114437   0.00976262  0.00074692]
[ 0.00034671  0.00198151  0.08745714 -0.0111533   0.00935911  0.00064245]
[ 0.00032596  0.00197293  0.08476705 -0.01085558  0.00896086  0.00054225]
[ 0.00030728  0.00196151  0.08207158 -0.01055194  0.00856895  0.00044656]
[ 0.00029055  0.00194734  0.07938054 -0.01024384  0.0081844   0.00035554]
[ 0.00027561  0.00193056  0.07670328 -0.00993275  0.00780813  0.00026929]
[ 0.00026233  0.00191132  0.07404864 -0.00962011  0.00744097  0.00018788]
[ 0.00025056  0.0018898   0.07142476 -0.00930731  0.00708364  0.00011133]
[ 2.40157499e-04  1.86621146e-03  6.88390379e-02 -8.99569307e-03  6.73675758e-03  3.96161772e-05]
[ 2.30969072e-04  1.84074956e-03  6.62980707e-02 -8.68652050e-03  6.40083159e-03 -2.73388016e-05]
[ 2.22858178e-04  1.81363926e-03  6.38075950e-02 -8.38094941e-03  6.07626812e-03 -8.96326071e-05]
[ 0.00021569  0.00178511  0.06137248 -0.00808003  0.00576337 -0.0001474 ]
[ 0.00020935  0.00175538  0.05899674 -0.00778471  0.00546234 -0.00020079]
[ 0.00020371  0.00172467  0.05668355 -0.0074958   0.00517329 -0.00024998]
[ 0.00019867  0.00169321  0.05443526 -0.00721402  0.00489624 -0.00029518]
[ 0.00019415  0.0016612   0.05225351 -0.00693993  0.00463114 -0.00033657]
[ 0.00019005  0.00162885  0.05013922 -0.00667401  0.00437786 -0.00037438]
[ 0.0001863   0.00159633  0.04809269 -0.00641664  0.00413622 -0.00040882]
[ 0.00018284  0.00156382  0.04611367 -0.00616807  0.00390598 -0.00044011]
[ 0.00017961  0.00153147  0.04420141 -0.00592847  0.00368684 -0.00046846]
[ 0.00017656  0.00149943  0.04235476 -0.00569794  0.00347848 -0.00049409]
[ 0.00017367  0.00146783  0.0405722  -0.0054765   0.00328055 -0.0005172 ]
[ 0.00017088  0.00143678  0.03885195 -0.00526409  0.00309267 -0.00053799]
[ 0.00016819  0.00140638  0.03719196 -0.00506062  0.00291445 -0.00055666]
[ 0.00016556  0.0013767   0.03559003 -0.00486592  0.00274546 -0.00057339]
[ 0.00016298  0.00134783  0.03404383 -0.00467982  0.00258531 -0.00058835]
[ 0.00016043  0.00131983  0.03255093 -0.0045021   0.00243356 -0.0006017 ]
[ 0.0001579   0.00129274  0.03110885 -0.0043325   0.00228982 -0.00061361]
[ 0.0001554   0.0012666   0.0297151  -0.00417075  0.00215366 -0.00062422]
[ 0.0001529   0.00124145  0.02836719 -0.00401658  0.00202469 -0.00063365]
[ 0.00015042  0.0012173   0.02706265 -0.00386971  0.0019025  -0.00064205]
[ 0.00014794  0.00119418  0.02579908 -0.00372982  0.00178672 -0.00064952]
[ 0.00014547  0.00117208  0.02457411 -0.00359663  0.00167698 -0.00065618]
[ 0.000143    0.00115101  0.02338547 -0.00346983  0.00157292 -0.00066212]
[ 0.00014055  0.00113098  0.02223097 -0.00334914  0.0014742  -0.00066744]
[ 0.0001381   0.00111197  0.02110847 -0.00323427  0.00138049 -0.00067223]
[ 0.00013566  0.00109397  0.02001597 -0.00312492  0.00129147 -0.00067656]
[ 0.00013324  0.00107698  0.01895154 -0.00302084  0.00120686 -0.00068051]
[ 0.00013083  0.00106099  0.01791333 -0.00292176  0.00112636 -0.00068414]
[ 0.00012844  0.00104596  0.01689961 -0.00282741  0.00104971 -0.00068752]
[ 0.00012608  0.0010319   0.01590873 -0.00273757  0.00097665 -0.00069071]
[ 0.00012374  0.00101877  0.01493914 -0.00265198  0.00090694 -0.00069376]
[ 0.00012142  0.00100657  0.01398935 -0.00257043  0.00084036 -0.00069671]
[ 0.00011914  0.00099526  0.01305798 -0.0024927   0.00077668 -0.00069962]
[ 0.00011688  0.00098484  0.01214373 -0.0024186   0.00071572 -0.00070253]
[ 0.00011466  0.00097528  0.01124537 -0.00234793  0.00065726 -0.00070547]
[ 0.00011248  0.00096657  0.01036174 -0.00228051  0.00060114 -0.00070848]
[ 0.00011033  0.00095868  0.00949176 -0.00221616  0.00054718 -0.0007116 ]
[ 0.00010823  0.0009516   0.0086344  -0.00215472  0.00049523 -0.00071485]
[ 0.00010617  0.00094531  0.00778871 -0.00209605  0.00044513 -0.00071828]
[ 0.00010415  0.00093979  0.00695379 -0.00204     0.00039673 -0.0007219 ]
[ 0.00010218  0.00093504  0.00612879 -0.00198642  0.00034991 -0.00072575]
[ 0.00010026  0.00093102  0.00531291 -0.00193521  0.00030454 -0.00072985]
[ 9.83935931e-05  9.27735093e-04  4.50541102e-03 -1.88622154e-03  2.60496165e-04 -7.34222814e-04]
[ 9.65764804e-05  9.25167720e-04  3.70557908e-03 -1.83936056e-03  2.17664660e-04 -7.38899416e-04]
[ 9.48138993e-05  9.23306601e-04  2.91275109e-03 -1.79451760e-03  1.75938517e-04 -7.43901394e-04]
[ 9.31077611e-05  9.22141571e-04  2.12629879e-03 -1.75159451e-03  1.35215372e-04 -7.49252418e-04]
[ 9.14600027e-05  9.21663682e-04  1.34562813e-03 -1.71049952e-03  9.53978893e-05 -7.54975917e-04]
[ 8.98726002e-05  9.21865231e-04  5.70176435e-04 -1.67114696e-03  5.63933352e-05 -7.61095238e-04]
[ 8.83475815e-05  9.22739798e-04 -2.00590334e-04 -1.63345690e-03  1.81131576e-05 -7.67633796e-04]
[ 8.68870401e-05  9.24282270e-04 -9.67180127e-04 -1.59735489e-03 -1.95274101e-05 -7.74615222e-04]
[ 8.54931475e-05  9.26488875e-04 -1.73007728e-03 -1.56277167e-03 -5.66097322e-05 -7.82063499e-04]
[ 8.41681673e-05  9.29357206e-04 -2.48974488e-03 -1.52964288e-03 -9.32121394e-05 -7.90003105e-04]
[ 8.29144681e-05  9.32886252e-04 -3.24662696e-03 -1.49790885e-03 -1.29410283e-04 -7.98459150e-04]
[ 8.17345369e-05  9.37076432e-04 -4.00115073e-03 -1.46751431e-03 -1.65277477e-04 -8.07457511e-04]
