[ 0.01317976  0.02968854 -0.00127515  0.04400423 -0.00747491 -0.00295439]
[ 0.01315301  0.02996116 -0.00086363  0.04314988 -0.007394   -0.00282311]
[ 0.01316005  0.03030993 -0.00046471  0.04243032 -0.00733508 -0.00269741]
[ 1.31983918e-02  3.07292384e-02 -7.69031184e-05  4.18392113e-02 -7.29761957e-03 -2.57697779e-03]
[ 0.01326571  0.03121385  0.00030119  0.04137083 -0.0072812  -0.00246154]
[ 0.01335986  0.03175892  0.00067089  0.04102007 -0.00728549 -0.00235084]
[ 0.01347885  0.03235998  0.00103347  0.04078239 -0.00731029 -0.00224464]
[ 0.01362082  0.03301286  0.00139013  0.04065383 -0.00735549 -0.00214273]
[ 0.01378408  0.03371373  0.00174202  0.04063103 -0.00742111 -0.0020449 ]
[ 0.01396703  0.03445904  0.00209027  0.04071114 -0.00750728 -0.00195099]
[ 0.01416822  0.03524549  0.00243597  0.04089191 -0.00761425 -0.00186083]
[ 0.01438626  0.03607002  0.00278019  0.04117159 -0.00774238 -0.00177428]
[ 0.0146199   0.03692981  0.00312397  0.04154901 -0.00789218 -0.00169121]
[ 0.01486797  0.03782224  0.00346838  0.04202351 -0.00806428 -0.00161152]
[ 0.01512935  0.03874484  0.00381446  0.042595   -0.00825947 -0.00153511]
[ 0.01540303  0.03969535  0.00416327  0.04326393 -0.00847866 -0.00146191]
[ 0.01568803  0.04067162  0.00451591  0.0440313  -0.00872295 -0.00139185]
[ 0.01598345  0.04167165  0.00487348  0.04489868 -0.00899357 -0.00132489]
[ 0.01628843  0.04269353  0.00523714  0.04586826 -0.00929197 -0.00126099]
[ 0.01660215  0.04373548  0.00560809  0.04694278 -0.00961976 -0.00120013]
[ 0.01692382  0.04479579  0.00598757  0.04812566 -0.00997878 -0.00114232]
[ 0.01725268  0.04587279  0.00637693  0.04942095 -0.01037108 -0.00108757]
[ 0.017588    0.0469649   0.00677756  0.0508334  -0.01079896 -0.00103589]
[ 0.01792905  0.04807056  0.00719096  0.05236847 -0.01126495 -0.00098733]
[ 0.0182751   0.04918823  0.00761871  0.0540324  -0.0117719  -0.00094194]
[ 0.01862544  0.05031638  0.00806252  0.05583223 -0.01232294 -0.0008998 ]
[ 0.01897934  0.05145346  0.00852424  0.05777585 -0.01292153 -0.00086099]
[ 0.01933604  0.0525979   0.00900583  0.05987206 -0.01357148 -0.00082561]
[ 0.01969477  0.05374808  0.00950942  0.0621306  -0.01427699 -0.00079379]
[ 0.02005473  0.05490233  0.01003731  0.06456225 -0.01504265 -0.00076565]
[ 0.02041507  0.05605888  0.01059198  0.06717882 -0.01587351 -0.00074134]
[ 0.02077487  0.05721587  0.01117611  0.06999328 -0.01677509 -0.00072105]
[ 0.02113317  0.05837129  0.01179259  0.07301973 -0.01775338 -0.00070496]
[ 0.02148894  0.05952302  0.01244455  0.07627354 -0.01881494 -0.00069327]
[ 0.02184103  0.06066872  0.01313533  0.07977131 -0.01996687 -0.00068621]
[ 0.02218822  0.06180588  0.01386857  0.08353096 -0.02121684 -0.00068403]
[ 0.02252917  0.06293177  0.01464813  0.08757174 -0.02257316 -0.00068699]
[ 0.02286242  0.06404337  0.01547817  0.09191418 -0.02404473 -0.00069537]
[ 0.02318637  0.06513742  0.01636312  0.09658015 -0.02564111 -0.00070948]
[ 0.02349927  0.0662103   0.01730766  0.10159272 -0.02737244 -0.00072964]
[ 0.02379921  0.06725809  0.01831678  0.10697614 -0.02924952 -0.00075617]
[ 0.02408409  0.06827649  0.01939566  0.11275565 -0.03128367 -0.00078943]
[ 0.02435164  0.0692608   0.02054976  0.1189573  -0.03348675 -0.00082978]
[ 0.0245994   0.07020593  0.02178467  0.12560767 -0.03587105 -0.00087757]
[ 0.0248247   0.07110634  0.02310614  0.13273356 -0.03844914 -0.00093318]
[ 0.02502469  0.07195609  0.02451997  0.14036153 -0.04123378 -0.00099696]
[ 0.02519629  0.0727488   0.02603193  0.1485174  -0.04423767 -0.00106928]
[ 0.02533628  0.07347769  0.02764766  0.1572256  -0.04747326 -0.00115046]
[ 0.02544126  0.07413563  0.02937253  0.16650845 -0.05095241 -0.00124081]
[ 0.02550768  0.07471516  0.03121149  0.17638531 -0.0546861  -0.00134059]
[ 0.02553191  0.07520858  0.03316888  0.18687163 -0.05868404 -0.00145002]
[ 0.02551029  0.07560807  0.03524828  0.19797795 -0.0629542  -0.00156925]
[ 0.02543916  0.07590579  0.03745225  0.20970878 -0.0675024  -0.00169834]
[ 0.02531496  0.07609407  0.03978214  0.22206153 -0.07233179 -0.00183729]
[ 0.02513433  0.07616554  0.04223786  0.23502538 -0.07744235 -0.00198595]
[ 0.02489416  0.07611337  0.04481767  0.2485803  -0.08283043 -0.00214411]
[ 0.02459176  0.07593148  0.04751795  0.26269618 -0.08848828 -0.00231138]
[ 0.02422492  0.07561476  0.0503331   0.2773322  -0.09440373 -0.00248729]
[ 0.02379205  0.07515932  0.05325537  0.29243649 -0.10055993 -0.00267119]
[ 0.02329226  0.07456266  0.05627488  0.30794617 -0.1069352  -0.00286233]
[ 0.02272543  0.07382392  0.05937958  0.32378775 -0.11350313 -0.00305981]
[ 0.02209234  0.07294397  0.06255541  0.33987812 -0.12023278 -0.00326266]
[ 0.02139463  0.07192556  0.06578649  0.35612586 -0.12708917 -0.00346976]
[ 0.02063485  0.0707733   0.06905541  0.37243307 -0.13403387 -0.00367998]
[ 0.01981646  0.06949364  0.07234362  0.38869759 -0.14102586 -0.00389211]
[ 0.0189437   0.06809479  0.07563187  0.40481544 -0.14802246 -0.00410495]
[ 0.01802153  0.06658646  0.07890066  0.42068346 -0.1549804  -0.00431733]
[ 0.01705551  0.06497967  0.08213077  0.43620198 -0.16185693 -0.00452812]
[ 0.01605163  0.06328642  0.08530374  0.45127731 -0.16861087 -0.0047363 ]
[ 0.01501616  0.06151937  0.08840234  0.465824   -0.17520368 -0.00494094]
[ 0.01395547  0.05969148  0.09141093  0.47976673 -0.18160027 -0.00514127]
[ 0.01287587  0.05781568  0.0943158   0.49304167 -0.18776975 -0.00533666]
[ 0.01178345  0.0559045   0.0971054   0.50559738 -0.19368592 -0.00552662]
[ 0.01068395  0.05396988  0.09977043  0.5173952  -0.19932756 -0.00571085]
[ 0.00958264  0.05202283  0.10230394  0.52840906 -0.20467852 -0.00588919]
[ 0.00848426  0.05007334  0.10470121  0.53862494 -0.20972764 -0.00606162]
[ 0.00739296  0.04813019  0.10695966  0.54803997 -0.21446846 -0.00622826]
[ 0.00631226  0.04620092  0.10907868  0.55666117 -0.21889883 -0.00638933]
[ 0.00524506  0.04429183  0.11105938  0.56450417 -0.22302045 -0.00654517]
[ 0.00419366  0.04240798  0.11290435  0.57159168 -0.22683832 -0.00669616]
[ 0.00315979  0.04055326  0.11461743  0.5779521  -0.23036015 -0.00684277]
[ 0.00214466  0.03873051  0.1162034   0.5836181  -0.23359587 -0.00698549]
[ 0.00114902  0.03694157  0.11766781  0.58862533 -0.23655703 -0.00712483]
[ 1.73230127e-04  3.51874721e-02  1.19016699e-01  5.93011262e-01 -2.39256373e-01 -7.26132593e-03]
[-0.00078271  0.03346852  0.12025645  0.5968142  -0.24170737 -0.00739548]
[-0.00171908  0.0317844   0.12139357  0.60007245 -0.24392386 -0.00752781]
[-0.00263638  0.03013433  0.12243461  0.60282362 -0.24591974 -0.00765879]
[-0.00353528  0.02851713  0.12338599  0.60510408 -0.24770873 -0.00778888]
[-0.00441659  0.02693136  0.12425396  0.60694864 -0.24930412 -0.00791848]
[-0.00528121  0.02537536  0.12504449  0.60839018 -0.2507187  -0.00804799]
[-0.00613009  0.02384732  0.12576329  0.60945953 -0.2519646  -0.00817776]
[-0.00696421  0.02234538  0.12641569  0.61018537 -0.25305325 -0.00830808]
[-0.00778456  0.02086765  0.1270067   0.6105942  -0.25399532 -0.00843924]
[-0.0085921   0.01941226  0.12754097  0.61071038 -0.25480071 -0.00857147]
[-0.00938777  0.01797738  0.1280228   0.61055618 -0.2554786  -0.00870498]
[-0.01017249  0.01656124  0.12845614  0.61015189 -0.25603741 -0.00883994]
[-0.01094711  0.01516219  0.12884463  0.60951596 -0.25648486 -0.00897649]
[-0.01171244  0.01377864  0.12919159  0.60866508 -0.25682801 -0.00911475]
[-0.01246922  0.01240912  0.12950006  0.60761436 -0.25707331 -0.0092548 ]
[-0.01321817  0.01105228  0.12977282  0.60637742 -0.25722662 -0.00939671]
[-0.01395991  0.00970685  0.13001239  0.60496657 -0.25729328 -0.00954053]
[-0.01469505  0.00837168  0.13022109  0.60339292 -0.25727815 -0.0096863 ]
[-0.01542412  0.00704573  0.13040101  0.6016665  -0.25718565 -0.00983401]
[-0.01614762  0.00572805  0.13055408  0.59979635 -0.25701981 -0.00998368]
[-0.01686599  0.00441777  0.13068207  0.59779066 -0.25678431 -0.01013529]
[-0.01757963  0.00311413  0.13078657  0.59565686 -0.25648249 -0.01028881]
[-0.01828892  0.00181642  0.13086908  0.59340169 -0.25611742 -0.01044421]
[-1.89941818e-02  5.24022637e-04  1.30930952e-01  5.91031287e-01 -2.55691924e-01 -1.06014598e-02]
[-0.01969571 -0.00076363  0.13097346  0.58855124 -0.25520858 -0.0107605 ]
[-0.02039378 -0.00204703  0.13099777  0.58596668 -0.25466978 -0.01092129]
[-0.02108863 -0.00332664  0.13100497  0.58328231 -0.25407772 -0.01108376]
[-0.02178047 -0.00460286  0.13099609  0.58050246 -0.25343445 -0.01124786]
[-0.02246952 -0.00587605  0.13097207  0.57763113 -0.25274186 -0.01141352]
[-0.02315593 -0.00714653  0.13093384  0.57467202 -0.25200173 -0.01158069]
[-0.02383989 -0.00841461  0.13088224  0.57162859 -0.25121571 -0.01174929]
[-0.02452153 -0.00968056  0.13081808  0.56850401 -0.25038535 -0.01191927]
[-0.025201   -0.01094461  0.13074215  0.56530129 -0.2495121  -0.01209055]
[-0.02587841 -0.01220702  0.1306552   0.56202319 -0.24859732 -0.01226307]
[-0.02655389 -0.01346798  0.13055795  0.55867233 -0.2476423  -0.01243678]
[-0.02722754 -0.0147277   0.1304511   0.55525113 -0.24664824 -0.01261159]
[-0.02789947 -0.01598638  0.13033534  0.55176186 -0.24561628 -0.01278747]
[-0.02856976 -0.01724421  0.13021133  0.54820664 -0.2445475  -0.01296434]
[-0.02923851 -0.01850137  0.13007974  0.54458742 -0.2434429  -0.01314215]
[-0.02990581 -0.01975805  0.12994121  0.54090602 -0.24230341 -0.01332085]
[-0.03057173 -0.02101444  0.1297964   0.53716413 -0.24112993 -0.01350038]
[-0.03123636 -0.02227073  0.12964594  0.53336326 -0.23992327 -0.0136807 ]
[-0.03189977 -0.02352711  0.12949048  0.52950479 -0.23868419 -0.01386177]
[-0.03256203 -0.0247838   0.12933068  0.52558995 -0.2374134  -0.01404354]
[-0.03322323 -0.026041    0.12916719  0.52161981 -0.23611152 -0.01422597]
[-0.03388343 -0.02729894  0.12900067  0.51759529 -0.23477913 -0.01440903]
[-0.03454269 -0.02855787  0.1288318   0.51351711 -0.23341673 -0.01459269]
[-0.03520107 -0.02981803  0.12866128  0.50938584 -0.23202476 -0.01477693]
[-0.03585865 -0.0310797   0.12848981  0.50520184 -0.23060359 -0.01496172]
[-0.03651548 -0.03234315  0.12831812  0.50096527 -0.22915349 -0.01514704]
[-0.0371716  -0.03360869  0.12814697  0.49667609 -0.22767468 -0.01533288]
[-0.03782707 -0.03487665  0.12797713  0.49233401 -0.22616728 -0.01551923]
[-0.03848191 -0.03614735  0.1278094   0.48793851 -0.22463131 -0.01570609]
[-0.03913617 -0.03742116  0.12764462  0.48348879 -0.22306672 -0.01589344]
[-0.03978984 -0.03869845  0.12748366  0.47898379 -0.22147334 -0.01608128]
[-0.04044294 -0.03997961  0.1273274   0.47442215 -0.21985088 -0.01626962]
[-0.04109544 -0.04126503  0.12717677  0.46980219 -0.21819897 -0.01645846]
[-0.04174731 -0.04255514  0.12703274  0.4651219  -0.21651709 -0.01664779]
[-0.04239847 -0.04385034  0.1268963   0.46037892 -0.21480461 -0.01683762]
[-0.04304884 -0.04515106  0.12676846  0.45557051 -0.21306075 -0.01702794]
[-0.04369826 -0.0464577   0.12665027  0.45069358 -0.21128459 -0.01721874]
[-0.04434657 -0.04777067  0.12654281  0.44574462 -0.20947509 -0.01741001]
[-0.04499352 -0.04909034  0.12644717  0.44071973 -0.20763103 -0.01760171]
[-0.04563883 -0.05041704  0.12636444  0.43561459 -0.20575104 -0.0177938 ]
[-0.04628214 -0.05175106  0.12629572  0.43042449 -0.20383363 -0.01798623]
[-0.046923   -0.05309262  0.12624209  0.4251443  -0.2018771  -0.01817891]
[-0.04756088 -0.05444184  0.12620459  0.41976854 -0.19987965 -0.01837174]
[-0.04819516 -0.05579875  0.12618423  0.41429135 -0.1978393  -0.01856457]
[-0.04882507 -0.05716322  0.12618194  0.40870658 -0.19575396 -0.01875723]
[-0.04944974 -0.05853497  0.12619854  0.40300781 -0.19362142 -0.01894949]
[-0.05006817 -0.05991353  0.12623474  0.39718846 -0.19143936 -0.01914108]
[-0.05067917 -0.0612982   0.12629109  0.39124185 -0.18920541 -0.01933168]
[-0.05128142 -0.06268801  0.12636791  0.38516132 -0.18691717 -0.01952087]
[-0.0518734  -0.06408169  0.1264653   0.3789404  -0.18457224 -0.01970818]
[-0.05245342 -0.06547764  0.12658308  0.37257293 -0.18216829 -0.01989307]
[-0.0530196  -0.06687386  0.1267207   0.36605326 -0.17970313 -0.02007488]
[-0.05356986 -0.06826797  0.12687727  0.35937649 -0.17717475 -0.02025289]
[-0.05410192 -0.06965714  0.12705143  0.35253866 -0.17458143 -0.02042625]
[-0.05461335 -0.07103804  0.12724135  0.34553703 -0.17192179 -0.02059403]
[-0.0551015  -0.0724069   0.12744468  0.33837032 -0.16919493 -0.02075518]
[-0.05556362 -0.07375942  0.1276585   0.33103903 -0.16640048 -0.02090858]
[-0.0559968  -0.07509082  0.12787931  0.32354565 -0.16353874 -0.02105298]
[-0.05639809 -0.07639586  0.12810301  0.31589496 -0.16061072 -0.02118706]
[-0.05676446 -0.07766887  0.12832488  0.30809423 -0.15761828 -0.02130945]
[-0.05709295 -0.07890379  0.12853963  0.30015343 -0.15456419 -0.02141868]
[-0.05738063 -0.08009427  0.12874143  0.29208532 -0.15145217 -0.02151329]
[-0.05762475 -0.08123378  0.12892395  0.28390554 -0.14828693 -0.02159181]
[-0.05782278 -0.08231567  0.12908047  0.27563258 -0.1450742  -0.02165276]
[-0.05797248 -0.08333336  0.12920399  0.26728762 -0.14182067 -0.02169475]
[-0.05807195 -0.08428046  0.12928732  0.25889436 -0.13853397 -0.02171648]
[-0.05811975 -0.08515089  0.12932327  0.25047865 -0.13522254 -0.02171676]
[-0.05811491 -0.08593908  0.12930475  0.24206811 -0.13189555 -0.02169456]
[-0.05805698 -0.08664008  0.12922499  0.23369158 -0.12856267 -0.02164903]
[-0.05794608 -0.08724968  0.12907763  0.22537862 -0.12523396 -0.02157956]
[-0.05778288 -0.08776456  0.12885692  0.21715883 -0.12191964 -0.02148572]
[-0.05756863 -0.08818233  0.12855783  0.20906127 -0.11862986 -0.02136737]
[-0.0573051  -0.08850164  0.12817618  0.20111383 -0.11537453 -0.02122459]
[-0.05699458 -0.08872212  0.12770868  0.19334265 -0.11216306 -0.02105772]
[-0.05663979 -0.08884446  0.12715303  0.18577163 -0.10900423 -0.02086731]
[-0.05624381 -0.08887031  0.12650791  0.17842196 -0.10590601 -0.02065414]
[-0.05581005 -0.08880223  0.12577299  0.17131185 -0.10287542 -0.02041919]
[-0.05534211 -0.0886436   0.12494888  0.16445627 -0.09991847 -0.02016359]
[-0.05484374 -0.08839851  0.12403706  0.15786688 -0.09704005 -0.01988861]
[-0.05431875 -0.08807163  0.12303982  0.15155197 -0.09424399 -0.01959562]
[-0.05377093 -0.08766809  0.12196012  0.14551661 -0.09153297 -0.01928605]
[-0.05320397 -0.08719333  0.12080152  0.1397628  -0.08890868 -0.01896139]
[-0.05262145 -0.08665301  0.11956804  0.13428969 -0.08637178 -0.01862311]
[-0.05202673 -0.08605287  0.11826405  0.12909393 -0.08392205 -0.01827269]
[-0.05142296 -0.08539863  0.11689417  0.12416992 -0.08155847 -0.01791155]
[-0.05081305 -0.08469592  0.11546316  0.11951018 -0.07927932 -0.01754106]
[-0.05019963 -0.08395016  0.11397583  0.11510568 -0.0770823  -0.01716252]
[-0.04958507 -0.08316655  0.11243697  0.11094617 -0.07496463 -0.01677714]
[-0.04897144 -0.08234999  0.11085126  0.10702049 -0.07292316 -0.01638605]
[-0.04836057 -0.08150508  0.10922326  0.10331683 -0.07095445 -0.01599028]
[-0.04775402 -0.08063606  0.10755729  0.09982301 -0.06905488 -0.01559076]
[-0.04715313 -0.07974683  0.1058575   0.09652668 -0.0672207  -0.01518833]
[-0.04655898 -0.07884094  0.10412775  0.0934155  -0.06544813 -0.01478374]
[-0.04597249 -0.07792161  0.10237167  0.09047732 -0.06373337 -0.01437766]
[-0.04539436 -0.0769917   0.10059261  0.08770028 -0.06207269 -0.01397066]
[-0.04482514 -0.07605378  0.09879366  0.08507295 -0.06046247 -0.01356324]
[-0.04426523 -0.07511013  0.09697766  0.08258434 -0.05889918 -0.01315584]
[-0.04371492 -0.07416273  0.09514719  0.08022399 -0.05737945 -0.01274881]
[-0.04317437 -0.07321333  0.09330458  0.07798203 -0.05590008 -0.01234248]
[-0.04264365 -0.07226343  0.09145196  0.07584914 -0.054458   -0.01193709]
[-0.04212277 -0.07131435  0.08959123  0.07381661 -0.05305037 -0.01153286]
[-0.04161166 -0.0703672   0.0877241   0.07187631 -0.05167449 -0.01112996]
[-0.0411102  -0.06942294  0.0858521   0.07002066 -0.05032784 -0.01072852]
[-0.04061822 -0.06848236  0.08397662  0.06824266 -0.0490081  -0.01032864]
[-0.04013554 -0.06754614  0.08209886  0.06653583 -0.04771308 -0.00993041]
[-0.03966194 -0.06661485  0.08021992  0.06489422 -0.04644078 -0.00953388]
[-0.03919717 -0.06568895  0.07834076  0.06331233 -0.04518935 -0.00913908]
[-0.038741   -0.06476882  0.07646225  0.06178513 -0.04395707 -0.00874604]
[-0.03829316 -0.06385476  0.07458516  0.06030801 -0.04274239 -0.00835475]
[-0.0378534  -0.06294702  0.07271018  0.05887675 -0.04154385 -0.00796522]
[-0.03742147 -0.0620458   0.07083791  0.05748751 -0.04036014 -0.00757742]
[-0.03699711 -0.06115126  0.06896892  0.05613677 -0.03919005 -0.00719135]
[-0.03658008 -0.06026351  0.06710369  0.05482134 -0.03803249 -0.00680697]
[-0.03617015 -0.05938264  0.0652427   0.05353833 -0.03688645 -0.00642425]
[-0.03576709 -0.05850873  0.06338634  0.05228508 -0.03575101 -0.00604316]
[-0.0353707  -0.05764183  0.06153502  0.05105922 -0.03462535 -0.00566367]
[-0.03498078 -0.05678199  0.05968908  0.04985856 -0.03350872 -0.00528573]
[-0.03459714 -0.05592926  0.05784887  0.04868116 -0.03240043 -0.00490931]
[-0.03421961 -0.05508366  0.05601473  0.04752524 -0.03129986 -0.00453438]
[-0.03384805 -0.05424524  0.05418697  0.0463892  -0.03020646 -0.0041609 ]
[-0.03348233 -0.05341404  0.0523659   0.04527162 -0.02911973 -0.00378884]
[-0.03312231 -0.05259012  0.05055186  0.0441712  -0.02803922 -0.00341816]
[-0.03276791 -0.05177354  0.04874515  0.04308678 -0.02696452 -0.00304884]
[-0.03241904 -0.05096437  0.04694611  0.04201734 -0.02589529 -0.00268085]
[-0.03207563 -0.0501627   0.04515509  0.04096196 -0.02483119 -0.00231417]
[-0.03173764 -0.04936864  0.04337244  0.03991982 -0.02377195 -0.00194877]
[-0.03140504 -0.04858233  0.04159855  0.03889022 -0.02271733 -0.00158464]
[-0.03107782 -0.0478039   0.03983381  0.03787252 -0.02166712 -0.00122177]
[-0.030756   -0.04703354  0.03807867  0.0368662  -0.02062114 -0.00086013]
[-0.0304396  -0.04627143  0.03633357  0.03587079 -0.01957923 -0.00049974]
[-0.03012868 -0.04551782  0.03459902  0.0348859  -0.01854128 -0.00014058]
[-0.02982332 -0.04477296  0.03287555  0.03391122 -0.01750718  0.00021735]
[-0.02952362 -0.04403715  0.03116374  0.03294651 -0.01647689  0.00057403]
[-0.02922969 -0.0433107   0.02946422  0.03199157 -0.01545033  0.00092946]
[-0.02894168 -0.042594    0.02777767  0.03104628 -0.01442751  0.00128362]
[-0.02865978 -0.04188745  0.02610483  0.03011058 -0.01340842  0.00163649]
[-0.02838418 -0.04119151  0.02444649  0.02918447 -0.0123931   0.00198804]
[-0.02811511 -0.04050668  0.02280352  0.02826799 -0.01138159  0.00233824]
[-0.02785284 -0.03983353  0.02117687  0.02736126 -0.01037399  0.00268705]
[-0.02759767 -0.03917267  0.01956758  0.02646444 -0.00937038  0.00303443]
[-0.02734992 -0.03852479  0.01797675  0.02557775 -0.0083709   0.00338032]
[-0.02710997 -0.03789062  0.0164056   0.02470148 -0.00737571  0.00372466]
