[-0.28074976 -0.46502667  0.18261843 -2.28338778  2.08291057 -0.0162542 ]
[-0.28084596 -0.46506591  0.18390804 -2.28297019  2.08260109 -0.01647939]
[-0.28094185 -0.46510658  0.18519502 -2.28253037  2.08230562 -0.01670185]
[-0.28103717 -0.46514843  0.18648222 -2.28207208  2.08202377 -0.01692145]
[-0.2811317  -0.46519127  0.1877724  -2.28159885  2.08175525 -0.01713803]
[-0.2812252  -0.46523489  0.18906831 -2.28111402  2.08149986 -0.01735143]
[-0.28131744 -0.46527911  0.19037272 -2.28062077  2.08125752 -0.01756148]
[-0.28140818 -0.46532374  0.19168846 -2.28012219  2.08102827 -0.01776799]
[-0.28149715 -0.46536863  0.19301847 -2.27962129  2.08081226 -0.01797075]
[-0.28158408 -0.46541358  0.19436585 -2.27912108  2.08060976 -0.01816952]
[-0.28166869 -0.46545843  0.19573389 -2.27862458  2.08042119 -0.01836405]
[-0.28175067 -0.46550301  0.19712614 -2.27813489  2.08024706 -0.01855405]
[-0.28182966 -0.46554714  0.19854643 -2.27765523  2.08008807 -0.01873918]
[-0.28190531 -0.46559063  0.19999897 -2.27718896  2.07994501 -0.01891911]
[-0.28197719 -0.46563328  0.20148832 -2.27673966  2.07981884 -0.01909343]
[-0.28204488 -0.46567489  0.20301952 -2.27631117  2.07971066 -0.01926173]
[-0.28210788 -0.46571523  0.20459808 -2.27590758  2.07962173 -0.01942355]
[-0.28216566 -0.46575406  0.20623001 -2.27553332  2.07955342 -0.01957841]
[-0.28221767 -0.46579114  0.2079219  -2.27519319  2.07950728 -0.01972581]
[-0.28226328 -0.46582617  0.20968084 -2.27489234  2.07948494 -0.01986521]
[-0.28230185 -0.46585888  0.21151448 -2.27463627  2.07948815 -0.01999611]
[-0.28233271 -0.46588894  0.21343096 -2.27443087  2.07951872 -0.02011798]
[-0.28235515 -0.46591603  0.21543877 -2.27428231  2.0795785  -0.02023037]
[-0.28236849 -0.46593982  0.21754667 -2.27419699  2.07966926 -0.02033287]
[-0.28237203 -0.46595995  0.21976345 -2.27418143  2.07979268 -0.02042515]
[-0.28236514 -0.4659761   0.22209767 -2.27424205  2.07995023 -0.02050703]
[-0.28234728 -0.46598794  0.22455727 -2.274385    2.08014303 -0.02057853]
[-0.28231801 -0.46599519  0.22714915 -2.27461581  2.08037175 -0.02063987]
[-0.28227707 -0.46599761  0.22987869 -2.27493912  2.08063646 -0.02069152]
[-0.28222441 -0.46599503  0.23274915 -2.27535823  2.0809365  -0.02073432]
[-0.28216024 -0.46598736  0.23576113 -2.27587475  2.08127034 -0.02076939]
[-0.28208508 -0.46597465  0.23891205 -2.27648823  2.08163548 -0.02079827]
[-0.28199978 -0.46595706  0.2421957  -2.27719576  2.08202841 -0.02082281]
[-0.28190553 -0.46593487  0.24560201 -2.27799182  2.08244461 -0.02084521]
[-0.28180384 -0.46590852  0.24911704 -2.27886819  2.08287867 -0.02086792]
[-0.28169652 -0.46587859  0.25272322 -2.27981405  2.0833244  -0.02089355]
[-0.28158558 -0.46584575  0.25639998 -2.28081637  2.08377514 -0.02092474]
[-0.2814732  -0.46581078  0.26012454 -2.28186035  2.08422407 -0.02096407]
[-0.28136155 -0.4657745   0.26387305 -2.28293018  2.0846645  -0.02101386]
[-0.28125274 -0.46573772  0.26762171 -2.28400982  2.0850903  -0.0210761 ]
[-0.28114869 -0.46570123  0.27134798 -2.28508378  2.08549612 -0.02115228]
[-0.28105103 -0.46566575  0.27503159 -2.28613785  2.08587769 -0.02124341]
[-0.28096106 -0.46563187  0.27865538 -2.28715972  2.08623196 -0.02134992]
[-0.28087974 -0.46560009  0.28220573 -2.28813937  2.0865571  -0.02147171]
[-0.28080762 -0.46557073  0.28567282 -2.28906926  2.08685252 -0.02160818]
[-0.28074492 -0.46554401  0.28905053 -2.28994435  2.0871187  -0.0217583 ]
[-0.28069155 -0.46552     0.29233605 -2.29076192  2.08735705 -0.02192074]
[-0.28064716 -0.46549867  0.29552943 -2.29152127  2.08756966 -0.02209387]
[-0.28061121 -0.46547989  0.29863301 -2.2922234   2.08775916 -0.02227595]
[-0.28058303 -0.46546345  0.30165076 -2.29287059  2.08792846 -0.02246513]
[-0.28056185 -0.46544912  0.30458778 -2.29346602  2.0880806  -0.02265955]
[-0.28054689 -0.46543661  0.30744973 -2.29401347  2.08821862 -0.02285737]
[-0.28053734 -0.4654256   0.31024246 -2.294517    2.08834544 -0.02305683]
[-0.28053245 -0.4654158   0.31297167 -2.29498071  2.08846376 -0.02325624]
[-0.28053149 -0.46540689  0.31564265 -2.29540859  2.08857608 -0.02345402]
[-0.28053379 -0.46539858  0.31826017 -2.2958044   2.08868457 -0.02364872]
[-0.28053876 -0.46539058  0.32082834 -2.29617156  2.08879114 -0.02383896]
[-0.28054587 -0.46538263  0.32335062 -2.29651315  2.08889744 -0.02402351]
[-0.28055466 -0.46537449  0.32582981 -2.29683186  2.08900481 -0.0242012 ]
[-0.28056472 -0.46536592  0.32826807 -2.29713002  2.08911437 -0.024371  ]
[-0.28057571 -0.46535672  0.33066699 -2.29740963  2.08922702 -0.02453194]
[-0.28058731 -0.4653467   0.33302767 -2.29767235  2.08934343 -0.02468315]
[-0.28059929 -0.46533567  0.33535079 -2.29791961  2.08946412 -0.02482387]
[-0.28061143 -0.46532348  0.33763666 -2.29815257  2.08958944 -0.02495339]
[-0.28062353 -0.46530998  0.33988531 -2.29837219  2.08971962 -0.02507109]
[-0.28063546 -0.46529504  0.34209657 -2.29857929  2.08985476 -0.02517643]
[-0.28064707 -0.46527854  0.34427013 -2.29877454  2.08999488 -0.02526896]
[-0.28065826 -0.46526037  0.34640556 -2.29895851  2.09013991 -0.02534831]
[-0.28066893 -0.46524043  0.34850243 -2.2991317   2.09028974 -0.02541416]
[-0.28067901 -0.46521863  0.35056026 -2.29929456  2.09044417 -0.0254663 ]
[-0.28068841 -0.4651949   0.35257865 -2.29944747  2.09060298 -0.02550458]
[-0.28069709 -0.46516918  0.35455722 -2.29959081  2.09076593 -0.02552894]
[-0.28070498 -0.46514139  0.3564957  -2.29972494  2.09093271 -0.02553939]
[-0.28071206 -0.46511151  0.35839393 -2.29985022  2.09110305 -0.02553602]
[-0.28071828 -0.46507948  0.36025184 -2.29996699  2.09127662 -0.02551897]
[-0.28072361 -0.4650453   0.36206949 -2.30007562  2.09145311 -0.02548849]
[-0.28072802 -0.46500893  0.36384707 -2.30017645  2.0916322  -0.02544486]
[-0.28073149 -0.46497037  0.3655849  -2.30026987  2.09181358 -0.02538844]
[-0.28073402 -0.46492963  0.36728341 -2.30035624  2.09199693 -0.02531965]
[-0.28073558 -0.46488671  0.36894316 -2.30043595  2.09218196 -0.02523895]
[-0.28073616 -0.46484164  0.37056483 -2.30050938  2.09236836 -0.02514688]
[-0.28073577 -0.46479444  0.37214919 -2.30057692  2.09255586 -0.02504399]
[-0.28073441 -0.46474516  0.37369711 -2.30063896  2.09274418 -0.02493089]
[-0.28073207 -0.46469383  0.37520955 -2.3006959   2.09293309 -0.02480821]
[-0.28072876 -0.46464052  0.37668756 -2.30074812  2.09312233 -0.02467662]
[-0.28072449 -0.46458527  0.37813223 -2.30079601  2.0933117  -0.0245368 ]
[-0.28071928 -0.46452817  0.37954473 -2.30083993  2.09350097 -0.02438947]
[-0.28071314 -0.46446927  0.38092624 -2.30088026  2.09368998 -0.02423532]
[-0.28070609 -0.46440866  0.382278   -2.30091735  2.09387854 -0.0240751 ]
[-0.28069815 -0.46434641  0.38360127 -2.30095156  2.09406651 -0.02390951]
[-0.28068933 -0.46428262  0.38489733 -2.3009832   2.09425373 -0.02373929]
[-0.28067967 -0.46421738  0.38616743 -2.3010126   2.0944401  -0.02356515]
[-0.28066919 -0.46415078  0.38741286 -2.30104006  2.09462549 -0.02338779]
[-0.28065792 -0.46408291  0.38863488 -2.30106587  2.09480981 -0.02320792]
[-0.28064588 -0.46401387  0.38983471 -2.3010903   2.09499299 -0.0230262 ]
[-0.28063311 -0.46394378  0.39101359 -2.3011136   2.09517493 -0.0228433 ]
[-0.28061964 -0.46387272  0.3921727  -2.301136    2.0953556  -0.02265986]
[-0.2806055  -0.4638008   0.39331319 -2.30115774  2.09553492 -0.0224765 ]
[-0.28059072 -0.46372813  0.39443618 -2.301179    2.09571287 -0.0222938 ]
[-0.28057534 -0.46365481  0.39554274 -2.30119999  2.0958894  -0.02211233]
[-0.28055939 -0.46358095  0.39663391 -2.30122087  2.09606449 -0.02193265]
[-0.2805429  -0.46350664  0.39771067 -2.3012418   2.09623812 -0.02175525]
[-0.28052591 -0.463432    0.39877396 -2.30126292  2.09641026 -0.02158064]
[-0.28050845 -0.46335713  0.39982468 -2.30128436  2.09658091 -0.02140927]
[-0.28049056 -0.46328213  0.40086367 -2.30130623  2.09675005 -0.02124158]
[-0.28047226 -0.46320711  0.40189172 -2.30132863  2.09691769 -0.02107798]
[-0.28045361 -0.46313216  0.40290958 -2.30135166  2.09708381 -0.02091885]
[-0.28043462 -0.46305739  0.40391796 -2.30137539  2.09724841 -0.02076455]
[-0.28041534 -0.46298289  0.40491752 -2.30139988  2.09741149 -0.02061541]
[-0.28039579 -0.46290876  0.40590886 -2.3014252   2.09757305 -0.02047174]
[-0.28037601 -0.4628351   0.40689255 -2.30145139  2.09773309 -0.02033381]
[-0.28035604 -0.462762    0.40786913 -2.3014785   2.0978916  -0.0202019 ]
[-0.2803359  -0.46268956  0.40883907 -2.30150654  2.09804858 -0.02007624]
[-0.28031563 -0.46261786  0.40980282 -2.30153555  2.09820403 -0.01995704]
[-0.28029526 -0.462547    0.41076079 -2.30156554  2.09835795 -0.01984451]
[-0.28027482 -0.46247707  0.41171336 -2.30159652  2.09851032 -0.01973882]
[-0.28025435 -0.46240814  0.41266086 -2.3016285   2.09866114 -0.01964013]
[-0.28023386 -0.46234031  0.41360362 -2.30166147  2.09881039 -0.01954858]
[-0.2802134  -0.46227367  0.4145419  -2.30169544  2.09895806 -0.01946429]
[-0.28019299 -0.46220828  0.41547596 -2.30173039  2.09910415 -0.01938738]
[-0.28017266 -0.46214423  0.41640603 -2.3017663   2.09924862 -0.01931793]
[-0.28015244 -0.4620816   0.4173323  -2.30180317  2.09939146 -0.01925602]
[-0.28013236 -0.46202047  0.41825495 -2.30184098  2.09953266 -0.01920172]
[-0.28011244 -0.46196091  0.41917414 -2.30187969  2.09967218 -0.01915508]
[-0.28009272 -0.46190299  0.42009    -2.3019193   2.09981    -0.01911613]
[-0.28007321 -0.46184678  0.42100266 -2.30195976  2.09994609 -0.01908489]
[-0.28005395 -0.46179236  0.4219122  -2.30200106  2.10008043 -0.01906139]
[-0.28003497 -0.46173979  0.42281873 -2.30204317  2.10021297 -0.01904563]
[-0.28001627 -0.46168913  0.4237223  -2.30208605  2.1003437  -0.01903759]
[-0.2799979  -0.46164046  0.42462298 -2.30212967  2.10047256 -0.01903726]
[-0.27997987 -0.46159383  0.4255208  -2.302174    2.10059953 -0.01904462]
[-0.27996221 -0.4615493   0.42641581 -2.30221901  2.10072457 -0.01905962]
[-0.27994494 -0.46150693  0.42730802 -2.30226466  2.10084763 -0.01908222]
[-0.27992808 -0.46146677  0.42819746 -2.30231093  2.10096867 -0.01911236]
[-0.27991166 -0.46142889  0.42908413 -2.30235777  2.10108767 -0.01914998]
[-0.27989569 -0.46139332  0.42996803 -2.30240514  2.10120456 -0.01919502]
[-0.2798802  -0.46136013  0.43084915 -2.30245303  2.10131931 -0.01924739]
[-0.2798652  -0.46132935  0.43172749 -2.30250139  2.10143188 -0.019307  ]
[-0.27985072 -0.46130103  0.43260302 -2.30255018  2.10154222 -0.01937376]
[-0.27983678 -0.46127521  0.43347573 -2.30259938  2.10165028 -0.01944757]
[-0.27982338 -0.46125194  0.43434559 -2.30264895  2.10175603 -0.01952832]
[-0.27981056 -0.46123124  0.43521258 -2.30269886  2.10185942 -0.01961589]
[-0.27979832 -0.46121316  0.43607667 -2.30274907  2.10196041 -0.01971016]
[-0.27978668 -0.46119772  0.43693783 -2.30279955  2.10205895 -0.019811  ]
[-0.27977565 -0.46118495  0.43779603 -2.30285027  2.10215501 -0.01991827]
[-0.27976526 -0.46117488  0.43865124 -2.3029012   2.10224854 -0.02003184]
[-0.27975551 -0.46116752  0.43950343 -2.3029523   2.1023395  -0.02015154]
[-0.27974641 -0.4611629   0.44035257 -2.30300355  2.10242786 -0.02027723]
[-0.27973798 -0.46116103  0.44119863 -2.30305492  2.10251358 -0.02040874]
[-0.27973023 -0.46116193  0.44204158 -2.30310638  2.10259662 -0.02054591]
