[ 0.77689966 -1.21192303  1.98210851 -2.29111951 -1.5594775  -2.45243911]
[ 0.77683171 -1.2133745   1.98047959 -2.28748235 -1.55936346 -2.45236153]
[ 0.77676353 -1.21483898  1.97884595 -2.28383121 -1.55924713 -2.45228491]
[ 0.77669511 -1.21631844  1.97720683 -2.28016404 -1.55912822 -2.4522094 ]
[ 0.77662644 -1.21781517  1.97556128 -2.27647836 -1.55900643 -2.45213514]
[ 0.77655751 -1.21933189  1.97390817 -2.27277125 -1.55888139 -2.45206235]
[ 0.77648834 -1.22087179  1.97224613 -2.26903925 -1.5587527  -2.45199123]
[ 0.77641893 -1.2224386   1.97057353 -2.26527828 -1.55861991 -2.45192205]
[ 0.7763493  -1.22403672  1.96888839 -2.26148352 -1.55848251 -2.4518551 ]
[ 0.77627948 -1.22567128  1.96718837 -2.25764928 -1.55833993 -2.45179073]
[ 0.77620951 -1.22734831  1.96547065 -2.25376888 -1.55819154 -2.45172932]
[ 0.77613946 -1.2290748   1.96373188 -2.24983448 -1.55803665 -2.45167134]
[ 0.77606943 -1.23085893  1.96196807 -2.24583689 -1.55787449 -2.4516173 ]
[ 0.77599954 -1.23271015  1.96017449 -2.2417654  -1.55770423 -2.45156781]
[ 0.77592997 -1.23463936  1.95834558 -2.23760759 -1.55752499 -2.45152354]
[ 0.77586094 -1.23665908  1.95647477 -2.2333491  -1.55733585 -2.45148526]
[ 0.77579274 -1.2387835   1.95455444 -2.2289735  -1.55713584 -2.45145381]
[ 0.77572572 -1.24102864  1.95257575 -2.22446211 -1.55692403 -2.45143013]
[ 0.77566037 -1.2434123   1.95052859 -2.219794   -1.55669951 -2.45141526]
[ 0.77559723 -1.24595395  1.94840149 -2.21494599 -1.5564615  -2.45141026]
[ 0.77553701 -1.24867445  1.94618174 -2.20989294 -1.5562094  -2.45141629]
[ 0.77548051 -1.25159559  1.94385542 -2.20460822 -1.5559429  -2.45143445]
[ 0.77542871 -1.25473925  1.94140775 -2.19906446 -1.55566209 -2.45146583]
[ 0.7753827  -1.25812636  1.93882349 -2.19323481 -1.55536761 -2.45151138]
[ 0.7753437  -1.26177545  1.93608767 -2.18709445 -1.55506078 -2.45157179]
[ 0.77531301 -1.2657008   1.93318644 -2.18062265 -1.55474374 -2.45164747]
[ 0.77529197 -1.2699105   1.9301082  -2.17380507 -1.55441957 -2.45173834]
[ 0.7752819  -1.27440426  1.92684483 -2.16663632 -1.5540923  -2.45184378]
[ 0.77528398 -1.27917157  1.92339302 -2.15912226 -1.55376694 -2.45196249]
[ 0.77529915 -1.28419025  1.91975538 -2.15128189 -1.55344934 -2.45209248]
[ 0.77532804 -1.28942599  1.91594122 -2.14314824 -1.55314588 -2.45223109]
[ 0.77537083 -1.29483309  1.91196672 -2.1347679  -1.55286321 -2.45237502]
[ 0.77542724 -1.30035642  1.9078545  -2.12619907 -1.5526077  -2.45252058]
[ 0.77549648 -1.30593479  1.90363225 -2.11750813 -1.55238506 -2.45266388]
[ 0.77557728 -1.31150505  1.89933087 -2.108765   -1.55219986 -2.4528011 ]
[ 0.77566804 -1.31700659  1.89498215 -2.10003813 -1.55205524 -2.45292878]
[ 0.77576688 -1.32238544  1.89061633 -2.09138954 -1.55195272 -2.45304405]
[ 0.77587178 -1.32759755  1.88626005 -2.08287094 -1.55189221 -2.45314479]
[ 0.77598079 -1.3326107   1.88193469 -2.07452105 -1.55187215 -2.45322969]
[ 0.77609206 -1.33740516  1.87765548 -2.06636452 -1.5518898  -2.45329827]
[ 0.77620395 -1.34197304  1.87343124 -2.05841227 -1.55194155 -2.45335078]
[ 0.77631511 -1.34631682  1.86926471 -2.05066288 -1.55202327 -2.45338808]
[ 0.77642444 -1.35044727  1.86515323 -2.04310467 -1.5521306  -2.45341152]
[ 0.7765311  -1.35438128  1.86108972 -2.03571809 -1.55225921 -2.45342273]
[ 0.7766345  -1.35813971  1.85706363 -2.02847805 -1.55240497 -2.45342358]
[ 0.77673422 -1.36174561  1.85306194 -2.02135603 -1.55256407 -2.453416  ]
[ 0.77682998 -1.36522269  1.84906993 -2.01432175 -1.55273306 -2.45340196]
[ 0.77692159 -1.36859425  1.8450719  -2.0073446  -1.55290888 -2.45338336]
[ 0.77700894 -1.37188236  1.84105165 -2.00039453 -1.55308883 -2.45336207]
[ 0.77709192 -1.37510736  1.83699294 -1.99344285 -1.55327053 -2.45333986]
[ 0.77717042 -1.37828757  1.83287975 -1.98646265 -1.55345187 -2.45331843]
[ 0.7772443  -1.38143913  1.82869656 -1.97942918 -1.55363095 -2.45329939]
[ 0.77731338 -1.38457591  1.82442854 -1.97232009 -1.55380605 -2.45328431]
[ 0.77737742 -1.38770948  1.8200618  -1.96511576 -1.55397553 -2.45327469]
[ 0.77743612 -1.39084909  1.81558366 -1.95779956 -1.55413789 -2.45327201]
[ 0.77748912 -1.39400163  1.81098298 -1.95035821 -1.55429163 -2.45327767]
[ 0.77753599 -1.39717159  1.80625052 -1.9427823  -1.55443531 -2.45329307]
[ 0.77757625 -1.40036095  1.80137947 -1.9350668  -1.55456753 -2.45331952]
[ 0.77760938 -1.40356907  1.79636599 -1.92721173 -1.55468691 -2.45335826]
[ 0.77763483 -1.40679259  1.79120984 -1.91922281 -1.55479214 -2.45341042]
[ 0.77765207 -1.41002531  1.785915   -1.91111219 -1.55488201 -2.45347699]
[ 0.77766058 -1.41325815  1.78049036 -1.902899   -1.55495545 -2.45355872]
[ 0.77765992 -1.41647919  1.77495017 -1.89460977 -1.55501159 -2.45365614]
[ 0.77764975 -1.41967383  1.76931449 -1.88627854 -1.55504983 -2.45376941]
[ 0.77762988 -1.42282509  1.76360919 -1.87794656 -1.55506992 -2.45389836]
[ 0.7776003  -1.42591419  1.75786573 -1.86966144 -1.55507196 -2.45404237]
[ 0.77756119 -1.42892117  1.75212042 -1.8614758  -1.55505653 -2.45420037]
[ 0.77751298 -1.43182582  1.74641334 -1.85344536 -1.55502464 -2.45437085]
[ 0.77745633 -1.43460864  1.74078672 -1.84562651 -1.55497777 -2.45455191]
[ 0.7773921  -1.43725186  1.73528308 -1.83807367 -1.55491779 -2.45474126]
[ 0.77732136 -1.43974045  1.72994323 -1.83083652 -1.55484694 -2.45493639]
[ 0.77724532 -1.4420629   1.72480419 -1.82395748 -1.55476768 -2.45513462]
[ 0.77716527 -1.4442118   1.71989748 -1.81746966 -1.55468259 -2.45533329]
[ 0.77708254 -1.44618411  1.71524768 -1.8113955  -1.55459426 -2.45552984]
[ 0.7769984  -1.44798112  1.71087163 -1.8057462  -1.55450514 -2.45572195]
[ 0.77691403 -1.44960811  1.70677818 -1.80052191 -1.55441746 -2.4559076 ]
[ 0.7768305  -1.45107377  1.70296846 -1.79571273 -1.55433312 -2.45608519]
[ 0.77674866 -1.45238947  1.69943671 -1.7913002  -1.55425367 -2.45625351]
[ 0.77666923 -1.45356844  1.69617132 -1.78725912 -1.55418028 -2.45641176]
[ 0.7765927  -1.45462499  1.69315616 -1.78355952 -1.55411373 -2.45655954]
[ 0.77651942 -1.4555738   1.69037192 -1.78016858 -1.55405448 -2.45669677]
[ 0.77644955 -1.45642928  1.68779735 -1.7770523  -1.55400265 -2.45682367]
[ 0.77638315 -1.45720516  1.68541041 -1.77417699 -1.55395814 -2.45694067]
[ 0.77632013 -1.4579141   1.68318915 -1.77151031 -1.55392061 -2.45704837]
[ 0.77626036 -1.45856754  1.68111247 -1.76902207 -1.55388961 -2.45714748]
[ 0.77620361 -1.45917557  1.67916055 -1.76668478 -1.55386457 -2.45723877]
[ 0.77614965 -1.45974695  1.67731525 -1.76447382 -1.55384486 -2.45732302]
[ 0.77609819 -1.46028911  1.67556024 -1.76236759 -1.55382983 -2.45740103]
[ 0.77604896 -1.46080832  1.67388105 -1.76034737 -1.55381882 -2.45747353]
[ 0.77600168 -1.46130976  1.67226502 -1.75839715 -1.5538112  -2.45754125]
[ 0.7759561  -1.46179764  1.67070125 -1.75650344 -1.55380636 -2.45760484]
[ 0.77591196 -1.46227536  1.66918041 -1.75465495 -1.55380376 -2.45766488]
[ 0.77586903 -1.46274563  1.66769463 -1.75284237 -1.55380286 -2.4577219 ]
[ 0.77582712 -1.46321057  1.66623729 -1.75105805 -1.55380321 -2.45777638]
[ 0.77578603 -1.46367181  1.66480289 -1.7492958  -1.5538044  -2.45782873]
[ 0.77574561 -1.46413061  1.6633869  -1.74755062 -1.55380606 -2.45787929]
[ 0.77570571 -1.4645879   1.66198559 -1.74581852 -1.55380786 -2.45792839]
[ 0.77566622 -1.46504437  1.66059594 -1.74409637 -1.55380953 -2.45797628]
[ 0.77562703 -1.46550051  1.6592155  -1.74238169 -1.55381082 -2.45802318]
[ 0.77558806 -1.46595666  1.65784229 -1.74067256 -1.55381152 -2.45806929]
[ 0.77554924 -1.46641303  1.65647476 -1.73896751 -1.55381146 -2.45811475]
[ 0.77551051 -1.46686978  1.65511165 -1.73726542 -1.55381048 -2.45815971]
[ 0.77547181 -1.46732697  1.65375199 -1.73556547 -1.55380844 -2.45820426]
[ 0.77543312 -1.46778462  1.65239502 -1.73386702 -1.55380525 -2.4582485 ]
[ 0.77539441 -1.46824272  1.65104015 -1.73216965 -1.55380081 -2.4582925 ]
[ 0.77535564 -1.46870125  1.64968693 -1.73047305 -1.55379504 -2.45833633]
[ 0.77531682 -1.46916014  1.64833502 -1.72877703 -1.55378786 -2.45838002]
[ 0.77527792 -1.46961933  1.64698418 -1.72708145 -1.55377924 -2.45842362]
[ 0.77523895 -1.47007877  1.64563423 -1.72538626 -1.55376911 -2.45846717]
[ 0.77519989 -1.47053837  1.64428505 -1.72369146 -1.55375744 -2.45851067]
[ 0.77516075 -1.47099807  1.64293656 -1.72199705 -1.5537442  -2.45855416]
[ 0.77512154 -1.4714578   1.6415887  -1.72030309 -1.55372935 -2.45859764]
[ 0.77508225 -1.47191748  1.64024147 -1.71860963 -1.55371288 -2.45864113]
[ 0.7750429  -1.47237704  1.63889486 -1.71691677 -1.55369476 -2.45868464]
[ 0.77500348 -1.47283641  1.63754889 -1.71522458 -1.55367497 -2.45872818]
[ 0.77496402 -1.47329554  1.63620358 -1.71353316 -1.5536535  -2.45877174]
[ 0.77492452 -1.47375434  1.63485898 -1.71184262 -1.55363034 -2.45881533]
[ 0.774885   -1.47421276  1.63351513 -1.71015305 -1.55360548 -2.45885896]
[ 0.77484545 -1.47467074  1.63217207 -1.70846456 -1.55357889 -2.45890262]
[ 0.7748059  -1.47512821  1.63082985 -1.70677726 -1.55355059 -2.45894632]
[ 0.77476636 -1.47558512  1.62948854 -1.70509125 -1.55352055 -2.45899005]
[ 0.77472684 -1.4760414   1.6281482  -1.70340665 -1.55348877 -2.45903382]
[ 0.77468735 -1.47649699  1.62680887 -1.70172356 -1.55345524 -2.45907761]
[ 0.77464791 -1.47695185  1.62547062 -1.7000421  -1.55341997 -2.45912144]
[ 0.77460852 -1.4774059   1.62413352 -1.69836236 -1.55338294 -2.4591653 ]
[ 0.77456921 -1.4778591   1.62279761 -1.69668446 -1.55334415 -2.45920919]
[ 0.77452997 -1.47831139  1.62146297 -1.6950085  -1.55330359 -2.45925311]
[ 0.77449084 -1.47876271  1.62012966 -1.69333459 -1.55326127 -2.45929705]
[ 0.77445182 -1.479213    1.61879773 -1.69166284 -1.55321718 -2.45934102]
[ 0.77441292 -1.47966222  1.61746725 -1.68999335 -1.55317132 -2.459385  ]
[ 0.77437416 -1.4801103   1.61613828 -1.68832623 -1.55312368 -2.45942901]
[ 0.77433554 -1.4805572   1.61481088 -1.68666159 -1.55307427 -2.45947303]
[ 0.7742971  -1.48100285  1.61348511 -1.68499952 -1.55302308 -2.45951706]
[ 0.77425882 -1.48144721  1.61216104 -1.68334014 -1.55297012 -2.45956111]
[ 0.77422074 -1.48189023  1.61083871 -1.68168353 -1.55291538 -2.45960517]
[ 0.77418286 -1.48233184  1.6095182  -1.68002982 -1.55285886 -2.45964924]
[ 0.7741452  -1.48277199  1.60819956 -1.67837909 -1.55280057 -2.45969331]
[ 0.77410776 -1.48321064  1.60688285 -1.67673145 -1.5527405  -2.45973739]
[ 0.77407056 -1.48364774  1.60556812 -1.675087   -1.55267866 -2.45978147]
[ 0.77403362 -1.48408322  1.60425544 -1.67344584 -1.55261505 -2.45982555]
[ 0.77399695 -1.48451704  1.60294487 -1.67180807 -1.55254967 -2.45986963]
[ 0.77396056 -1.48494916  1.60163646 -1.67017378 -1.55248253 -2.45991371]
[ 0.77392446 -1.48537951  1.60033026 -1.66854307 -1.55241362 -2.45995777]
[ 0.77388866 -1.48580805  1.59902633 -1.66691603 -1.55234295 -2.46000183]
[ 0.77385318 -1.48623473  1.59772473 -1.66529277 -1.55227052 -2.46004588]
[ 0.77381803 -1.48665951  1.59642551 -1.66367336 -1.55219635 -2.46008992]
[ 0.77378322 -1.48708233  1.59512872 -1.66205792 -1.55212042 -2.46013394]
[ 0.77374877 -1.48750314  1.59383442 -1.66044652 -1.55204276 -2.46017794]
[ 0.77371468 -1.48792191  1.59254267 -1.65883925 -1.55196336 -2.46022192]
[ 0.77368097 -1.48833858  1.5912535  -1.65723621 -1.55188222 -2.46026588]
