[-0.14979259  0.38617949  0.36887794 -3.02415662  0.4368678  -0.03564846]
[-0.14964036  0.38636158  0.36809473 -3.0263564   0.44088686 -0.03692183]
[-0.14949527  0.38654586  0.36730919 -3.02860551  0.44406325 -0.03804503]
[-0.1493566   0.38673277  0.36652003 -3.0309067   0.44643195 -0.03902632]
[-0.14922364  0.38692279  0.36572598 -3.03326294  0.44802176 -0.0398728 ]
[-0.14909576  0.38711638  0.36492577 -3.03567756  0.44885546 -0.04059048]
[-0.14897237  0.38731403  0.36411809 -3.03815426  0.44894995 -0.04118434]
[-0.14885292  0.38751626  0.3633016  -3.04069716  0.44831636 -0.04165839]
[-0.14873691  0.38772361  0.36247488 -3.0433109   0.44696012 -0.04201565]
[-0.14862383  0.38793669  0.36163644 -3.04600066  0.444881   -0.04225828]
[-0.14851323  0.38815612  0.36078469 -3.04877226  0.44207318 -0.04238752]
[-0.14840465  0.3883826   0.35991791 -3.0516322   0.43852519 -0.04240379]
[-0.14829763  0.38861689  0.35903426 -3.05458774  0.43421991 -0.04230665]
[-0.14819174  0.38885982  0.35813171 -3.057647    0.4291345  -0.04209489]
[-0.14808651  0.3891123   0.35720806 -3.06081899  0.42324033 -0.04176648]
[-0.14798149  0.38937532  0.35626092 -3.06411376  0.41650293 -0.04131865]
[-0.14787619  0.38964999  0.35528765 -3.0675424   0.40888191 -0.04074785]
[-0.1477701   0.38993752  0.35428536 -3.07111718  0.40033095 -0.04004984]
[-0.14766267  0.39023922  0.35325091 -3.07485162  0.39079779 -0.0392197 ]
[-0.14755333  0.39055654  0.35218084 -3.07876051  0.38022436 -0.03825183]
[-0.14744143  0.39089106  0.35107139 -3.08286001  0.36854699 -0.03714012]
[-0.14732629  0.39124449  0.34991848 -3.08716766  0.35569674 -0.03587792]
[-0.14720716  0.39161867  0.3487177  -3.09170236  0.34160003 -0.03445822]
[-0.14708321  0.39201559  0.34746431 -3.09648435  0.32617945 -0.03287381]
[-0.14695353  0.39243735  0.34615326 -3.10153506  0.30935491 -0.03111742]
[-0.14681716  0.39288618  0.34477921 -3.106877    0.29104525 -0.02918198]
[-0.14667302  0.39336437  0.3433366  -3.1125334   0.27117022 -0.02706097]
[-0.14651997  0.3938743   0.34181968 -3.11852791  0.24965311 -0.02474868]
[-0.14635676  0.39441833  0.34022268 -3.12488405  0.22642391 -0.02224074]
[-0.1461821   0.3949988   0.33853987 -3.13162455  0.20142314 -0.01953458]
[-0.14599464  0.39561791  0.3367658  -3.13877058  0.17460627 -0.01662996]
[-0.14579297  0.39627765  0.33489545 -3.14634072  0.14594876 -0.01352962]
[-0.14557569  0.39697968  0.33292451 -3.15434988  0.11545153 -0.01023992]
[-0.14534143  0.39772524  0.33084967 -3.16280804  0.08314666 -0.00677143]
[-1.45088910e-01  3.98515008e-01  3.28668873e-01 -3.17171893e+00  4.91029178e-02 -3.13955556e-03]
[-1.44816965e-01  3.99348947e-01  3.26381681e-01 -3.18107873e+00  1.34308275e-02  6.35028628e-04]
[-0.14452463  0.40022622  0.32398953 -3.19087481 -0.02371339  0.00452608]
[-0.1442112   0.40114506  0.32149602 -3.20108476 -0.06212554  0.00850173]
[-0.14387628  0.40210271  0.31890706 -3.21167573 -0.10155342  0.01252478]
[-0.14351984  0.40309539  0.316231   -3.22260423 -0.14169953  0.01655329]
[-0.14314227  0.40411832  0.31347857 -3.23381658 -0.1822269   0.02054159]
[-0.14274439  0.40516582  0.31066269 -3.24525    -0.22276807  0.02444164]
[-0.14232744  0.40623143  0.30779816 -3.25683433 -0.26293686  0.02820468]
[-0.14189309  0.40730816  0.30490113 -3.26849437 -0.30234239  0.03178311]
[-0.14144334  0.40838872  0.30198858 -3.28015271 -0.34060433  0.03513235]
[-0.14098047  0.40946583  0.29907757 -3.29173278 -0.37736809  0.03821269]
[-0.14050697  0.41053248  0.29618463 -3.30316186 -0.41231882  0.04099083]
[-0.14002538  0.41158223  0.29332509 -3.31437392 -0.44519286  0.04344101]
[-0.13953824  0.41260941  0.29051251 -3.3253119  -0.47578596  0.04554577]
[-0.13904797  0.41360932  0.28775829 -3.33592941 -0.5039575   0.04729602]
[-0.13855678  0.41457832  0.28507139 -3.34619164 -0.52963097  0.04869084]
[-0.13806662  0.41551386  0.28245822 -3.35607557 -0.55279068  0.04973666]
[-0.13757913  0.41641445  0.27992271 -3.3655695  -0.57347573  0.05044628]
[-0.13709566  0.41727961  0.27746646 -3.37467209 -0.59177176  0.05083761]
[-0.13661719  0.41810969  0.27508901 -3.38339091 -0.60780168  0.05093237]
[-0.13614443  0.41890578  0.2727882  -3.3917409  -0.62171596  0.05075477]
[-0.13567779  0.41966954  0.27056047 -3.39974265 -0.63368335  0.0503304 ]
[-0.13521746  0.42040303  0.26840125 -3.40742079 -0.64388254  0.04968515]
[-0.13476342  0.4211086   0.26630526 -3.41480251 -0.6524949   0.04884444]
[-0.13431549  0.42178874  0.26426683 -3.42191623 -0.65969877  0.04783252]
[-0.13387337  0.422446    0.26228012 -3.42879057 -0.66566493  0.04667206]
[-0.13343667  0.42308287  0.26033935 -3.4354535  -0.67055352  0.04538386]
[-0.13300497  0.42370176  0.25843892 -3.44193169 -0.67451194  0.04398668]
[-0.1325778   0.42430495  0.25657352 -3.4482501  -0.67767381  0.04249722]
[-0.13215468  0.42489452  0.25473822 -3.45443169 -0.68015856  0.04093016]
[-0.13173515  0.42547239  0.25292853 -3.46049731 -0.68207175  0.03929823]
[-0.13131876  0.42604025  0.25114037 -3.46646565 -0.68350561  0.03761241]
[-0.13090509  0.42659964  0.24937009 -3.47235328 -0.68453997  0.03588204]
[-0.13049377  0.42715189  0.24761449 -3.47817475 -0.68524336  0.03411501]
[-0.13008443  0.42769815  0.24587074 -3.48394277 -0.68567408  0.03231794]
[-0.12967677  0.42823944  0.24413639 -3.48966831 -0.68588141  0.03049633]
[-0.12927051  0.4287766   0.24240932 -3.49536081 -0.6859067   0.02865474]
[-0.12886541  0.42931036  0.2406877  -3.50102834 -0.6857844   0.0267969 ]
[-0.12846125  0.42984134  0.23896999 -3.50667776 -0.68554307  0.02492586]
[-0.12805786  0.43037004  0.23725484 -3.51231489 -0.68520622  0.02304409]
[-0.12765508  0.43089689  0.23554114 -3.51794465 -0.68479311  0.02115357]
[-0.12725278  0.43142224  0.23382795 -3.52357116 -0.68431944  0.0192559 ]
[-0.12685087  0.43194636  0.23211444 -3.52919793 -0.68379792  0.01735236]
[-0.12644924  0.43246948  0.23039996 -3.53482789 -0.68323879  0.01544393]
[-0.12604783  0.4329918   0.22868391 -3.54046353 -0.68265029  0.01353143]
[-0.12564658  0.43351345  0.22696581 -3.54610695 -0.68203898  0.01161546]
[-0.12524545  0.43403453  0.22524525 -3.55175994 -0.68141008  0.0096965 ]
[-0.1248444   0.43455515  0.22352187 -3.55742405 -0.6807677   0.00777494]
[-0.12444341  0.43507534  0.22179536 -3.56310061 -0.68011512  0.00585107]
[-0.12404246  0.43559517  0.22006545 -3.5687908  -0.67945486  0.00392509]
[-1.23641543e-01  4.36114642e-01  2.18331904e-01 -3.57449565e+00 -6.78788930e-01  1.99718727e-03]
[-1.23240650e-01  4.36633782e-01  2.16594498e-01 -3.58021613e+00 -6.78118869e-01  6.74847214e-05]
[-1.22839783e-01  4.37152588e-01  2.14853041e-01 -3.58595308e+00 -6.77445878e-01 -1.86391725e-03]
[-0.12243895  0.43767105  0.21310735 -3.59170732 -0.67677088 -0.00379694]
[-0.12203815  0.43818916  0.21135727 -3.5974796  -0.67609459 -0.00573153]
[-0.12163741  0.43870688  0.20960262 -3.60327065 -0.67541756 -0.00766763]
[-0.12123673  0.43922419  0.20784326 -3.60908119 -0.6747402  -0.0096052 ]
[-0.12083615  0.43974106  0.20607904 -3.6149119  -0.67406283 -0.01154422]
[-0.12043566  0.44025743  0.20430981 -3.62076347 -0.67338569 -0.01348463]
[-0.12003531  0.44077328  0.20253543 -3.62663657 -0.67270898 -0.01542642]
[-0.11963512  0.44128854  0.20075577 -3.63253189 -0.67203283 -0.01736955]
[-0.11923512  0.44180316  0.19897068 -3.63845011 -0.67135735 -0.01931398]
[-0.11883534  0.44231709  0.19718003 -3.64439191 -0.67068263 -0.02125968]
[-0.11843581  0.44283025  0.19538367 -3.65035798 -0.67000872 -0.0232066 ]
[-0.11803657  0.44334258  0.19358149 -3.65634903 -0.66933569 -0.02515469]
[-0.11763767  0.44385401  0.19177333 -3.66236576 -0.66866356 -0.0271039 ]
[-0.11723915  0.44436446  0.18995907 -3.66840887 -0.66799237 -0.02905417]
[-0.11684105  0.44487383  0.18813857 -3.67447908 -0.66732213 -0.03100543]
[-0.11644343  0.44538205  0.18631172 -3.68057711 -0.66665287 -0.03295761]
[-0.11604633  0.44588902  0.18447837 -3.68670369 -0.6659846  -0.03491063]
[-0.11564983  0.44639464  0.1826384  -3.69285953 -0.66531733 -0.03686438]
[-0.11525398  0.44689879  0.1807917  -3.69904536 -0.66465106 -0.03881878]
[-0.11485884  0.44740137  0.17893814 -3.70526192 -0.6639858  -0.0407737 ]
[-0.11446449  0.44790226  0.17707761 -3.71150992 -0.66332153 -0.04272903]
[-0.114071    0.44840132  0.17521001 -3.71779009 -0.66265827 -0.04468462]
[-0.11367846  0.44889843  0.17333524 -3.72410312 -0.66199601 -0.04664033]
[-0.11328694  0.44939344  0.17145319 -3.73044973 -0.66133472 -0.04859601]
[-0.11289653  0.4498862   0.16956379 -3.7368306  -0.6606744  -0.05055146]
[-0.11250734  0.45037656  0.16766695 -3.74324639 -0.66001504 -0.05250652]
[-0.11211946  0.45086434  0.16576261 -3.74969777 -0.6593566  -0.05446096]
[-0.111733    0.45134937  0.16385072 -3.75618535 -0.65869907 -0.05641456]
[-0.11134807  0.45183147  0.16193122 -3.76270973 -0.65804241 -0.0583671 ]
[-0.11096479  0.45231044  0.16000409 -3.76927147 -0.65738659 -0.0603183 ]
[-0.11058329  0.45278609  0.15806931 -3.77587111 -0.65673157 -0.0622679 ]
[-0.1102037   0.45325819  0.15612688 -3.78250913 -0.65607731 -0.06421559]
[-0.10982615  0.45372654  0.15417682 -3.78918597 -0.65542374 -0.06616106]
[-0.10945079  0.45419088  0.15221918 -3.79590201 -0.65477082 -0.06810398]
[-0.10907778  0.45465099  0.150254   -3.80265757 -0.65411848 -0.07004397]
[-0.10870728  0.45510661  0.14828137 -3.80945292 -0.65346666 -0.07198066]
[-0.10833944  0.45555748  0.14630139 -3.81628824 -0.65281526 -0.07391363]
[-0.10797445  0.45600332  0.14431421 -3.82316363 -0.65216422 -0.07584246]
[-0.1076125   0.45644385  0.14231996 -3.83007911 -0.65151342 -0.07776669]
[-0.10725375  0.45687879  0.14031886 -3.83703462 -0.65086278 -0.07968583]
[-0.10689843  0.45730781  0.13831111 -3.84402997 -0.65021219 -0.08159937]
[-0.10654672  0.45773062  0.13629697 -3.85106487 -0.64956151 -0.08350678]
[-0.10619884  0.45814689  0.13427673 -3.85813892 -0.64891063 -0.0854075 ]
[-0.10585501  0.45855629  0.13225072 -3.86525159 -0.6482594  -0.08730092]
[-0.10551545  0.45895848  0.1302193  -3.87240222 -0.64760768 -0.08918644]
[-0.1051804   0.45935311  0.12818288 -3.87958999 -0.6469553  -0.09106341]
[-0.10485008  0.45973983  0.12614191 -3.88681394 -0.6463021  -0.09293116]
[-0.10452475  0.46011828  0.12409687 -3.89407297 -0.6456479  -0.094789  ]
[-0.10420465  0.46048809  0.12204831 -3.90136577 -0.6449925  -0.09663619]
[-0.10389004  0.46084889  0.11999681 -3.90869091 -0.64433571 -0.09847199]
[-0.10358116  0.46120031  0.117943   -3.91604673 -0.64367731 -0.10029564]
[-0.10327829  0.46154197  0.11588756 -3.92343141 -0.64301707 -0.10210633]
[-0.10298168  0.46187349  0.11383122 -3.93084293 -0.64235477 -0.10390327]
[-0.10269159  0.4621945   0.11177475 -3.93827908 -0.64169016 -0.10568561]
[-0.10240829  0.46250464  0.10971899 -3.94573743 -0.64102298 -0.10745251]
[-0.10213204  0.46280351  0.10766481 -3.95321537 -0.64035296 -0.10920312]
[-0.1018631   0.46309078  0.10561314 -3.96071005 -0.63967984 -0.11093656]
[-0.10160173  0.46336608  0.10356495 -3.96821844 -0.63900332 -0.11265195]
[-0.10134818  0.46362906  0.10152125 -3.9757373  -0.63832312 -0.11434842]
[-0.10110269  0.46387941  0.09948312 -3.98326318 -0.63763894 -0.11602508]
[-0.10086551  0.46411679  0.09745166 -3.99079242 -0.63695046 -0.11768106]
[-0.10063687  0.46434092  0.09542801 -3.99832119 -0.63625739 -0.11931548]
[-0.10041698  0.4645515   0.09341335 -4.00584545 -0.6355594  -0.12092749]
[-0.10020606  0.46474828  0.0914089  -4.01336099 -0.63485618 -0.12251624]
[-0.1000043   0.46493102  0.0894159  -4.02086343 -0.6341474  -0.12408092]
[-0.09981187  0.46509951  0.08743562 -4.02834826 -0.63343274 -0.12562074]
[-0.09962895  0.46525357  0.08546933 -4.03581079 -0.63271188 -0.12713493]
[-0.09945568  0.46539305  0.08351835 -4.04324625 -0.63198451 -0.12862278]
[-0.09929217  0.46551782  0.08158396 -4.05064973 -0.6312503  -0.13008359]
[-0.09913854  0.4656278   0.07966748 -4.05801628 -0.63050896 -0.13151674]
[-0.09899487  0.46572293  0.07777021 -4.06534085 -0.62976017 -0.13292164]
[-0.09886121  0.46580321  0.07589343 -4.07261837 -0.62900365 -0.13429776]
[-0.09873761  0.46586865  0.07403841 -4.07984378 -0.62823912 -0.13564463]
[-0.09862407  0.46591931  0.0722064  -4.08701199 -0.62746631 -0.13696186]
[-0.09852057  0.4659553   0.0703986  -4.09411799 -0.62668495 -0.13824911]
[-0.09842708  0.46597676  0.06861617 -4.10115682 -0.62589483 -0.13950611]
[-0.09834352  0.46598386  0.06686025 -4.10812363 -0.6250957  -0.14073268]
[-0.0982698   0.46597683  0.06513188 -4.11501367 -0.62428738 -0.14192871]
[-0.09820579  0.46595593  0.06343209 -4.12182236 -0.62346967 -0.14309415]
[-0.09815135  0.46592146  0.0617618  -4.12854529 -0.62264242 -0.14422907]
[-0.0981063   0.46587375  0.06012189 -4.13517826 -0.62180549 -0.14533358]
[-0.09807045  0.46581316  0.05851312 -4.14171729 -0.62095875 -0.1464079 ]
[-0.09804357  0.46574011  0.05693622 -4.14815864 -0.62010212 -0.1474523 ]
[-0.09802541  0.46565503  0.0553918  -4.15449886 -0.61923552 -0.14846715]
[-0.09801572  0.46555838  0.05388038 -4.16073477 -0.61835892 -0.1494529 ]
[-0.09801419  0.46545066  0.0524024  -4.16686351 -0.61747228 -0.15041005]
[-0.09802053  0.46533237  0.0509582  -4.17288253 -0.61657562 -0.15133918]
[-0.09803441  0.46520405  0.04954803 -4.17878961 -0.61566895 -0.15224094]
[-0.0980555   0.46506626  0.04817202 -4.18458289 -0.61475234 -0.15311606]
[-0.09808345  0.46491957  0.04683024 -4.19026081 -0.61382586 -0.15396528]
[-0.09811789  0.46476454  0.04552264 -4.1958222  -0.6128896  -0.15478944]
[-0.09815847  0.46460176  0.04424909 -4.20126622 -0.61194368 -0.1555894 ]
[-0.0982048   0.46443184  0.04300936 -4.20659238 -0.61098824 -0.15636607]
[-0.09825651  0.46425535  0.04180314 -4.21180053 -0.61002343 -0.1571204 ]
[-0.09831322  0.46407289  0.04063003 -4.21689084 -0.60904943 -0.15785336]
[-0.09837454  0.46388504  0.03948957 -4.22186384 -0.60806642 -0.15856594]
[-0.09844011  0.46369238  0.03838119 -4.22672032 -0.60707462 -0.15925917]
[-0.09850954  0.46349548  0.0373043  -4.23146142 -0.60607423 -0.15993407]
[-0.09858247  0.46329489  0.03625819 -4.23608852 -0.60506549 -0.16059168]
[-0.09865853  0.46309115  0.03524214 -4.24060329 -0.60404863 -0.16123303]
[-0.09873738  0.46288478  0.03425534 -4.24500763 -0.6030239  -0.16185915]
[-0.09881866  0.46267628  0.03329697 -4.2493037  -0.60199156 -0.16247107]
[-0.09890206  0.46246613  0.03236614 -4.25349383 -0.60095186 -0.16306978]
[-0.09898725  0.4622548   0.03146193 -4.25758055 -0.59990506 -0.16365629]
[-0.09907393  0.4620427   0.03058341 -4.26156659 -0.59885143 -0.16423156]
[-0.0991618   0.46183027  0.0297296  -4.26545477 -0.59779123 -0.16479652]
[-0.0992506   0.46161787  0.02889953 -4.26924809 -0.59672474 -0.16535209]
[-0.09934007  0.46140587  0.02809218 -4.27294963 -0.5956522  -0.16589915]
[-0.09942995  0.46119461  0.02730657 -4.27656257 -0.59457389 -0.16643854]
[-0.09952003  0.46098438  0.02654168 -4.28009015 -0.59349005 -0.16697108]
[-0.09961009  0.46077548  0.0257965  -4.28353567 -0.59240095 -0.16749752]
[-0.09969994  0.46056815  0.02507004 -4.28690247 -0.59130684 -0.16801862]
[-0.0997894   0.46036263  0.02436131 -4.29019389 -0.59020794 -0.16853504]
[-0.09987831  0.46015911  0.02366933 -4.2934133  -0.58910451 -0.16904745]
[-0.09996651  0.45995779  0.02299314 -4.29656405 -0.58799677 -0.16955645]
[-0.10005389  0.45975882  0.02233179 -4.29964946 -0.58688494 -0.17006262]
[-0.10014031  0.45956233  0.02168437 -4.30267282 -0.58576924 -0.17056646]
[-0.10022569  0.45936843  0.02104997 -4.3056374  -0.58464988 -0.17106848]
[-0.10030993  0.45917723  0.02042773 -4.30854637 -0.58352705 -0.17156911]
[-0.10039296  0.45898879  0.01981681 -4.31140289 -0.58240096 -0.17206875]
[-0.10047471  0.45880316  0.01921637 -4.31421002 -0.58127178 -0.17256779]
[-0.10055514  0.45862039  0.01862565 -4.31697074 -0.58013969 -0.17306653]
[-0.10063421  0.45844048  0.01804386 -4.31968798 -0.57900486 -0.17356528]
[-0.10071188  0.45826346  0.0174703  -4.32236455 -0.57786747 -0.17406429]
[-0.10078815  0.45808929  0.01690425 -4.32500321 -0.57672765 -0.17456378]
[-0.100863    0.45791797  0.01634505 -4.32760659 -0.57558557 -0.17506395]
[-0.10093644  0.45774946  0.01579207 -4.33017725 -0.57444137 -0.17556495]
[-0.10100848  0.45758371  0.01524469 -4.33271766 -0.57329519 -0.17606692]
[-0.10107912  0.45742066  0.01470234 -4.33523018 -0.57214715 -0.17656995]
[-0.1011484   0.45726025  0.01416447 -4.33771707 -0.57099739 -0.17707412]
[-0.10121635  0.45710239  0.01363056 -4.34018052 -0.56984604 -0.17757947]
[-0.101283    0.45694702  0.01310012 -4.34262259 -0.56869321 -0.17808604]
[-0.1013484   0.45679403  0.01257269 -4.34504527 -0.56753901 -0.17859383]
[-0.10141259  0.45664333  0.01204782 -4.34745046 -0.56638357 -0.17910282]
[-0.10147563  0.45649482  0.01152512 -4.34983995 -0.56522699 -0.17961296]
[-0.10153756  0.4563484   0.01100419 -4.35221546 -0.56406938 -0.1801242 ]
[-0.10159845  0.45620395  0.01048466 -4.35457859 -0.56291086 -0.18063646]
[-0.10165836  0.45606136  0.00996622 -4.3569309  -0.56175151 -0.18114966]
[-0.10171735  0.45592052  0.00944852 -4.35927382 -0.56059146 -0.18166368]
[-0.1017755   0.4557813   0.0089313  -4.36160874 -0.55943081 -0.18217841]
[-0.10183287  0.45564359  0.00841426 -4.36393694 -0.55826965 -0.1826937 ]
[-0.10188952  0.45550726  0.00789716 -4.36625964 -0.55710811 -0.18320941]
[-0.10194554  0.4553722   0.00737977 -4.36857797 -0.55594629 -0.18372538]
[-0.102001    0.45523828  0.00686186 -4.37089301 -0.55478429 -0.18424144]
[-0.10205597  0.45510537  0.00634324 -4.37320574 -0.55362224 -0.18475741]
[-0.10211052  0.45497336  0.00582372 -4.37551712 -0.55246024 -0.18527309]
[-0.10216473  0.45484211  0.00530315 -4.37782799 -0.55129842 -0.1857883 ]
[-0.10221868  0.45471152  0.00478137 -4.38013916 -0.55013689 -0.18630283]
[-1.02272436e-01  4.54581458e-01  4.25824331e-03 -4.38245137e+00 -5.48975783e-01 -1.86816452e-01]
[-1.02326079e-01  4.54451804e-01  3.73365151e-03 -4.38476531e+00 -5.47815229e-01 -1.87328958e-01]
[-1.02379684e-01  4.54322442e-01  3.20748545e-03 -4.38708159e+00 -5.46655361e-01 -1.87840118e-01]
[-1.02433323e-01  4.54193257e-01  2.67964996e-03 -4.38940080e+00 -5.45496318e-01 -1.88349700e-01]
[-1.02487070e-01  4.54064133e-01  2.15006224e-03 -4.39172343e+00 -5.44338246e-01 -1.88857466e-01]
[-1.02541000e-01  4.53934960e-01  1.61865144e-03 -4.39404996e+00 -5.43181294e-01 -1.89363174e-01]
[-1.02595182e-01  4.53805627e-01  1.08535817e-03 -4.39638080e+00 -5.42025619e-01 -1.89866578e-01]
[-1.02649690e-01  4.53676026e-01  5.50134075e-04 -4.39871632e+00 -5.40871383e-01 -1.90367426e-01]
[-1.02704591e-01  4.53546054e-01  1.29415028e-05 -4.40105683e+00 -5.39718755e-01 -1.90865464e-01]
[-1.02759955e-01  4.53415608e-01 -5.26246905e-04 -4.40340260e+00 -5.38567910e-01 -1.91360436e-01]
[-1.02815850e-01  4.53284588e-01 -1.06744852e-03 -4.40575385e+00 -5.37419031e-01 -1.91852081e-01]
[-1.02872340e-01  4.53152899e-01 -1.61067101e-03 -4.40811077e+00 -5.36272305e-01 -1.92340138e-01]
[-1.02929491e-01  4.53020448e-01 -2.15591265e-03 -4.41047349e+00 -5.35127931e-01 -1.92824341e-01]
[-1.02987364e-01  4.52887143e-01 -2.70316256e-03 -4.41284211e+00 -5.33986109e-01 -1.93304425e-01]
[-1.03046022e-01  4.52752898e-01 -3.25240090e-03 -4.41521668e+00 -5.32847052e-01 -1.93780124e-01]
[-1.03105522e-01  4.52617631e-01 -3.80359914e-03 -4.41759722e+00 -5.31710978e-01 -1.94251168e-01]
[-1.03165923e-01  4.52481260e-01 -4.35672021e-03 -4.41998370e+00 -5.30578111e-01 -1.94717291e-01]
[-0.10322728  0.45234371 -0.00491172 -4.42237604 -0.52944868 -0.19517822]
[-0.10328965  0.45220491 -0.00546854 -4.42477416 -0.52832294 -0.1956337 ]
[-0.10335307  0.45206478 -0.00602713 -4.4271779  -0.52720112 -0.19608345]
[-0.1034176   0.45192327 -0.0065874  -4.42958709 -0.52608348 -0.19652721]
[-0.10348329  0.45178032 -0.0071493  -4.4320015  -0.52497029 -0.19696471]
[-0.10355018  0.45163585 -0.00771272 -4.4344209  -0.52386181 -0.19739569]
[-0.10361832  0.45148983 -0.00827758 -4.43684498 -0.52275831 -0.1978199 ]
[-0.10368773  0.45134221 -0.00884378 -4.43927343 -0.52166009 -0.19823708]
[-0.10375846  0.45119293 -0.00941121 -4.44170589 -0.52056741 -0.19864696]
[-0.10383054  0.45104197 -0.00997977 -4.44414198 -0.51948059 -0.19904932]
[-0.10390401  0.45088928 -0.01054931 -4.44658126 -0.51839991 -0.19944389]
[-0.10397888  0.45073483 -0.01111973 -4.44902328 -0.51732567 -0.19983044]
[-0.1040552   0.45057859 -0.01169088 -4.45146756 -0.51625819 -0.20020874]
[-0.10413297  0.45042056 -0.01226263 -4.45391358 -0.51519778 -0.20057855]
[-0.10421222  0.4502607  -0.01283483 -4.45636079 -0.51414475 -0.20093967]
[-0.10429297  0.450099   -0.01340732 -4.45880861 -0.51309941 -0.20129187]
[-0.10437523  0.44993547 -0.01397995 -4.46125644 -0.51206208 -0.20163494]
[-0.10445901  0.44977008 -0.01455255 -4.46370365 -0.51103309 -0.2019687 ]
[-0.10454432  0.44960286 -0.01512496 -4.46614959 -0.51001276 -0.20229296]
[-0.10463115  0.4494338  -0.01569699 -4.46859356 -0.50900139 -0.20260752]
[-0.10471952  0.44926292 -0.01626847 -4.47103488 -0.50799933 -0.20291223]
[-0.10480942  0.44909023 -0.01683922 -4.4734728  -0.50700687 -0.20320693]
[-0.10490084  0.44891575 -0.01740905 -4.47590659 -0.50602435 -0.20349147]
[-0.10499377  0.44873952 -0.01797777 -4.47833548 -0.50505206 -0.20376572]
[-0.1050882   0.44856156 -0.01854518 -4.48075869 -0.50409031 -0.20402955]
[-0.10518411  0.44838191 -0.01911108 -4.48317542 -0.50313942 -0.20428286]
[-0.10528149  0.44820061 -0.01967528 -4.48558487 -0.50219967 -0.20452554]
[-0.10538031  0.44801771 -0.02023757 -4.48798621 -0.50127135 -0.20475752]
[-0.10548055  0.44783325 -0.02079775 -4.49037861 -0.50035474 -0.20497873]
[-0.10558217  0.44764729 -0.02135562 -4.49276123 -0.49945013 -0.20518911]
[-0.10568515  0.44745989 -0.02191096 -4.49513324 -0.49855776 -0.20538863]
[-0.10578944  0.44727112 -0.02246358 -4.49749378 -0.49767788 -0.20557726]
[-0.10589501  0.44708102 -0.02301327 -4.49984201 -0.49681075 -0.20575498]
[-0.10600182  0.44688969 -0.02355982 -4.50217708 -0.49595659 -0.20592182]
[-0.10610983  0.44669719 -0.02410303 -4.50449816 -0.49511561 -0.20607779]
[-0.10621898  0.4465036  -0.0246427  -4.50680441 -0.49428802 -0.20622293]
[-0.10632923  0.446309   -0.02517863 -4.50909501 -0.49347399 -0.20635729]
[-0.10644052  0.44611348 -0.02571064 -4.51136913 -0.49267371 -0.20648095]
[-0.1065528   0.44591711 -0.02623852 -4.51362599 -0.49188732 -0.20659399]
[-0.10666602  0.44572    -0.02676208 -4.51586478 -0.49111496 -0.20669651]
[-0.10678011  0.44552223 -0.02728115 -4.51808476 -0.49035676 -0.20678862]
[-0.10689501  0.44532388 -0.02779555 -4.52028516 -0.48961282 -0.20687047]
[-0.10701067  0.44512507 -0.02830511 -4.52246526 -0.48888323 -0.2069422 ]
[-0.10712702  0.44492588 -0.02880965 -4.52462437 -0.48816805 -0.20700396]
[-0.10724399  0.44472642 -0.02930903 -4.5267618  -0.48746733 -0.20705594]
[-0.10736152  0.44452677 -0.02980308 -4.52887691 -0.4867811  -0.20709832]
[-0.10747954  0.44432704 -0.03029167 -4.53096909 -0.48610937 -0.20713131]
[-0.10759798  0.44412733 -0.03077465 -4.53303774 -0.48545214 -0.20715511]
[-0.10771678  0.44392773 -0.0312519  -4.53508233 -0.48480937 -0.20716996]
[-0.10783587  0.44372835 -0.03172329 -4.53710232 -0.48418103 -0.20717609]
[-0.10795517  0.44352928 -0.03218872 -4.53909725 -0.48356705 -0.20717375]
[-0.10807462  0.44333062 -0.03264808 -4.54106665 -0.48296735 -0.20716319]
[-0.10819416  0.44313246 -0.03310127 -4.54301013 -0.48238183 -0.20714469]
[-0.10831371  0.4429349  -0.03354822 -4.54492733 -0.48181037 -0.20711851]
[-0.1084332   0.44273803 -0.03398884 -4.5468179  -0.48125284 -0.20708495]
[-0.10855258  0.44254195 -0.03442307 -4.54868155 -0.48070908 -0.20704427]
[-0.10867177  0.44234673 -0.03485085 -4.55051805 -0.48017893 -0.20699679]
[-0.1087907   0.44215247 -0.03527214 -4.55232718 -0.47966221 -0.20694279]
[-0.10890933  0.44195925 -0.03568689 -4.55410876 -0.47915871 -0.20688258]
[-0.10902759  0.44176715 -0.03609509 -4.55586268 -0.47866824 -0.20681646]
[-0.10914541  0.44157625 -0.03649671 -4.55758883 -0.47819056 -0.20674474]
[-0.10926274  0.44138662 -0.03689174 -4.55928717 -0.47772544 -0.20666773]
[-0.10937952  0.44119833 -0.03728018 -4.56095768 -0.47727263 -0.20658574]
[-0.1094957   0.44101146 -0.03766204 -4.56260038 -0.47683187 -0.20649907]
[-0.10961122  0.44082606 -0.03803735 -4.56421535 -0.4764029  -0.20640802]
[-0.10972605  0.44064221 -0.03840611 -4.56580267 -0.47598544 -0.20631292]
[-0.10984012  0.44045994 -0.03876837 -4.56736247 -0.47557919 -0.20621405]
[-0.10995339  0.44027933 -0.03912418 -4.56889493 -0.47518389 -0.20611172]
[-0.11006583  0.44010041 -0.03947357 -4.57040023 -0.47479921 -0.20600622]
[-0.11017739  0.43992324 -0.0398166  -4.5718786  -0.47442486 -0.20589784]
[-0.11028802  0.43974786 -0.04015335 -4.57333031 -0.47406054 -0.20578687]
[-0.11039771  0.4395743  -0.04048387 -4.57475563 -0.47370593 -0.20567358]
[-0.1105064   0.4394026  -0.04080824 -4.57615487 -0.47336072 -0.20555825]
[-0.11061408  0.4392328  -0.04112655 -4.57752838 -0.47302459 -0.20544115]
[-0.11072072  0.43906491 -0.04143888 -4.57887651 -0.47269722 -0.20532252]
[-0.11082628  0.43889896 -0.04174533 -4.58019964 -0.47237831 -0.20520264]
[-0.11093075  0.43873498 -0.04204599 -4.58149816 -0.47206754 -0.20508173]
[-0.1110341   0.43857298 -0.04234096 -4.58277251 -0.47176458 -0.20496003]
[-0.11113632  0.43841297 -0.04263035 -4.5840231  -0.47146913 -0.20483777]
[-0.11123739  0.43825497 -0.04291426 -4.5852504  -0.47118087 -0.20471517]
[-0.1113373   0.43809897 -0.0431928  -4.58645486 -0.47089951 -0.20459244]
[-0.11143603  0.43794499 -0.0434661  -4.58763696 -0.47062474 -0.20446978]
[-0.11153357  0.43779303 -0.04373426 -4.58879719 -0.47035625 -0.20434738]
[-0.11162993  0.43764307 -0.0439974  -4.58993603 -0.47009376 -0.20422542]
[-0.11172508  0.43749512 -0.04425565 -4.59105399 -0.46983697 -0.20410408]
[-0.11181903  0.43734918 -0.04450912 -4.59215157 -0.4695856  -0.20398352]
[-0.11191178  0.43720522 -0.04475793 -4.59322929 -0.46933938 -0.20386389]
[-0.11200333  0.43706325 -0.04500221 -4.59428765 -0.46909803 -0.20374535]
[-0.11209368  0.43692323 -0.04524209 -4.59532718 -0.46886129 -0.20362803]
[-0.11218283  0.43678517 -0.04547767 -4.59634839 -0.46862891 -0.20351205]
[-0.11227079  0.43664903 -0.04570909 -4.5973518  -0.46840062 -0.20339755]
[-0.11235756  0.4365148  -0.04593647 -4.59833793 -0.46817619 -0.20328463]
[-0.11244315  0.43638246 -0.04615993 -4.59930728 -0.46795539 -0.20317339]
[-0.11252757  0.43625199 -0.04637959 -4.60026037 -0.46773797 -0.20306394]
[-0.11261084  0.43612335 -0.04659558 -4.60119769 -0.46752373 -0.20295636]
[-0.11269296  0.43599653 -0.046808   -4.60211976 -0.46731245 -0.20285072]
[-0.11277394  0.43587149 -0.04701697 -4.60302707 -0.46710391 -0.20274711]
[-0.11285381  0.4357482  -0.04722262 -4.6039201  -0.46689794 -0.20264558]
[-0.11293256  0.43562665 -0.04742506 -4.60479934 -0.46669433 -0.2025462 ]
[-0.11301023  0.43550679 -0.04762439 -4.60566526 -0.4664929  -0.20244903]
[-0.11308682  0.4353886  -0.04782073 -4.60651832 -0.46629347 -0.20235409]
[-0.11316235  0.43527204 -0.04801418 -4.60735898 -0.46609589 -0.20226144]
[-0.11323684  0.43515708 -0.04820485 -4.6081877  -0.46589998 -0.20217111]
[-0.1133103   0.4350437  -0.04839285 -4.6090049  -0.4657056  -0.20208313]
[-0.11338276  0.43493185 -0.04857827 -4.60981103 -0.4655126  -0.20199752]
[-0.11345423  0.4348215  -0.04876122 -4.61060649 -0.46532084 -0.20191429]
[-0.11352473  0.43471263 -0.04894179 -4.6113917  -0.46513018 -0.20183347]
[-0.11359428  0.43460519 -0.04912007 -4.61216706 -0.46494051 -0.20175506]
[-0.1136629   0.43449915 -0.04929616 -4.61293295 -0.4647517  -0.20167906]
[-0.11373061  0.43439448 -0.04947014 -4.61368977 -0.46456364 -0.20160548]
[-0.11379743  0.43429115 -0.0496421  -4.61443786 -0.46437622 -0.20153431]
[-0.11386338  0.43418911 -0.04981213 -4.61517759 -0.46418934 -0.20146554]
[-0.11392848  0.43408835 -0.0499803  -4.61590932 -0.46400292 -0.20139917]
[-0.11399274  0.43398882 -0.0501467  -4.61663336 -0.46381685 -0.20133518]
[-0.1140562   0.43389049 -0.0503114  -4.61735006 -0.46363106 -0.20127355]
[-0.11411886  0.43379334 -0.05047448 -4.61805972 -0.46344547 -0.20121427]
[-0.11418075  0.43369732 -0.05063601 -4.61876266 -0.46326    -0.20115732]
[-0.11424189  0.4336024  -0.05079605 -4.61945917 -0.46307458 -0.20110266]
[-0.1143023   0.43350856 -0.05095467 -4.62014952 -0.46288916 -0.20105028]
[-0.11436199  0.43341577 -0.05111194 -4.62083401 -0.46270366 -0.20100015]
[-0.11442099  0.43332398 -0.05126792 -4.62151289 -0.46251805 -0.20095224]
[-0.11447932  0.43323318 -0.05142267 -4.62218642 -0.46233226 -0.20090651]
[-0.11453699  0.43314333 -0.05157625 -4.62285484 -0.46214624 -0.20086294]
[-0.11459402  0.43305441 -0.05172871 -4.6235184  -0.46195996 -0.20082149]
[-0.11465043  0.43296638 -0.0518801  -4.62417733 -0.46177338 -0.20078212]
[-0.11470624  0.43287922 -0.05203048 -4.62483184 -0.46158645 -0.20074481]
[-0.11476146  0.43279289 -0.0521799  -4.62548214 -0.46139915 -0.20070951]
[-0.11481612  0.43270739 -0.0523284  -4.62612844 -0.46121144 -0.20067619]
[-0.11487023  0.43262267 -0.05247603 -4.62677093 -0.4610233  -0.2006448 ]
[-0.11492381  0.43253871 -0.05262283 -4.62740981 -0.46083471 -0.20061532]
[-0.11497686  0.43245549 -0.05276885 -4.62804524 -0.46064563 -0.2005877 ]
[-0.11502942  0.43237298 -0.05291412 -4.62867741 -0.46045605 -0.2005619 ]
[-0.11508149  0.43229116 -0.05305868 -4.62930647 -0.46026596 -0.20053788]
[-0.1151331   0.43221001 -0.05320257 -4.62993258 -0.46007534 -0.20051561]
[-0.11518425  0.4321295  -0.05334583 -4.6305559  -0.45988418 -0.20049505]
[-0.11523495  0.43204961 -0.05348848 -4.63117657 -0.45969246 -0.20047614]
[-0.11528524  0.43197032 -0.05363056 -4.63179472 -0.45950017 -0.20045887]
[-0.11533511  0.43189161 -0.0537721  -4.6324105  -0.45930731 -0.20044317]
[-0.11538458  0.43181346 -0.05391313 -4.63302401 -0.45911388 -0.20042903]
[-0.11543367  0.43173585 -0.05405367 -4.6336354  -0.45891987 -0.2004164 ]
[-0.11548238  0.43165875 -0.05419376 -4.63424476 -0.45872527 -0.20040523]
[-0.11553074  0.43158216 -0.05433341 -4.63485221 -0.45853008 -0.2003955 ]
[-0.11557875  0.43150605 -0.05447266 -4.63545786 -0.45833431 -0.20038715]
[-0.11562642  0.43143041 -0.05461152 -4.63606179 -0.45813795 -0.20038017]
[-0.11567378  0.43135521 -0.05475002 -4.63666412 -0.457941   -0.20037451]
[-0.11572081  0.43128045 -0.05488818 -4.63726492 -0.45774347 -0.20037012]
[-0.11576755  0.43120611 -0.05502602 -4.63786429 -0.45754537 -0.20036699]
[-0.115814    0.43113216 -0.05516355 -4.6384623  -0.45734669 -0.20036507]
[-0.11586017  0.4310586  -0.05530079 -4.63905904 -0.45714744 -0.20036432]
[-0.11590607  0.43098541 -0.05543777 -4.63965457 -0.45694762 -0.20036472]
[-0.1159517   0.43091258 -0.05557449 -4.64024897 -0.45674725 -0.20036623]
[-0.11599709  0.43084009 -0.05571098 -4.6408423  -0.45654633 -0.20036881]
[-0.11604224  0.43076794 -0.05584724 -4.64143463 -0.45634486 -0.20037244]
[-0.11608715  0.4306961  -0.05598329 -4.64202601 -0.45614286 -0.20037708]
[-0.11613184  0.43062457 -0.05611915 -4.64261651 -0.45594033 -0.2003827 ]
[-0.11617631  0.43055333 -0.05625482 -4.64320618 -0.45573728 -0.20038927]
[-0.11622057  0.43048237 -0.05639032 -4.64379506 -0.45553372 -0.20039677]
[-0.11626464  0.43041168 -0.05652566 -4.64438321 -0.45532966 -0.20040515]
[-0.11630851  0.43034126 -0.05666085 -4.64497068 -0.4551251  -0.2004144 ]
[-0.11635219  0.43027109 -0.05679589 -4.6455575  -0.45492007 -0.20042449]
[-0.1163957   0.43020115 -0.0569308  -4.64614371 -0.45471456 -0.20043538]
[-0.11643904  0.43013145 -0.05706559 -4.64672937 -0.45450858 -0.20044706]
[-0.11648221  0.43006197 -0.05720027 -4.64731449 -0.45430216 -0.2004595 ]
[-0.11652522  0.42999271 -0.05733484 -4.64789912 -0.45409529 -0.20047266]
[-0.11656808  0.42992364 -0.05746931 -4.6484833  -0.45388798 -0.20048654]
[-0.1166108   0.42985478 -0.05760368 -4.64906704 -0.45368026 -0.20050109]
[-0.11665337  0.4297861  -0.05773797 -4.64965038 -0.45347212 -0.20051631]
[-0.11669581  0.4297176  -0.05787218 -4.65023335 -0.45326357 -0.20053217]
[-0.11673812  0.42964928 -0.05800632 -4.65081598 -0.45305464 -0.20054864]
[-0.1167803   0.42958112 -0.05814038 -4.65139828 -0.45284532 -0.2005657 ]
[-0.11682237  0.42951312 -0.05827439 -4.65198028 -0.45263563 -0.20058334]
[-0.11686432  0.42944527 -0.05840833 -4.652562   -0.45242557 -0.20060154]
[-0.11690615  0.42937757 -0.05854222 -4.65314347 -0.45221516 -0.20062026]
[-0.11694789  0.42931001 -0.05867606 -4.6537247  -0.4520044  -0.2006395 ]
[-0.11698952  0.42924258 -0.05880986 -4.6543057  -0.45179331 -0.20065924]
[-0.11703105  0.42917529 -0.05894361 -4.65488651 -0.4515819  -0.20067946]
[-0.11707249  0.42910811 -0.05907732 -4.65546712 -0.45137017 -0.20070014]
[-0.11711385  0.42904106 -0.059211   -4.65604756 -0.45115813 -0.20072126]
[-0.11715511  0.42897411 -0.05934465 -4.65662785 -0.4509458  -0.20074281]
[-0.11719629  0.42890728 -0.05947826 -4.65720798 -0.45073317 -0.20076477]
[-0.1172374   0.42884055 -0.05961185 -4.65778799 -0.45052027 -0.20078713]
[-0.11727842  0.42877392 -0.05974542 -4.65836787 -0.45030709 -0.20080987]
[-0.11731938  0.42870738 -0.05987896 -4.65894764 -0.45009365 -0.20083298]
[-0.11736026  0.42864094 -0.06001249 -4.6595273  -0.44987996 -0.20085645]
[-0.11740108  0.42857458 -0.060146   -4.66010688 -0.44966601 -0.20088025]
[-0.11744184  0.4285083  -0.06027949 -4.66068637 -0.44945183 -0.20090439]
[-0.11748253  0.42844211 -0.06041296 -4.66126578 -0.44923742 -0.20092884]
[-0.11752317  0.42837599 -0.06054643 -4.66184513 -0.44902278 -0.20095359]
[-0.11756375  0.42830994 -0.06067988 -4.66242441 -0.44880793 -0.20097863]
[-0.11760427  0.42824396 -0.06081332 -4.66300364 -0.44859287 -0.20100396]
[-0.11764474  0.42817805 -0.06094676 -4.66358282 -0.4483776  -0.20102955]
[-0.11768517  0.4281122  -0.06108019 -4.66416196 -0.44816214 -0.2010554 ]
[-0.11772555  0.42804642 -0.06121361 -4.66474106 -0.44794649 -0.2010815 ]
[-0.11776588  0.42798069 -0.06134703 -4.66532013 -0.44773066 -0.20110784]
[-0.11780617  0.42791502 -0.06148044 -4.66589917 -0.44751465 -0.20113441]
[-0.11784642  0.4278494  -0.06161385 -4.66647818 -0.44729847 -0.2011612 ]
[-0.11788662  0.42778383 -0.06174726 -4.66705717 -0.44708212 -0.2011882 ]
[-0.1179268   0.42771831 -0.06188067 -4.66763615 -0.44686562 -0.2012154 ]
[-0.11796693  0.42765283 -0.06201407 -4.66821511 -0.44664897 -0.2012428 ]
[-0.11800703  0.4275874  -0.06214748 -4.66879406 -0.44643216 -0.20127038]
[-0.1180471   0.42752201 -0.06228088 -4.669373   -0.44621522 -0.20129814]
[-0.11808713  0.42745666 -0.06241429 -4.66995193 -0.44599814 -0.20132608]
[-0.11812714  0.42739135 -0.06254769 -4.67053087 -0.44578093 -0.20135418]
[-0.11816712  0.42732608 -0.0626811  -4.67110979 -0.44556359 -0.20138244]
[-0.11820706  0.42726084 -0.06281451 -4.67168872 -0.44534613 -0.20141085]
[-0.11824699  0.42719564 -0.06294792 -4.67226766 -0.44512855 -0.2014394 ]
[-0.11828689  0.42713047 -0.06308134 -4.67284659 -0.44491086 -0.2014681 ]
[-0.11832676  0.42706532 -0.06321476 -4.67342553 -0.44469306 -0.20149692]
[-0.11836661  0.42700021 -0.06334818 -4.67400448 -0.44447515 -0.20152588]
[-0.11840644  0.42693512 -0.0634816  -4.67458343 -0.44425715 -0.20155495]
[-0.11844625  0.42687006 -0.06361503 -4.67516239 -0.44403905 -0.20158415]
[-0.11848604  0.42680503 -0.06374846 -4.67574136 -0.44382085 -0.20161346]
[-0.11852581  0.42674002 -0.06388189 -4.67632034 -0.44360257 -0.20164287]
[-0.11856556  0.42667503 -0.06401533 -4.67689933 -0.44338419 -0.20167239]
[-0.11860529  0.42661006 -0.06414877 -4.67747833 -0.44316574 -0.201702  ]
[-0.11864501  0.42654512 -0.06428221 -4.67805734 -0.44294721 -0.20173171]
[-0.11868471  0.42648019 -0.06441566 -4.67863636 -0.4427286  -0.20176151]
[-0.1187244   0.42641529 -0.06454911 -4.6792154  -0.44250992 -0.20179139]
[-0.11876407  0.4263504  -0.06468257 -4.67979444 -0.44229117 -0.20182136]
[-0.11880373  0.42628553 -0.06481603 -4.6803735  -0.44207235 -0.20185141]
[-0.11884338  0.42622067 -0.06494949 -4.68095258 -0.44185346 -0.20188153]
[-0.11888301  0.42615583 -0.06508296 -4.68153166 -0.44163452 -0.20191172]
[-0.11892263  0.42609101 -0.06521643 -4.68211076 -0.44141551 -0.20194199]
[-0.11896224  0.42602619 -0.06534991 -4.68268987 -0.44119645 -0.20197232]
[-0.11900184  0.4259614  -0.06548339 -4.683269   -0.44097734 -0.20200271]
[-0.11904143  0.42589661 -0.06561687 -4.68384814 -0.44075817 -0.20203316]
[-0.11908101  0.42583184 -0.06575036 -4.68442729 -0.44053895 -0.20206367]
[-0.11912058  0.42576708 -0.06588385 -4.68500645 -0.44031968 -0.20209423]
[-0.11916014  0.42570233 -0.06601735 -4.68558563 -0.44010037 -0.20212485]
[-0.1191997   0.42563759 -0.06615084 -4.68616482 -0.43988101 -0.20215551]
[-0.11923924  0.42557286 -0.06628434 -4.68674402 -0.43966162 -0.20218623]
[-0.11927878  0.42550814 -0.06641785 -4.68732323 -0.43944218 -0.20221699]
[-0.11931831  0.42544342 -0.06655136 -4.68790246 -0.4392227  -0.20224779]
[-0.11935783  0.42537872 -0.06668487 -4.6884817  -0.43900318 -0.20227863]
[-0.11939735  0.42531402 -0.06681838 -4.68906095 -0.43878363 -0.20230952]
[-0.11943686  0.42524934 -0.0669519  -4.68964021 -0.43856405 -0.20234044]
[-0.11947636  0.42518466 -0.06708542 -4.69021948 -0.43834444 -0.2023714 ]
[-0.11951586  0.42511998 -0.06721895 -4.69079876 -0.43812479 -0.20240239]
[-0.11955535  0.42505532 -0.06735247 -4.69137806 -0.43790511 -0.20243341]
[-0.11959484  0.42499066 -0.067486   -4.69195736 -0.43768541 -0.20246447]
[-0.11963433  0.424926   -0.06761953 -4.69253667 -0.43746568 -0.20249556]
[-0.11967381  0.42486135 -0.06775307 -4.693116   -0.43724592 -0.20252667]
[-0.11971328  0.42479671 -0.06788661 -4.69369533 -0.43702614 -0.20255781]
[-0.11975275  0.42473207 -0.06802015 -4.69427467 -0.43680633 -0.20258898]
[-0.11979222  0.42466744 -0.06815369 -4.69485402 -0.4365865  -0.20262017]
[-0.11983168  0.42460281 -0.06828723 -4.69543338 -0.43636665 -0.20265138]
[-0.11987114  0.42453819 -0.06842078 -4.69601275 -0.43614678 -0.20268262]
