[ 0.00476102  0.00814627 -0.02445829 -0.0490812   0.01286912 -0.01691916]
[ 0.00476515  0.00874244 -0.02588329 -0.05207316  0.01353278 -0.01734468]
[ 0.00478156  0.00936126 -0.02735696 -0.05517715  0.01423505 -0.01780529]
[ 0.00480963  0.01000111 -0.02887599 -0.0583864   0.01497416 -0.01829899]
[ 0.00484885  0.01066049 -0.03043741 -0.06169478  0.01574857 -0.01882399]
[ 0.00489874  0.01133806 -0.0320385  -0.06509681  0.01655696 -0.01937869]
[ 0.00495891  0.01203258 -0.03367679 -0.06858758  0.0173982  -0.01996168]
[ 0.00502902  0.01274292 -0.03535006 -0.07216276  0.01827137 -0.0205717 ]
[ 0.00510879  0.01346804 -0.03705628 -0.07581846  0.01917573 -0.02120769]
[ 0.005198    0.014207   -0.03879363 -0.07955131  0.02011072 -0.02186871]
[ 0.00529649  0.01495891 -0.04056044 -0.08335834  0.02107595 -0.02255396]
[ 0.00540413  0.01572298 -0.0423552  -0.08723699  0.02207121 -0.0232628 ]
[ 0.00552085  0.01649846 -0.04417656 -0.09118508  0.02309645 -0.02399467]
[ 0.00564664  0.01728464 -0.04602328 -0.09520076  0.02415178 -0.02474917]
[ 0.00578153  0.01808088 -0.04789421 -0.09928252  0.02523749 -0.02552599]
[ 0.0059256   0.01888654 -0.04978834 -0.10342913  0.02635399 -0.02632493]
[ 0.00607895  0.01970105 -0.05170469 -0.10763965  0.0275019  -0.02714589]
[ 0.00624177  0.02052383 -0.05364239 -0.11191338  0.02868197 -0.02798886]
[ 0.00641427  0.0213543  -0.05560058 -0.11624983  0.02989512 -0.02885392]
[ 0.00659669  0.02219191 -0.05757847 -0.12064875  0.03114242 -0.02974125]
[ 0.00678934  0.02303608 -0.05957525 -0.12511004  0.03242511 -0.03065107]
[ 0.00699256  0.02388623 -0.06159016 -0.12963375  0.0337446  -0.03158369]
[ 0.00720675  0.02474174 -0.06362236 -0.13422005  0.03510243 -0.0325395 ]
[ 0.00743231  0.02560195 -0.06567103 -0.13886921  0.03650033 -0.03351891]
[ 0.00766972  0.02646616 -0.06773523 -0.1435815   0.03794015 -0.0345224 ]
[ 0.00791947  0.02733359 -0.06981398 -0.14835722  0.03942392 -0.03555044]
[ 0.0081821   0.02820338 -0.07190616 -0.1531966   0.04095378 -0.03660357]
[ 0.00845816  0.02907459 -0.07401048 -0.15809975  0.04253201 -0.03768227]
[ 0.00874823  0.02994615 -0.07612552 -0.16306661  0.04416098 -0.03878705]
[ 0.0090529   0.03081688 -0.07824959 -0.16809682  0.04584316 -0.03991833]
[ 0.00937276  0.03168543 -0.08038078 -0.17318967  0.04758105 -0.04107648]
[ 0.0097084   0.0325503  -0.08251684 -0.17834401  0.04937717 -0.04226175]
[ 0.01006038  0.03340979 -0.0846552  -0.18355807  0.05123401 -0.04347423]
[ 0.01042922  0.03426199 -0.08679289 -0.18882939  0.05315395 -0.04471384]
[ 0.01081537  0.03510476 -0.08892648 -0.19415466  0.05513922 -0.04598024]
[ 0.0112192   0.03593574 -0.09105205 -0.19952956  0.05719177 -0.04727281]
[ 0.01164097  0.03675227 -0.09316516 -0.2049486   0.05931323 -0.04859056]
[ 0.01208076  0.03755146 -0.09526078 -0.21040495  0.06150475 -0.04993209]
[ 0.01253853  0.03833012 -0.09733327 -0.2158903   0.0637669  -0.05129551]
[ 0.01301396  0.03908481 -0.09937635 -0.2213947   0.06609954 -0.05267838]
[ 0.0135065   0.03981183 -0.10138315 -0.22690638  0.06850166 -0.05407765]
[ 0.01401532  0.04050725 -0.10334614 -0.23241171  0.07097124 -0.0554896 ]
[ 0.01453924  0.04116694 -0.10525725 -0.2378951   0.07350512 -0.05690979]
[ 0.01507672  0.04178667 -0.10710791 -0.24333899  0.07609883 -0.05833305]
[ 0.01562582  0.04236212 -0.10888917 -0.24872394  0.07874653 -0.05975343]
[ 0.01618421  0.04288902 -0.11059185 -0.25402876  0.08144089 -0.06116426]
[ 0.01674915  0.04336322 -0.1122067  -0.25923077  0.08417305 -0.0625582 ]
[ 0.0173175   0.04378084 -0.11372463 -0.26430616  0.08693267 -0.0639273 ]
[ 0.01788574  0.04413838 -0.11513698 -0.26923044  0.08970795 -0.06526316]
[ 0.01845005  0.04443284 -0.11643574 -0.273979    0.09248585 -0.06655707]
[ 0.01900637  0.04466187 -0.11761386 -0.27852774  0.09525224 -0.06780021]
[ 0.01955049  0.04482387 -0.11866552 -0.28285377  0.09799224 -0.06898391]
[ 0.02007812  0.04491809 -0.11958634 -0.28693611  0.1006906  -0.07009987]
[ 0.02058506  0.04494472 -0.12037359 -0.29075639  0.10333201 -0.07114042]
[ 0.02106732  0.04490485 -0.12102638 -0.29429947  0.10590166 -0.07209874]
[ 0.02152118  0.04480055 -0.12154564 -0.29755395  0.10838558 -0.07296914]
[ 0.02194336  0.04463477 -0.12193422 -0.30051255  0.11077108 -0.07374715]
[ 0.02233109  0.04441125 -0.12219672 -0.30317231  0.11304713 -0.07442973]
[ 0.0226822   0.04413444 -0.12233936 -0.3055346   0.11520465 -0.07501528]
[ 0.02299512  0.0438093  -0.12236977 -0.30760494  0.11723669 -0.07550364]
[ 0.02326895  0.04344118 -0.12229667 -0.30939271  0.11913855 -0.07589608]
[ 0.02350343  0.0430356  -0.12212962 -0.31091062  0.12090777 -0.07619513]
[ 0.02369887  0.04259816 -0.12187864 -0.31217415  0.12254409 -0.07640447]
[ 0.02385616  0.0421343  -0.12155396 -0.31320092  0.12404921 -0.0765287 ]
[ 0.02397663  0.04164924 -0.1211657  -0.31401003  0.12542661 -0.07657316]
[ 0.02406202  0.04114784 -0.12072363 -0.31462142  0.1266813  -0.0765437 ]
[ 0.02411435  0.0406345  -0.12023698 -0.31505528  0.12781944 -0.0764465 ]
[ 0.02413586  0.04011316 -0.11971425 -0.31533153  0.12884815 -0.07628785]
[ 0.02412894  0.03958724 -0.11916316 -0.31546938  0.12977511 -0.07607401]
[ 0.02409602  0.03905962 -0.11859055 -0.31548701  0.1306084  -0.07581108]
[ 0.02403952  0.03853271 -0.11800238 -0.31540133  0.1313562  -0.07550484]
[ 0.02396183  0.03800842 -0.1174037  -0.31522779  0.13202661 -0.07516073]
[ 0.02386521  0.03748824 -0.11679879 -0.31498032  0.13262748 -0.07478376]
[ 0.02375183  0.03697325 -0.11619109 -0.3146713   0.13316634 -0.07437851]
[ 0.02362367  0.03646422 -0.11558339 -0.31431159  0.13365022 -0.07394907]
[ 0.02348258  0.03596161 -0.11497782 -0.31391062  0.13408568 -0.0734991 ]
[ 0.02333024  0.03546566 -0.11437598 -0.31347643  0.13447872 -0.07303179]
[ 0.02316815  0.03497637 -0.113779   -0.31301586  0.1348348  -0.07254994]
[ 0.02299765  0.03449364 -0.11318764 -0.3125346   0.13515881 -0.07205596]
[ 0.02281993  0.03401721 -0.11260231 -0.31203737  0.13545513 -0.07155189]
[ 0.02263604  0.03354676 -0.11202318 -0.31152802  0.13572764 -0.07103947]
[ 0.02244689  0.03308188 -0.11145022 -0.31100964  0.13597974 -0.07052017]
[ 0.02225328  0.03262216 -0.11088325 -0.31048469  0.1362144  -0.06999519]
[ 0.02205587  0.03216714 -0.11032195 -0.30995509  0.13643419 -0.06946553]
[ 0.02185525  0.03171637 -0.10976596 -0.3094223   0.13664134 -0.068932  ]
[ 0.02165193  0.0312694  -0.10921485 -0.3088874   0.13683776 -0.06839527]
[ 0.02144631  0.03082581 -0.10866815 -0.3083512   0.13702506 -0.06785586]
[ 0.02123876  0.03038518 -0.1081254  -0.30781423  0.13720462 -0.06731418]
[ 0.02102956  0.02994713 -0.10758613 -0.30727683  0.1373776  -0.06677055]
[ 0.02081897  0.0295113  -0.1070499  -0.3067392   0.13754497 -0.06622521]
[ 0.02060719  0.02907737 -0.10651626 -0.30620141  0.13770754 -0.06567836]
[ 0.02039438  0.02864504 -0.10598482 -0.30566345  0.13786597 -0.06513011]
[ 0.0201807   0.02821405 -0.1054552  -0.30512523  0.13802081 -0.06458056]
[ 0.01996624  0.02778415 -0.10492704 -0.30458662  0.1381725  -0.06402976]
[ 0.01975109  0.02735512 -0.10440003 -0.30404746  0.13832139 -0.06347775]
[ 0.01953534  0.02692679 -0.10387389 -0.30350755  0.13846777 -0.06292453]
[ 0.01931904  0.02649899 -0.10334835 -0.3029667   0.13861185 -0.0623701 ]
[ 0.01910223  0.02607156 -0.10282318 -0.30242469  0.1387538  -0.06181444]
[ 0.01888495  0.0256444  -0.10229817 -0.3018813   0.13889372 -0.06125751]
[ 0.01866723  0.02521737 -0.10177313 -0.30133632  0.1390317  -0.06069929]
[ 0.01844907  0.0247904  -0.1012479  -0.30078954  0.13916778 -0.06013973]
[ 0.01823051  0.02436341 -0.10072233 -0.30024074  0.13930198 -0.05957878]
[ 0.01801154  0.02393632 -0.10019629 -0.29968971  0.1394343  -0.0590164 ]
[ 0.01779218  0.02350907 -0.09966965 -0.29913625  0.13956469 -0.05845253]
[ 0.01757243  0.02308163 -0.09914232 -0.29858015  0.13969313 -0.05788713]
[ 0.01735228  0.02265394 -0.0986142  -0.29802122  0.13981955 -0.05732013]
[ 0.01713173  0.02222598 -0.0980852  -0.29745924  0.13994387 -0.05675148]
[ 0.01691079  0.02179771 -0.09755525 -0.29689402  0.140066   -0.05618114]
[ 0.01668944  0.02136913 -0.09702427 -0.29632537  0.14018584 -0.05560903]
[ 0.01646769  0.02094021 -0.0964922  -0.29575306  0.14030329 -0.0550351 ]
[ 0.01624553  0.02051093 -0.09595897 -0.2951769   0.14041822 -0.0544593 ]
[ 0.01602295  0.0200813  -0.09542454 -0.29459668  0.14053049 -0.05388157]
[ 0.01579995  0.01965131 -0.09488884 -0.29401218  0.14063997 -0.05330185]
[ 0.01557652  0.01922096 -0.09435182 -0.29342318  0.14074651 -0.05272008]
[ 0.01535266  0.01879025 -0.09381344 -0.29282946  0.14084995 -0.0521362 ]
[ 0.01512835  0.01835918 -0.09327364 -0.29223077  0.1409501  -0.05155015]
[ 0.0149036   0.01792777 -0.09273238 -0.29162688  0.14104681 -0.05096188]
[ 0.0146784   0.01749603 -0.09218962 -0.29101754  0.14113986 -0.05037133]
[ 0.01445274  0.01706396 -0.0916453  -0.29040249  0.14122906 -0.04977843]
[ 0.01422662  0.0166316  -0.09109938 -0.28978145  0.14131421 -0.04918313]
[ 0.01400004  0.01619896 -0.09055183 -0.28915415  0.14139507 -0.04858537]
[ 0.01377299  0.01576606 -0.09000259 -0.2885203   0.14147141 -0.04798509]
[ 0.01354547  0.01533293 -0.08945164 -0.2878796   0.14154298 -0.04738224]
[ 0.01331748  0.01489961 -0.08889891 -0.28723174  0.14160953 -0.04677675]
[ 0.01308903  0.01446612 -0.08834439 -0.28657639  0.14167079 -0.04616858]
[ 0.0128601   0.01403251 -0.08778802 -0.28591322  0.14172647 -0.04555767]
[ 0.01263071  0.01359881 -0.08722977 -0.28524187  0.14177627 -0.04494396]
[ 0.01240085  0.01316508 -0.0866696  -0.284562    0.14181989 -0.04432741]
[ 0.01217054  0.01273137 -0.08610749 -0.28387322  0.14185699 -0.04370797]
[ 0.01193978  0.01229773 -0.08554338 -0.28317515  0.14188724 -0.0430856 ]
[ 0.01170857  0.01186422 -0.08497726 -0.28246739  0.14191029 -0.04246025]
[ 0.01147693  0.01143091 -0.08440909 -0.28174953  0.14192576 -0.04183189]
[ 0.01124487  0.01099788 -0.08383885 -0.28102114  0.14193327 -0.04120047]
[ 0.0110124   0.0105652  -0.08326651 -0.28028179  0.14193242 -0.04056598]
[ 0.01077955  0.01013296 -0.08269206 -0.27953104  0.1419228  -0.03992839]
[ 0.01054633  0.00970124 -0.08211547 -0.27876841  0.14190397 -0.03928768]
[ 0.01031276  0.00927016 -0.08153673 -0.27799344  0.14187549 -0.03864383]
[ 0.01007887  0.00883981 -0.08095583 -0.27720565  0.1418369  -0.03799686]
[ 0.00984468  0.00841032 -0.08037278 -0.27640453  0.14178771 -0.03734675]
[ 0.00961024  0.00798179 -0.07978757 -0.2755896   0.14172745 -0.03669352]
[ 0.00937557  0.00755437 -0.07920021 -0.27476034  0.14165559 -0.03603719]
[ 0.00914071  0.0071282  -0.07861071 -0.27391623  0.14157161 -0.03537779]
[ 0.00890571  0.00670341 -0.07801909 -0.27305675  0.14147499 -0.03471537]
[ 0.00867062  0.00628017 -0.07742539 -0.27218137  0.14136518 -0.03404997]
[ 0.00843548  0.00585865 -0.07682964 -0.27128956  0.14124161 -0.03338168]
[ 0.00820035  0.00543902 -0.07623188 -0.27038078  0.14110372 -0.03271056]
[ 0.00796529  0.00502147 -0.07563216 -0.26945451  0.14095092 -0.03203671]
[ 0.00773037  0.00460619 -0.07503056 -0.26851023  0.14078264 -0.03136025]
[ 0.00749565  0.0041934  -0.07442715 -0.2675474   0.14059826 -0.03068129]
[ 0.00726122  0.0037833  -0.07382201 -0.26656551  0.14039721 -0.02999999]
[ 0.00702716  0.00337613 -0.07321524 -0.26556406  0.14017887 -0.02931651]
[ 0.00679355  0.00297211 -0.07260695 -0.26454257  0.13994266 -0.02863103]
[ 0.00656048  0.00257151 -0.07199726 -0.26350056  0.13968796 -0.02794375]
[ 0.00632805  0.00217457 -0.07138631 -0.26243759  0.1394142  -0.02725488]
[ 0.00609637  0.00178155 -0.07077424 -0.26135322  0.13912078 -0.02656469]
[ 0.00586554  0.00139273 -0.07016123 -0.26024707  0.13880714 -0.02587342]
[ 0.00563568  0.0010084  -0.06954745 -0.25911876  0.13847273 -0.02518138]
[ 0.0054069   0.00062883 -0.06893308 -0.25796798  0.13811701 -0.02448886]
[ 5.17934406e-03  2.54327338e-04 -6.83183462e-02 -2.56794434e-01  1.37739460e-01 -2.37961980e-02]
[ 4.95312699e-03 -1.14812154e-04 -6.77034636e-02 -2.55597882e-01  1.37339607e-01 -2.31037559e-02]
[ 0.00472839 -0.00047828 -0.06708867 -0.25437813  0.13691699 -0.02241191]
[ 0.00450527 -0.00083578 -0.06647422 -0.25313505  0.1364712  -0.02172106]
[ 0.0042839  -0.00118698 -0.06586038 -0.25186856  0.13600186 -0.02103163]
[ 0.00406445 -0.00153159 -0.06524744 -0.25057863  0.13550863 -0.02034407]
[ 0.00384705 -0.0018693  -0.06463568 -0.24926533  0.13499123 -0.01965884]
[ 0.00363186 -0.00219978 -0.06402542 -0.24792876  0.13444944 -0.01897643]
[ 0.00341904 -0.00252275 -0.06341698 -0.24656912  0.13388308 -0.01829735]
[ 0.00320874 -0.0028379  -0.06281069 -0.24518668  0.13329204 -0.0176221 ]
[ 0.00300111 -0.00314495 -0.06220689 -0.24378178  0.13267628 -0.01695123]
[ 0.00279631 -0.00344361 -0.06160594 -0.24235486  0.13203583 -0.01628529]
[ 0.00259449 -0.00373362 -0.06100819 -0.24090643  0.13137079 -0.01562484]
[ 0.00239582 -0.00401473 -0.060414   -0.23943707  0.13068132 -0.01497043]
[ 0.00220043 -0.0042867  -0.05982375 -0.23794747  0.12996769 -0.01432264]
[ 0.00200847 -0.0045493  -0.05923781 -0.23643839  0.12923023 -0.01368205]
[ 0.00182008 -0.00480234 -0.05865654 -0.23491068  0.12846935 -0.01304922]
[ 0.00163539 -0.00504564 -0.05808031 -0.23336526  0.12768554 -0.01242472]
[ 0.00145454 -0.00527904 -0.05750949 -0.23180314  0.12687939 -0.01180911]
[ 0.00127764 -0.00550242 -0.05694444 -0.23022539  0.12605154 -0.01120294]
[ 0.0011048  -0.00571568 -0.05638549 -0.22863317  0.12520273 -0.01060674]
[ 0.00093612 -0.00591872 -0.05583299 -0.22702768  0.12433377 -0.01002103]
[ 0.00077169 -0.00611151 -0.05528727 -0.22541019  0.12344555 -0.00944631]
[ 0.00061159 -0.00629404 -0.05474863 -0.22378204  0.12253901 -0.00888303]
[ 0.00045589 -0.0064663  -0.05421736 -0.2221446   0.12161518 -0.00833164]
[ 0.00030465 -0.00662835 -0.05369373 -0.22049927  0.12067514 -0.00779256]
[ 1.57894643e-04 -6.78026269e-03 -5.31779902e-02 -2.18847490e-01  1.19719998e-01 -7.26614588e-03]
[ 1.56665197e-05 -6.92213144e-03 -5.26703732e-02 -2.17190726e-01  1.18750948e-01 -6.75275186e-03]
[-1.22022151e-04 -7.05409352e-03 -5.21710778e-02 -2.15530450e-01  1.17769203e-01 -6.25267554e-03]
[-0.00025517 -0.00717631 -0.05168028 -0.21386814  0.11677601 -0.00576618]
[-0.00038379 -0.00728897 -0.05119813 -0.21220527  0.11577265 -0.00529348]
[-0.0005079  -0.00739229 -0.05072475 -0.21054329  0.11476041 -0.00483476]
[-0.00062754 -0.00748652 -0.05026024 -0.20888365  0.11374059 -0.00439014]
[-0.00074276 -0.0075719  -0.04980466 -0.20722774  0.1127145  -0.00395973]
[-0.00085363 -0.00764875 -0.04935804 -0.20557694  0.11168343 -0.00354356]
[-0.00096022 -0.00771734 -0.0489204  -0.20393256  0.11064866 -0.00314164]
[-0.00106261 -0.00777802 -0.04849172 -0.20229587  0.10961146 -0.00275393]
[-0.0011609  -0.00783111 -0.04807195 -0.20066808  0.10857307 -0.00238035]
[-0.00125519 -0.00787697 -0.04766103 -0.19905032  0.10753467 -0.00202077]
[-0.0013456  -0.00791596 -0.04725885 -0.19744368  0.10649744 -0.00167505]
[-0.00143225 -0.00794845 -0.04686529 -0.19584913  0.10546247 -0.00134299]
[-0.00151525 -0.0079748  -0.04648022 -0.19426761  0.10443085 -0.00102435]
[-0.00159476 -0.0079954  -0.04610346 -0.19269994  0.10340356 -0.00071889]
[-0.0016709  -0.00801063 -0.04573484 -0.19114689  0.10238156 -0.00042632]
[-1.74382087e-03 -8.02085626e-03 -4.53741535e-02 -1.89609131e-01  1.01365731e-01 -1.46316419e-04]
[-1.81365998e-03 -8.02646058e-03 -4.50211888e-02 -1.88087250e-01  1.00356901e-01  1.21445323e-04]
[-0.00188057 -0.00802781 -0.04467572 -0.18658175  0.09935583  0.00037732]
[-0.00194469 -0.00802527 -0.04433749 -0.18509307  0.09836319  0.00062169]
[-0.00200617 -0.00801918 -0.04400627 -0.18362154  0.09737963  0.00085492]
[-0.00206516 -0.0080099  -0.04368178 -0.18216743  0.09640569  0.00107743]
[-0.00212181 -0.00799776 -0.04336377 -0.18073094  0.09544186  0.00128961]
[-0.00217625 -0.00798308 -0.04305197 -0.17931218  0.09448857  0.00149188]
[-0.00222864 -0.00796617 -0.04274609 -0.17791122  0.09354619  0.00168465]
[-0.0022791  -0.00794731 -0.04244587 -0.17652803  0.09261501  0.00186834]
[-0.00232777 -0.0079268  -0.04215102 -0.17516254  0.09169528  0.00204337]
[-0.00237479 -0.00790489 -0.04186128 -0.17381462  0.09078718  0.00221014]
[-0.00242027 -0.00788184 -0.04157636 -0.17248408  0.08989085  0.00236908]
[-0.00246434 -0.00785788 -0.04129601 -0.17117071  0.08900637  0.00252058]
[-0.00250711 -0.00783323 -0.04101996 -0.16987422  0.08813376  0.00266503]
[-0.0025487  -0.00780809 -0.04074793 -0.16859429  0.08727303  0.00280282]
[-0.0025892  -0.00778266 -0.04047969 -0.16733059  0.08642412  0.00293434]
[-0.00262873 -0.00775711 -0.04021498 -0.16608271  0.08558694  0.00305993]
[-0.00266737 -0.0077316  -0.03995357 -0.16485027  0.08476137  0.00317996]
[-0.00270521 -0.00770628 -0.03969522 -0.16363282  0.08394724  0.00329477]
[-0.00274234 -0.00768127 -0.03943969 -0.16242991  0.08314439  0.00340467]
[-0.00277883 -0.0076567  -0.03918679 -0.16124106  0.08235259  0.00350999]
[-0.00281476 -0.00763268 -0.0389363  -0.16006581  0.08157162  0.00361103]
[-0.00285019 -0.00760929 -0.03868802 -0.15890365  0.08080122  0.00370807]
[-0.00288519 -0.00758663 -0.03844175 -0.15775408  0.08004113  0.00380137]
[-0.00291981 -0.00756477 -0.03819732 -0.1566166   0.07929106  0.00389121]
[-0.00295412 -0.00754377 -0.03795455 -0.15549069  0.07855072  0.00397782]
[-0.00298814 -0.00752368 -0.03771328 -0.15437585  0.0778198   0.00406144]
[-0.00302193 -0.00750455 -0.03747335 -0.15327157  0.07709798  0.00414227]
[-0.00305554 -0.00748642 -0.03723461 -0.15217733  0.07638496  0.00422053]
[-0.00308898 -0.00746931 -0.03699692 -0.15109265  0.07568041  0.00429641]
[-0.0031223  -0.00745324 -0.03676014 -0.15001703  0.074984    0.00437007]
[-0.00315553 -0.00743823 -0.03652416 -0.14894997  0.0742954   0.0044417 ]
[-0.00318868 -0.00742429 -0.03628884 -0.14789101  0.07361429  0.00451144]
[-0.00322178 -0.00741142 -0.03605409 -0.14683967  0.07294035  0.00457943]
[-0.00325485 -0.00739963 -0.0358198  -0.1457955   0.07227325  0.00464581]
[-0.0032879  -0.00738889 -0.03558587 -0.14475805  0.07161268  0.0047107 ]
[-0.00332095 -0.00737921 -0.0353522  -0.14372687  0.07095832  0.00477422]
[-0.003354   -0.00737056 -0.03511872 -0.14270156  0.07030986  0.00483645]
[-0.00338706 -0.00736294 -0.03488534 -0.1416817   0.069667    0.00489751]
[-0.00342014 -0.00735631 -0.03465199 -0.14066689  0.06902945  0.00495747]
[-0.00345325 -0.00735066 -0.0344186  -0.13965674  0.06839693  0.00501641]
[-0.00348638 -0.00734596 -0.03418511 -0.13865089  0.06776914  0.0050744 ]
[-0.00351953 -0.00734219 -0.03395146 -0.13764898  0.06714581  0.00513149]
[-0.0035527  -0.00733931 -0.03371758 -0.13665066  0.06652669  0.00518776]
[-0.00358588 -0.00733728 -0.03348344 -0.1356556   0.06591152  0.00524323]
[-0.00361908 -0.00733609 -0.03324899 -0.13466349  0.06530004  0.00529797]
[-0.00365228 -0.00733569 -0.03301417 -0.13367402  0.06469203  0.005352  ]
[-0.00368548 -0.00733605 -0.03277896 -0.1326869   0.06408726  0.00540535]
[-0.00371867 -0.00733714 -0.03254332 -0.13170185  0.0634855   0.00545805]
[-0.00375184 -0.00733892 -0.03230721 -0.13071861  0.06288654  0.00551012]
[-0.00378497 -0.00734135 -0.03207061 -0.12973693  0.06229019  0.00556158]
[-0.00381806 -0.00734439 -0.03183349 -0.12875657  0.06169626  0.00561244]
[-0.00385109 -0.00734802 -0.03159582 -0.12777731  0.06110455  0.0056627 ]
[-0.00388405 -0.00735219 -0.03135759 -0.12679892  0.06051491  0.00571238]
[-0.00391692 -0.00735686 -0.03111878 -0.12582122  0.05992716  0.00576148]
[-0.00394969 -0.00736199 -0.03087937 -0.124844    0.05934115  0.00580998]
[-0.00398234 -0.00736756 -0.03063935 -0.12386711  0.05875673  0.00585789]
[-0.00401486 -0.00737352 -0.03039871 -0.12289036  0.05817378  0.0059052 ]
[-0.00404722 -0.00737984 -0.03015744 -0.12191361  0.05759216  0.0059519 ]
[-0.00407942 -0.00738648 -0.02991553 -0.12093672  0.05701175  0.00599797]
[-0.00411143 -0.0073934  -0.02967299 -0.11995955  0.05643245  0.00604341]
[-0.00414323 -0.00740057 -0.0294298  -0.118982    0.05585415  0.00608818]
[-0.00417481 -0.00740795 -0.02918597 -0.11800395  0.05527676  0.00613227]
[-0.00420614 -0.00741551 -0.0289415  -0.11702531  0.0547002   0.00617566]
[-0.0042372  -0.00742321 -0.0286964  -0.11604599  0.0541244   0.00621833]
[-0.00426798 -0.00743102 -0.02845067 -0.11506592  0.05354928  0.00626024]
[-0.00429845 -0.0074389  -0.02820431 -0.11408504  0.05297479  0.00630138]
[-0.0043286  -0.00744682 -0.02795735 -0.11310331  0.05240088  0.00634171]
[-0.00435839 -0.00745475 -0.0277098  -0.11212067  0.05182751  0.00638121]
[-0.00438781 -0.00746265 -0.02746165 -0.1111371   0.05125464  0.00641984]
[-0.00441684 -0.00747049 -0.02721295 -0.11015259  0.05068225  0.00645757]
[-0.00444545 -0.00747824 -0.02696369 -0.10916712  0.05011032  0.00649436]
[-0.00447362 -0.00748587 -0.02671391 -0.1081807   0.04953884  0.00653019]
[-0.00450132 -0.00749334 -0.02646362 -0.10719335  0.04896782  0.00656502]
[-0.00452854 -0.00750063 -0.02621285 -0.10620509  0.04839725  0.00659881]
[-0.00455525 -0.0075077  -0.02596163 -0.10521597  0.04782715  0.00663153]
[-0.00458143 -0.00751453 -0.02570999 -0.10422602  0.04725754  0.00666313]
[-0.00460705 -0.00752108 -0.02545795 -0.1032353   0.04668846  0.00669359]
[-0.00463209 -0.00752733 -0.02520555 -0.1022439   0.04611994  0.00672286]
[-0.00465653 -0.00753325 -0.02495283 -0.10125188  0.04555202  0.0067509 ]
[-0.00468033 -0.0075388  -0.02469982 -0.10025935  0.04498476  0.00677767]
[-0.00470349 -0.00754397 -0.02444656 -0.0992664   0.04441821  0.00680314]
[-0.00472596 -0.00754872 -0.0241931  -0.09827315  0.04385245  0.00682727]
[-0.00474773 -0.00755302 -0.02393948 -0.09727972  0.04328755  0.00685002]
[-0.00476878 -0.00755685 -0.02368575 -0.09628626  0.04272358  0.00687134]
[-0.00478908 -0.00756019 -0.02343195 -0.0952929   0.04216064  0.0068912 ]
[-0.00480861 -0.00756301 -0.02317814 -0.09429981  0.04159882  0.00690956]
[-0.00482733 -0.00756528 -0.02292437 -0.09330715  0.04103822  0.00692639]
[-0.00484524 -0.00756698 -0.0226707  -0.0923151   0.04047896  0.00694164]
[-0.00486231 -0.00756808 -0.02241718 -0.09132386  0.03992114  0.00695527]
[-0.00487851 -0.00756856 -0.02216388 -0.09033362  0.03936488  0.00696726]
[-0.00489382 -0.00756841 -0.02191085 -0.08934459  0.03881032  0.00697757]
[-0.00490822 -0.00756759 -0.02165817 -0.08835699  0.03825759  0.00698615]
[-0.00492169 -0.00756608 -0.02140589 -0.08737105  0.03770681  0.00699298]
[-0.00493421 -0.00756387 -0.0211541  -0.08638701  0.03715815  0.00699803]
[-0.00494576 -0.00756094 -0.02090284 -0.08540511  0.03661174  0.00700126]
[-0.00495631 -0.00755726 -0.02065221 -0.08442562  0.03606774  0.00700264]
[-0.00496585 -0.00755282 -0.02040227 -0.08344879  0.03552631  0.00700214]
[-0.00497437 -0.0075476  -0.0201531  -0.08247489  0.03498761  0.00699975]
[-0.00498184 -0.00754158 -0.01990478 -0.08150421  0.0344518   0.00699542]
[-0.00498824 -0.00753475 -0.01965738 -0.08053703  0.03391906  0.00698915]
[-0.00499357 -0.00752709 -0.01941099 -0.07957365  0.03338955  0.0069809 ]
[-0.0049978  -0.00751859 -0.01916569 -0.07861435  0.03286346  0.00697066]
[-0.00500093 -0.00750924 -0.01892155 -0.07765944  0.03234095  0.00695841]
[-0.00500294 -0.00749903 -0.01867867 -0.07670923  0.03182221  0.00694414]
[-0.00500383 -0.00748793 -0.01843712 -0.07576404  0.03130742  0.00692783]
[-0.00500357 -0.00747596 -0.01819699 -0.07482416  0.03079676  0.00690947]
[-0.00500217 -0.00746309 -0.01795836 -0.07388992  0.03029041  0.00688905]
[-0.00499961 -0.00744932 -0.01772132 -0.07296164  0.02978855  0.00686657]
[-0.0049959  -0.00743464 -0.01748596 -0.07203964  0.02929136  0.00684203]
[-0.00499101 -0.00741905 -0.01725235 -0.07112422  0.02879903  0.00681542]
[-0.00498497 -0.00740255 -0.01702059 -0.07021572  0.02831173  0.00678675]
[-0.00497775 -0.00738514 -0.01679075 -0.06931444  0.02782963  0.00675602]
[-0.00496937 -0.00736681 -0.01656291 -0.0684207   0.02735292  0.00672324]
[-0.00495982 -0.00734756 -0.01633716 -0.06753481  0.02688176  0.00668843]
[-0.0049491  -0.0073274  -0.01611358 -0.06665706  0.02641631  0.00665159]
[-0.00493723 -0.00730632 -0.01589225 -0.06578777  0.02595675  0.00661274]
[-0.00492421 -0.00728435 -0.01567324 -0.06492723  0.02550322  0.0065719 ]
[-0.00491004 -0.00726147 -0.01545662 -0.06407572  0.02505588  0.0065291 ]
[-0.00489474 -0.0072377  -0.01524248 -0.06323352  0.02461488  0.00648436]
[-0.00487831 -0.00721305 -0.01503087 -0.0624009   0.02418035  0.0064377 ]
[-0.00486077 -0.00718752 -0.01482187 -0.06157813  0.02375244  0.00638916]
[-0.00484214 -0.00716113 -0.01461554 -0.06076545  0.02333126  0.00633877]
[-0.00482243 -0.0071339  -0.01441194 -0.0599631   0.02291694  0.00628657]
[-0.00480165 -0.00710582 -0.01421113 -0.05917132  0.02250959  0.0062326 ]
[-0.00477983 -0.00707693 -0.01401317 -0.05839033  0.02210931  0.00617689]
[-0.00475699 -0.00704723 -0.0138181  -0.05762031  0.0217162   0.00611949]
[-0.00473314 -0.00701674 -0.01362598 -0.05686147  0.02133034  0.00606045]
[-0.00470831 -0.00698548 -0.01343685 -0.05611399  0.02095182  0.00599981]
[-0.00468253 -0.00695347 -0.01325075 -0.05537801  0.02058069  0.00593763]
[-0.00465581 -0.00692073 -0.01306771 -0.0546537   0.02021702  0.00587395]
[-0.00462819 -0.00688728 -0.01288778 -0.05394118  0.01986086  0.00580883]
[-0.0045997  -0.00685315 -0.01271097 -0.05324058  0.01951225  0.00574232]
[-0.00457035 -0.00681835 -0.01253731 -0.05255199  0.01917122  0.00567449]
[-0.00454018 -0.0067829  -0.01236683 -0.05187549  0.01883779  0.00560538]
[-0.00450923 -0.00674685 -0.01219954 -0.05121117  0.01851197  0.00553505]
[-0.00447751 -0.00671019 -0.01203545 -0.05055906  0.01819376  0.00546358]
[-0.00444507 -0.00667298 -0.01187456 -0.04991922  0.01788315  0.00539101]
[-0.00441193 -0.00663522 -0.01171689 -0.04929166  0.01758013  0.00531741]
[-0.00437812 -0.00659694 -0.01156243 -0.04867639  0.01728467  0.00524284]
[-0.00434369 -0.00655818 -0.01141117 -0.0480734   0.01699673  0.00516736]
[-0.00430866 -0.00651895 -0.01126311 -0.04748267  0.01671627  0.00509104]
[-0.00427306 -0.00647928 -0.01111824 -0.04690415  0.01644324  0.00501393]
[-0.00423693 -0.00643921 -0.01097654 -0.0463378   0.01617757  0.00493611]
[-0.00420031 -0.00639875 -0.01083799 -0.04578355  0.01591919  0.00485763]
[-0.00416321 -0.00635793 -0.01070257 -0.0452413   0.01566803  0.00477855]
[-0.00412569 -0.00631679 -0.01057025 -0.04471098  0.015424    0.00469893]
[-0.00408777 -0.00627534 -0.01044099 -0.04419247  0.01518702  0.00461884]
[-0.00404948 -0.00623362 -0.01031477 -0.04368565  0.01495697  0.00453834]
[-0.00401086 -0.00619164 -0.01019156 -0.04319039  0.01473376  0.00445748]
[-0.00397194 -0.00614944 -0.0100713  -0.04270655  0.01451728  0.00437632]
[-0.00393274 -0.00610704 -0.00995397 -0.04223397  0.0143074   0.00429492]
[-0.00389331 -0.00606446 -0.0098395  -0.04177249  0.01410402  0.00421333]
[-0.00385367 -0.00602173 -0.00972787 -0.04132194  0.013907    0.0041316 ]
[-0.00381385 -0.00597887 -0.00961902 -0.04088213  0.01371622  0.0040498 ]
[-0.00377388 -0.0059359  -0.0095129  -0.04045289  0.01353153  0.00396796]
[-0.00373379 -0.00589286 -0.00940945 -0.04003401  0.01335281  0.00388614]
[-0.0036936  -0.00584975 -0.00930863 -0.03962529  0.01317992  0.00380439]
[-0.00365335 -0.0058066  -0.00921038 -0.03922652  0.0130127   0.00372275]
[-0.00361305 -0.00576344 -0.00911463 -0.0388375   0.01285103  0.00364127]
[-0.00357274 -0.00572027 -0.00902134 -0.038458    0.01269474  0.00355998]
[-0.00353243 -0.00567713 -0.00893045 -0.03808779  0.0125437   0.00347893]
[-0.00349216 -0.00563402 -0.00884188 -0.03772667  0.01239775  0.00339817]
[-0.00345193 -0.00559097 -0.00875559 -0.03737439  0.01225674  0.00331771]
[-0.00341179 -0.00554799 -0.00867152 -0.03703073  0.01212054  0.00323761]
[-0.00337173 -0.0055051  -0.0085896  -0.03669545  0.01198898  0.00315789]
[-0.00333179 -0.00546231 -0.00850976 -0.03636833  0.01186191  0.00307858]
[-0.00329198 -0.00541964 -0.00843196 -0.03604913  0.0117392   0.00299972]
[-0.00325232 -0.00537711 -0.00835613 -0.03573762  0.01162068  0.00292133]
[-0.00321283 -0.00533472 -0.0082822  -0.03543357  0.01150622  0.00284344]
[-0.00317352 -0.00529248 -0.00821012 -0.03513674  0.01139567  0.00276607]
[-0.0031344  -0.00525042 -0.00813983 -0.0348469   0.01128888  0.00268925]
[-0.0030955  -0.00520854 -0.00807126 -0.03456384  0.01118572  0.00261299]
[-0.00305682 -0.00516684 -0.00800436 -0.03428731  0.01108603  0.00253731]
[-0.00301837 -0.00512535 -0.00793907 -0.0340171   0.0109897   0.00246224]
[-0.00298017 -0.00508406 -0.00787533 -0.03375298  0.01089658  0.00238778]
[-0.00294223 -0.00504299 -0.00781309 -0.03349474  0.01080653  0.00231396]
[-0.00290455 -0.00500214 -0.00775228 -0.03324216  0.01071943  0.00224078]
[-0.00286715 -0.00496152 -0.00769285 -0.03299503  0.01063516  0.00216826]
[-0.00283003 -0.00492114 -0.00763476 -0.03275315  0.01055358  0.00209641]
[-0.0027932  -0.004881   -0.00757794 -0.03251631  0.01047457  0.00202523]
[-0.00275667 -0.0048411  -0.00752234 -0.03228431  0.01039802  0.00195473]
[-0.00272043 -0.00480146 -0.00746792 -0.03205695  0.01032382  0.00188492]
[-0.00268451 -0.00476207 -0.00741463 -0.03183405  0.01025184  0.00181581]
[-0.00264889 -0.00472294 -0.00736241 -0.03161542  0.01018198  0.00174739]
[-0.0026136  -0.00468407 -0.00731121 -0.03140087  0.01011413  0.00167967]
[-0.00257861 -0.00464546 -0.00726101 -0.03119024  0.0100482   0.00161266]
[-0.00254395 -0.00460711 -0.00721174 -0.03098334  0.00998407  0.00154635]
[-0.00250962 -0.00456903 -0.00716336 -0.03078002  0.00992167  0.00148074]
[-0.0024756  -0.00453122 -0.00711584 -0.0305801   0.00986088  0.00141583]
[-0.00244192 -0.00449367 -0.00706913 -0.03038344  0.00980162  0.00135163]
[-0.00240855 -0.0044564  -0.0070232  -0.03018987  0.00974381  0.00128812]
[-0.00237552 -0.00441939 -0.006978   -0.02999925  0.00968736  0.0012253 ]
[-0.00234281 -0.00438265 -0.0069335  -0.02981143  0.00963219  0.00116318]
[-0.00231042 -0.00434617 -0.00688966 -0.02962629  0.00957823  0.00110174]
[-0.00227836 -0.00430996 -0.00684645 -0.02944368  0.00952539  0.00104098]
[-0.00224663 -0.00427401 -0.00680384 -0.02926347  0.0094736   0.00098089]
[-0.00221521 -0.00423833 -0.00676178 -0.02908554  0.00942281  0.00092147]
[-0.00218411 -0.0042029  -0.00672026 -0.02890977  0.00937294  0.00086272]
[-0.00215333 -0.00416774 -0.00667925 -0.02873604  0.00932392  0.00080461]
[-0.00212286 -0.00413283 -0.0066387  -0.02856424  0.0092757   0.00074716]
[-0.0020927  -0.00409817 -0.00659861 -0.02839427  0.00922822  0.00069034]
[-0.00206286 -0.00406377 -0.00655893 -0.02822602  0.00918143  0.00063415]
[-0.00203331 -0.00402961 -0.00651965 -0.02805939  0.00913527  0.00057859]
[-0.00200407 -0.0039957  -0.00648074 -0.02789429  0.00908968  0.00052363]
[-0.00197513 -0.00396204 -0.00644217 -0.02773063  0.00904463  0.00046928]
[-0.00194648 -0.00392861 -0.00640394 -0.02756831  0.00900007  0.00041553]
[-0.00191812 -0.00389542 -0.006366   -0.02740726  0.00895595  0.00036236]
[-0.00189005 -0.00386246 -0.00632835 -0.02724739  0.00891224  0.00030976]
[-0.00186226 -0.00382973 -0.00629097 -0.02708863  0.00886889  0.00025773]
[-0.00183474 -0.00379723 -0.00625383 -0.02693091  0.00882586  0.00020626]
[-0.0018075  -0.00376495 -0.00621692 -0.02677415  0.00878312  0.00015533]
[-0.00178053 -0.00373288 -0.00618022 -0.0266183   0.00874064  0.00010494]
[-1.75383010e-03 -3.70103780e-03 -6.14371462e-03 -2.64632758e-02  8.69838242e-03  5.50717830e-05]
[-1.72738585e-03 -3.66940207e-03 -6.10739103e-03 -2.63090296e-02  8.65632115e-03  5.72187903e-06]
[-1.70119745e-03 -3.63797391e-03 -6.07123316e-03 -2.61555008e-02  8.61442647e-03 -4.31221810e-05]
[-1.67526033e-03 -3.60674953e-03 -6.03522724e-03 -2.60026346e-02  8.57267165e-03 -9.14704525e-05]
[-0.00164957 -0.00357573 -0.00599936 -0.02585038  0.00853103 -0.00013933]
[-0.00162412 -0.0035449  -0.00596362 -0.02569868  0.00848948 -0.00018672]
[-0.00159891 -0.00351426 -0.00592799 -0.0255475   0.008448   -0.00023364]
[-0.00157393 -0.00348381 -0.00589247 -0.02539679  0.00840657 -0.00028011]
[-0.00154918 -0.00345355 -0.00585704 -0.0252465   0.00836516 -0.00032612]
[-0.00152466 -0.00342347 -0.00582169 -0.02509661  0.00832377 -0.00037171]
[-0.00150035 -0.00339357 -0.00578642 -0.02494705  0.00828237 -0.00041686]
[-0.00147626 -0.00336384 -0.00575121 -0.02479782  0.00824094 -0.0004616 ]
[-0.00145237 -0.00333428 -0.00571606 -0.02464886  0.00819948 -0.00050594]
[-0.0014287  -0.00330488 -0.00568095 -0.02450014  0.00815796 -0.00054987]
[-0.00140522 -0.00327565 -0.00564589 -0.02435165  0.00811638 -0.00059341]
[-0.00138194 -0.00324658 -0.00561086 -0.02420334  0.00807472 -0.00063658]
[-0.00135885 -0.00321766 -0.00557586 -0.02405519  0.00803297 -0.00067937]
[-0.00133595 -0.00318889 -0.00554088 -0.02390717  0.00799113 -0.00072181]
[-0.00131323 -0.00316027 -0.00550591 -0.02375927  0.00794917 -0.00076389]
[-0.0012907  -0.0031318  -0.00547095 -0.02361145  0.0079071  -0.00080562]
[-0.00126833 -0.00310347 -0.005436   -0.02346371  0.00786491 -0.00084702]
[-0.00124614 -0.00307528 -0.00540104 -0.02331601  0.00782258 -0.00088809]
[-0.00122412 -0.00304722 -0.00536609 -0.02316834  0.00778011 -0.00092885]
[-0.00120226 -0.00301929 -0.00533112 -0.02302068  0.0077375  -0.00096929]
[-0.00118055 -0.00299149 -0.00529614 -0.02287303  0.00769474 -0.00100943]
[-0.001159   -0.00296381 -0.00526114 -0.02272535  0.00765183 -0.00104927]
[-0.00113761 -0.00293626 -0.00522613 -0.02257764  0.00760875 -0.00108883]
[-0.00111636 -0.00290883 -0.00519109 -0.02242988  0.00756551 -0.0011281 ]
[-0.00109525 -0.00288151 -0.00515602 -0.02228207  0.00752211 -0.0011671 ]
[-0.00107429 -0.00285431 -0.00512093 -0.02213419  0.00747854 -0.00120584]
[-0.00105346 -0.00282721 -0.00508581 -0.02198623  0.00743479 -0.00124432]
[-0.00103276 -0.00280022 -0.00505066 -0.02183818  0.00739087 -0.00128254]
[-0.00101219 -0.00277334 -0.00501547 -0.02169004  0.00734678 -0.00132052]
[-0.00099175 -0.00274656 -0.00498024 -0.02154179  0.00730251 -0.00135827]
[-0.00097144 -0.00271988 -0.00494498 -0.02139342  0.00725806 -0.00139578]
[-0.00095124 -0.00269329 -0.00490967 -0.02124494  0.00721343 -0.00143306]
[-0.00093116 -0.0026668  -0.00487433 -0.02109634  0.00716862 -0.00147013]
[-0.00091119 -0.0026404  -0.00483894 -0.0209476   0.00712364 -0.00150698]
[-0.00089133 -0.00261409 -0.00480351 -0.02079873  0.00707847 -0.00154362]
[-0.00087158 -0.00258786 -0.00476804 -0.02064971  0.00703313 -0.00158006]
[-0.00085194 -0.00256172 -0.00473252 -0.02050056  0.0069876  -0.00161631]
[-0.00083239 -0.00253566 -0.00469696 -0.02035125  0.0069419  -0.00165237]
[-0.00081295 -0.00250969 -0.00466135 -0.0202018   0.00689602 -0.00168824]
[-0.0007936  -0.00248378 -0.00462569 -0.02005219  0.00684997 -0.00172393]
[-0.00077434 -0.00245796 -0.00458999 -0.01990243  0.00680374 -0.00175944]
[-0.00075518 -0.0024322  -0.00455424 -0.01975251  0.00675734 -0.00179479]
[-0.00073611 -0.00240652 -0.00451844 -0.01960244  0.00671076 -0.00182997]
[-0.00071712 -0.00238091 -0.0044826  -0.0194522   0.00666402 -0.00186499]
[-0.00069821 -0.00235536 -0.0044467  -0.0193018   0.00661711 -0.00189985]
[-0.00067939 -0.00232988 -0.00441076 -0.01915124  0.00657002 -0.00193456]
[-0.00066064 -0.00230447 -0.00437477 -0.01900052  0.00652278 -0.00196913]
[-0.00064197 -0.00227911 -0.00433874 -0.01884963  0.00647537 -0.00200355]
[-0.00062338 -0.00225382 -0.00430266 -0.01869858  0.0064278  -0.00203784]
[-0.00060486 -0.00222858 -0.00426653 -0.01854738  0.00638007 -0.00207199]
[-0.00058641 -0.0022034  -0.00423035 -0.01839601  0.00633219 -0.00210601]
[-0.00056802 -0.00217827 -0.00419413 -0.01824448  0.00628414 -0.0021399 ]
[-0.00054971 -0.0021532  -0.00415786 -0.01809278  0.00623595 -0.00217367]
[-0.00053146 -0.00212818 -0.00412154 -0.01794093  0.00618761 -0.00220732]
[-0.00051327 -0.00210321 -0.00408518 -0.01778893  0.00613912 -0.00224086]
[-0.00049514 -0.00207829 -0.00404877 -0.01763676  0.00609049 -0.00227428]
[-0.00047707 -0.00205342 -0.00401232 -0.01748444  0.00604171 -0.00230759]
[-0.00045906 -0.00202859 -0.00397583 -0.01733197  0.00599279 -0.0023408 ]
[-0.0004411  -0.00200381 -0.00393929 -0.01717934  0.00594373 -0.00237391]
[-0.0004232  -0.00197907 -0.00390271 -0.01702656  0.00589454 -0.00240691]
[-0.00040535 -0.00195437 -0.00386609 -0.01687364  0.00584522 -0.00243982]
[-0.00038755 -0.00192972 -0.00382943 -0.01672056  0.00579576 -0.00247264]
[-0.0003698  -0.0019051  -0.00379272 -0.01656734  0.00574618 -0.00250537]
[-0.0003521  -0.00188052 -0.00375598 -0.01641398  0.00569647 -0.002538  ]
[-0.00033444 -0.00185598 -0.00371919 -0.01626048  0.00564664 -0.00257055]
[-0.00031683 -0.00183147 -0.00368237 -0.01610683  0.00559669 -0.00260302]
[-0.00029927 -0.00180701 -0.0036455  -0.01595305  0.00554662 -0.00263541]
[-0.00028174 -0.00178257 -0.0036086  -0.01579914  0.00549643 -0.00266772]
[-0.00026426 -0.00175817 -0.00357166 -0.01564509  0.00544613 -0.00269996]
[-0.00024682 -0.0017338  -0.00353469 -0.01549091  0.00539572 -0.00273212]
[-0.00022941 -0.00170946 -0.00349768 -0.0153366   0.0053452  -0.00276421]
[-0.00021205 -0.00168515 -0.00346063 -0.01518216  0.00529457 -0.00279624]
[-0.00019472 -0.00166087 -0.00342355 -0.0150276   0.00524384 -0.00282819]
[-0.00017742 -0.00163662 -0.00338643 -0.01487292  0.00519301 -0.00286009]
[-0.00016016 -0.00161239 -0.00334928 -0.01471812  0.00514207 -0.00289192]
[-0.00014294 -0.00158819 -0.0033121  -0.0145632   0.00509104 -0.00292368]
[-0.00012574 -0.00156402 -0.00327489 -0.01440816  0.00503992 -0.0029554 ]
[-0.00010858 -0.00153988 -0.00323764 -0.01425301  0.0049887  -0.00298705]
[-9.14446535e-05 -1.51575316e-03 -3.20036398e-03 -1.40977510e-02  4.93739085e-03 -3.01864710e-03]
[-7.43405920e-05 -1.49165418e-03 -3.16305738e-03 -1.39423822e-02  4.88599304e-03 -3.05019215e-03]
