[-1.51330458 -1.81541254  2.07225209 -1.87704551 -1.62947121  0.49067187]
[-1.51393369 -1.81137475  2.07289334 -1.87899877 -1.62882946  0.49053698]
[-1.51456471 -1.80732832  2.07354054 -1.88096268 -1.62818636  0.4904087 ]
[-1.51519777 -1.80327312  2.0741933  -1.8829363  -1.6275416   0.49028677]
[-1.51583305 -1.79920897  2.07485122 -1.88491871 -1.62689484  0.49017097]
[-1.5164707  -1.79513569  2.07551392 -1.886909   -1.62624577  0.49006107]
[-1.5171109  -1.79105304  2.07618102 -1.88890626 -1.62559404  0.48995686]
[-1.51775384 -1.78696077  2.07685213 -1.89090958 -1.62493928  0.48985815]
[-1.51839972 -1.78285862  2.07752688 -1.89291802 -1.62428114  0.48976474]
[-1.51904874 -1.77874627  2.07820489 -1.89493066 -1.62361921  0.48967644]
[-1.51970113 -1.77462338  2.07888576 -1.89694655 -1.62295309  0.48959306]
[-1.52035711 -1.77048959  2.07956911 -1.8989647  -1.62228236  0.48951444]
[-1.52101694 -1.76634451  2.08025453 -1.90098411 -1.62160655  0.4894404 ]
[-1.52168087 -1.76218768  2.08094161 -1.90300373 -1.62092519  0.48937075]
[-1.5223492  -1.75801866  2.08162992 -1.90502248 -1.62023777  0.48930533]
[-1.52302222 -1.75383693  2.08231902 -1.90703922 -1.61954377  0.48924395]
[-1.52370023 -1.74964196  2.08300843 -1.90905277 -1.61884261  0.48918642]
[-1.5243836  -1.74543316  2.08369767 -1.91106187 -1.61813369  0.48913257]
[-1.52507266 -1.74120991  2.08438622 -1.91306519 -1.61741638  0.48908219]
[-1.5257678  -1.73697155  2.08507354 -1.91506134 -1.61668999  0.48903507]
[-1.52646943 -1.73271738  2.08575904 -1.91704882 -1.6159538   0.48899099]
[-1.52717798 -1.72844664  2.08644211 -1.91902605 -1.61520705  0.48894972]
[-1.52789391 -1.72415855  2.08712208 -1.92099133 -1.61444891  0.488911  ]
[-1.5286177  -1.71985225  2.08779825 -1.92294285 -1.61367852  0.48887456]
[-1.52934987 -1.71552686  2.08846985 -1.92487869 -1.61289496  0.48884009]
[-1.53009098 -1.71118144  2.08913609 -1.92679676 -1.61209724  0.48880729]
[-1.53084159 -1.70681499  2.08979607 -1.92869486 -1.61128431  0.48877579]
[-1.53160233 -1.70242648  2.09044887 -1.9305706  -1.61045507  0.48874521]
[-1.53237385 -1.69801482  2.09109347 -1.93242142 -1.60960834  0.48871511]
[-1.53315682 -1.69357887  2.09172878 -1.9342446  -1.60874288  0.48868505]
[-1.53395199 -1.68911743  2.09235364 -1.9360372  -1.60785735  0.48865449]
[-1.5347601  -1.68462928  2.09296677 -1.93779609 -1.60695038  0.48862288]
[-1.53558196 -1.68011314  2.09356684 -1.93951791 -1.60602048  0.48858961]
[-1.53641841 -1.67556768  2.09415238 -1.94119906 -1.6050661   0.48855398]
[-1.53727031 -1.67099154  2.09472184 -1.94283573 -1.60408561  0.48851526]
[-1.53813859 -1.66638334  2.09527356 -1.94442382 -1.60307731  0.48847263]
[-1.53902419 -1.66174167  2.09580575 -1.945959   -1.6020394   0.4884252 ]
[-1.53992808 -1.65706507  2.0963165  -1.94743666 -1.60097003  0.48837199]
[-1.54085127 -1.65235213  2.0968038  -1.94885192 -1.59986726  0.48831195]
[-1.54179481 -1.6476014   2.0972655  -1.95019964 -1.59872909  0.48824393]
[-1.54275974 -1.64281147  2.09769932 -1.9514744  -1.59755347  0.48816668]
[-1.54374713 -1.63798094  2.09810288 -1.95267052 -1.59633827  0.48807886]
[-1.54475807 -1.63310848  2.09847364 -1.95378206 -1.59508136  0.48797902]
[-1.54579361 -1.62819283  2.09880897 -1.95480285 -1.59378056  0.48786561]
[-1.54685482 -1.6232328   2.09910613 -1.95572652 -1.59243369  0.48773697]
[-1.54794275 -1.61822734  2.09936227 -1.9565465  -1.59103858  0.48759134]
[-1.54905838 -1.61317553  2.09957446 -1.95725608 -1.58959308  0.48742685]
[-1.55020268 -1.60807661  2.09973969 -1.95784845 -1.58809512  0.48724155]
[-1.55137651 -1.60293002  2.09985491 -1.95831673 -1.5865427   0.48703338]
[-1.55258067 -1.59773544  2.09991705 -1.9586541  -1.58493394  0.48680021]
[-1.55381586 -1.59249281  2.09992303 -1.95885378 -1.58326711  0.48653982]
[-1.55508264 -1.58720235  2.09986981 -1.95890921 -1.58154068  0.48624995]
[-1.55638143 -1.5818646   2.09975444 -1.95881404 -1.57975333  0.4859283 ]
[-1.55771248 -1.57648047  2.09957406 -1.95856233 -1.57790401  0.48557255]
[-1.55907587 -1.57105122  2.09932599 -1.95814855 -1.57599196  0.48518039]
[-1.56047146 -1.56557854  2.09900773 -1.95756779 -1.5740168   0.48474954]
[-1.5618989  -1.56006452  2.09861706 -1.9568158  -1.57197849  0.48427778]
[-1.56335758 -1.55451169  2.09815205 -1.95588913 -1.56987742  0.48376301]
[-1.56484666 -1.548923    2.0976111  -1.95478523 -1.56771443  0.48320323]
[-1.56636503 -1.54330184  2.09699306 -1.95350258 -1.56549083  0.48259661]
[-1.56791132 -1.53765204  2.09629717 -1.95204074 -1.56320841  0.48194155]
[-1.56948389 -1.53197778  2.09552318 -1.95040045 -1.56086944  0.48123664]
[-1.57108084 -1.52628365  2.09467134 -1.94858369 -1.55847672  0.48048078]
[-1.57270003 -1.52057453  2.09374244 -1.94659372 -1.5560335   0.47967313]
[-1.57433908 -1.51485559  2.09273782 -1.94443508 -1.5535435   0.47881318]
[-1.5759954  -1.50913219  2.09165938 -1.9421136  -1.55101088  0.47790077]
[-1.57766624 -1.50340984  2.09050955 -1.93963634 -1.54844017  0.47693609]
[-1.5793487  -1.4976941   2.08929129 -1.93701154 -1.54583625  0.47591968]
[-1.58103975 -1.49199053  2.08800805 -1.93424851 -1.54320423  0.47485245]
[-1.58273635 -1.48630459  2.08666374 -1.93135753 -1.54054945  0.47373565]
[-1.58443538 -1.48064155  2.08526265 -1.92834967 -1.53787737  0.47257088]
[-1.58613378 -1.47500644  2.08380942 -1.92523669 -1.53519349  0.47136003]
[-1.58782854 -1.46940397  2.08230893 -1.92203079 -1.53250325  0.47010527]
[-1.58951679 -1.46383844  2.08076626 -1.91874449 -1.52981202  0.46880905]
[-1.59119576 -1.45831372  2.07918662 -1.91539041 -1.52712495  0.46747398]
[-1.59286291 -1.45283319  2.07757522 -1.91198112 -1.52444695  0.46610286]
[-1.59451588 -1.44739971  2.07593725 -1.90852891 -1.52178261  0.46469861]
[-1.59615256 -1.44201559  2.07427779 -1.90504568 -1.51913614  0.46326419]
[-1.59777109 -1.43668261  2.07260175 -1.90154279 -1.51651137  0.46180263]
[-1.59936988 -1.43140197  2.07091378 -1.89803088 -1.51391167  0.46031691]
[-1.6009476  -1.42617437  2.06921827 -1.89451985 -1.51133997  0.45880998]
[-1.6025032  -1.42099998  2.06751929 -1.89101872 -1.50879871  0.45728469]
[-1.60403589 -1.4158785   2.06582055 -1.88753558 -1.50628989  0.45574376]
[-1.60554513 -1.41080919  2.06412538 -1.8840776  -1.50381504  0.4541898 ]
[-1.60703064 -1.4057909   2.06243674 -1.88065094 -1.50137526  0.45262521]
[-1.60849233 -1.40082213  2.0607572  -1.87726084 -1.49897123  0.45105225]
[-1.60993034 -1.39590108  2.05908894 -1.87391158 -1.49660325  0.44947296]
[-1.61134497 -1.3910257   2.05743377 -1.87060657 -1.49427128  0.44788919]
[-1.6127367  -1.38619372  2.05579314 -1.86734834 -1.49197495  0.44630261]
[-1.61410614 -1.38140268  2.05416818 -1.86413865 -1.4897136   0.44471467]
[-1.615454   -1.37665004  2.05255969 -1.86097854 -1.48748637  0.44312665]
[-1.61678111 -1.37193314  2.05096819 -1.85786839 -1.48529216  0.44153964]
[-1.61808835 -1.36724929  2.04939395 -1.85480799 -1.48312971  0.43995454]
[-1.61937666 -1.36259576  2.047837   -1.85179664 -1.48099764  0.43837213]
[-1.62064702 -1.35796985  2.04629716 -1.84883316 -1.47889444  0.43679299]
[-1.62190045 -1.35336889  2.04477409 -1.84591603 -1.47681854  0.43521762]
[-1.62313794 -1.34879024  2.0432673  -1.84304341 -1.47476833  0.43364634]
[-1.62436052 -1.34423136  2.04177617 -1.84021318 -1.47274216  0.43207941]
[-1.62556916 -1.33968977  2.04029996 -1.83742305 -1.47073837  0.43051697]
[-1.62676484 -1.33516308  2.03883788 -1.83467056 -1.46875532  0.42895907]
[-1.62794851 -1.33064902  2.03738907 -1.83195314 -1.46679139  0.42740571]
[-1.62912108 -1.32614538  2.0359526  -1.82926817 -1.46484501  0.42585681]
[-1.6302834  -1.32165011  2.03452753 -1.82661297 -1.46291463  0.42431224]
[-1.63143631 -1.31716123  2.0331129  -1.82398486 -1.46099878  0.42277185]
[-1.63258057 -1.31267686  2.03170775 -1.82138117 -1.45909604  0.42123542]
[-1.63371693 -1.30819526  2.03031111 -1.81879929 -1.45720507  0.41970273]
[-1.63484607 -1.30371477  2.02892202 -1.81623662 -1.45532458  0.41817354]
[-1.63596862 -1.29923382  2.02753956 -1.81369068 -1.45345336  0.41664758]
[-1.63708517 -1.29475095  2.0261628  -1.81115901 -1.45159027  0.41512459]
[-1.63819625 -1.29026479  2.02479086 -1.80863928 -1.44973424  0.4136043 ]
[-1.63930238 -1.28577405  2.02342288 -1.80612922 -1.44788427  0.41208644]
[-1.64040398 -1.28127753  2.02205805 -1.80362667 -1.44603943  0.41057073]
[-1.64150147 -1.27677409  2.02069556 -1.80112954 -1.44419887  0.4090569 ]
[-1.64259521 -1.27226269  2.01933467 -1.79863586 -1.44236179  0.40754472]
[-1.64368553 -1.26774232  2.01797466 -1.79614374 -1.44052745  0.40603392]
[-1.6447727  -1.26321208  2.01661484 -1.79365138 -1.43869518  0.40452427]
[-1.64585698 -1.2586711   2.01525457 -1.79115708 -1.43686437  0.40301555]
[-1.64693857 -1.25411858  2.01389323 -1.78865921 -1.43503446  0.40150755]
[-1.64801766 -1.24955375  2.01253024 -1.78615624 -1.43320493  0.40000006]
[-1.64909439 -1.24497593  2.01116505 -1.7836467  -1.43137534  0.39849291]
[-1.65016888 -1.24038445  2.00979714 -1.7811292  -1.42954528  0.39698592]
[-1.65124121 -1.23577871  2.00842602 -1.77860243 -1.42771438  0.39547894]
[-1.65231143 -1.23115815  2.00705124 -1.77606513 -1.42588232  0.39397182]
[-1.65337959 -1.22652224  2.00567235 -1.77351611 -1.42404882  0.39246443]
[-1.65444567 -1.2218705   2.00428896 -1.77095424 -1.42221365  0.39095666]
[-1.65550967 -1.21720249  2.00290068 -1.76837843 -1.4203766   0.38944841]
[-1.65657153 -1.21251782  2.00150716 -1.76578767 -1.41853751  0.3879396 ]
[-1.6576312  -1.20781611  2.00010804 -1.76318097 -1.41669625  0.38643014]
[-1.65868857 -1.20309704  1.99870303 -1.7605574  -1.41485272  0.38491997]
[-1.65974353 -1.19836034  1.99729182 -1.75791606 -1.41300686  0.38340906]
[-1.66079595 -1.19360576  1.99587415 -1.7552561  -1.41115864  0.38189735]
[-1.66184568 -1.18883309  1.99444974 -1.7525767  -1.40930805  0.38038484]
[-1.66289252 -1.18404218  1.99301838 -1.74987709 -1.40745513  0.3788715 ]
[-1.6639363  -1.17923292  1.99157984 -1.74715652 -1.40559994  0.37735735]
[-1.66497678 -1.17440524  1.99013392 -1.74441428 -1.40374258  0.37584239]
[-1.66601373 -1.16955912  1.98868043 -1.74164971 -1.40188316  0.37432665]
[-1.66704688 -1.16469459  1.98721923 -1.73886215 -1.40002184  0.37281017]
[-1.66807597 -1.15981174  1.98575015 -1.73605101 -1.3981588   0.37129301]
[-1.66910068 -1.15491071  1.98427309 -1.7332157  -1.39629427  0.36977522]
[-1.6701207  -1.1499917   1.98278792 -1.73035571 -1.39442848  0.36825689]
[-1.6711357  -1.14505497  1.98129456 -1.72747052 -1.39256172  0.36673809]
[-1.6721453  -1.14010085  1.97979295 -1.72455968 -1.39069429  0.36521894]
[-1.67314914 -1.13512974  1.97828304 -1.72162278 -1.38882655  0.36369955]
[-1.67414681 -1.1301421   1.97676481 -1.71865943 -1.38695887  0.36218004]
[-1.67513789 -1.12513849  1.97523826 -1.7156693  -1.38509167  0.36066056]
[-1.67612195 -1.12011952  1.97370341 -1.71265211 -1.38322538  0.35914125]
[-1.67709854 -1.1150859   1.9721603  -1.70960763 -1.3813605   0.35762229]
[-1.67806717 -1.11003844  1.97060902 -1.70653568 -1.37949754  0.35610386]
[-1.67902735 -1.104978    1.96904967 -1.70343614 -1.37763705  0.35458615]
[-1.67997859 -1.09990557  1.96748238 -1.70030896 -1.37577963  0.35306937]
[-1.68092034 -1.09482222  1.9659073  -1.69715413 -1.3739259   0.35155375]
[-1.68185206 -1.08972913  1.96432463 -1.69397173 -1.37207653  0.35003951]
[-1.68277321 -1.08462756  1.9627346  -1.6907619  -1.37023222  0.34852692]
[-1.68368321 -1.0795189   1.96113745 -1.68752487 -1.3683937   0.34701623]
[-1.68458148 -1.07440464  1.95953348 -1.68426094 -1.36656175  0.34550772]
[-1.68546742 -1.06928636  1.95792302 -1.6809705  -1.36473718  0.34400168]
[-1.68634043 -1.06416576  1.95630642 -1.677654   -1.36292082  0.34249842]
[-1.68719989 -1.05904467  1.95468409 -1.67431203 -1.36111357  0.34099825]
[-1.6880452  -1.053925    1.95305647 -1.67094522 -1.35931632  0.3395015 ]
[-1.68887572 -1.04880878  1.95142403 -1.66755434 -1.35753002  0.33800852]
[-1.68969085 -1.04369814  1.94978729 -1.66414024 -1.35575564  0.33651965]
[-1.69048995 -1.03859534  1.94814679 -1.66070387 -1.35399416  0.33503525]
[-1.69127241 -1.0335027   1.94650313 -1.65724629 -1.35224661  0.3335557 ]
[-1.69203761 -1.02842267  1.94485694 -1.65376866 -1.35051402  0.33208137]
[-1.69278496 -1.02335778  1.94320889 -1.65027224 -1.34879745  0.33061264]
[-1.69351387 -1.01831066  1.94155968 -1.64675842 -1.34709798  0.32914992]
[-1.69422375 -1.013284    1.93991005 -1.64322865 -1.34541668  0.32769358]
[-1.69491406 -1.00828058  1.93826077 -1.63968453 -1.34375464  0.32624404]
[-1.69558426 -1.00330324  1.93661266 -1.63612774 -1.34211295  0.32480168]
[-1.69623383 -0.99835486  1.93496654 -1.63256005 -1.34049269  0.32336691]
[-1.6968623  -0.99343838  1.93332329 -1.62898334 -1.33889494  0.32194012]
[-1.69746921 -0.98855677  1.93168378 -1.62539957 -1.33732077  0.3205217 ]
[-1.69805416 -0.98371302  1.93004894 -1.62181079 -1.33577122  0.31911204]
[-1.69861676 -0.97891012  1.9284197  -1.61821912 -1.33424731  0.31771151]
[-1.69915668 -0.97415108  1.92679699 -1.61462677 -1.33275004  0.31632048]
[-1.69967362 -0.96943886  1.92518178 -1.61103599 -1.33128037  0.3149393 ]
[-1.70016734 -0.9647764   1.92357502 -1.60744911 -1.32983921  0.31356831]
[-1.70063763 -0.96016659  1.9219777  -1.60386848 -1.32842744  0.31220784]
[-1.70108436 -0.95561226  1.92039076 -1.60029649 -1.32704588  0.31085819]
[-1.70150743 -0.95111615  1.91881518 -1.59673558 -1.3256953   0.30951964]
[-1.7019068  -0.94668093  1.91725189 -1.59318818 -1.3243764   0.30819246]
[-1.70228248 -0.94230914  1.91570184 -1.58965671 -1.32308982  0.30687689]
[-1.70263454 -0.93800322  1.91416592 -1.58614363 -1.32183614  0.30557314]
[-1.70296312 -0.93376545  1.91264503 -1.58265132 -1.32061586  0.3042814 ]
[-1.70326839 -0.92959797  1.91114003 -1.57918216 -1.31942939  0.30300184]
[-1.7035506  -0.92550279  1.90965174 -1.57573849 -1.31827708  0.30173458]
[-1.70381004 -0.92148171  1.90818094 -1.57232257 -1.3171592   0.30047972]
[-1.70404706 -0.91753638  1.90672837 -1.56893662 -1.31607593  0.29923734]
[-1.70426207 -0.91366824  1.90529474 -1.56558275 -1.31502735  0.29800749]
[-1.70445552 -0.90987855  1.90388068 -1.56226301 -1.3140135   0.29679016]
[-1.7046279  -0.90616837  1.9024868  -1.55897933 -1.31303429  0.29558535]
[-1.70477977 -0.90253854  1.90111362 -1.55573354 -1.31208957  0.29439301]
[-1.7049117  -0.89898971  1.89976165 -1.55252735 -1.31117911  0.29321304]
[-1.70502433 -0.89552231  1.89843129 -1.54936236 -1.31030259  0.29204536]
[-1.70511832 -0.89213657  1.89712291 -1.54624003 -1.30945962  0.29088981]
[-1.70519437 -0.88883252  1.89583681 -1.54316167 -1.30864973  0.28974624]
[-1.70525318 -0.88560996  1.89457324 -1.54012849 -1.30787238  0.28861446]
[-1.70529552 -0.88246852  1.89333236 -1.53714152 -1.30712698  0.28749424]
[-1.70532213 -0.87940762  1.89211431 -1.53420167 -1.30641285  0.28638537]
[-1.70533381 -0.87642651  1.89091913 -1.53130969 -1.30572926  0.28528757]
[-1.70533134 -0.87352425  1.88974682 -1.5284662  -1.30507545  0.28420056]
[-1.70531553 -0.87069973  1.88859732 -1.52567165 -1.30445059  0.28312407]
[-1.70528716 -0.86795169  1.88747052 -1.52292638 -1.3038538   0.28205776]
[-1.70524705 -0.86527872  1.88636626 -1.52023057 -1.30328418  0.28100133]
[-1.705196   -0.86267928  1.8852843  -1.51758427 -1.30274079  0.27995443]
[-1.70513478 -0.86015168  1.88422438 -1.5149874  -1.30222267  0.27891672]
[-1.70506418 -0.85769415  1.8831862  -1.51243976 -1.30172882  0.27788784]
[-1.70498497 -0.85530479  1.8821694  -1.50994102 -1.30125826  0.27686744]
[-1.70489789 -0.85298164  1.88117358 -1.50749074 -1.30080996  0.27585515]
[-1.70480367 -0.85072264  1.88019832 -1.50508838 -1.3003829   0.27485061]
[-1.70470302 -0.84852568  1.87924317 -1.50273328 -1.29997605  0.27385345]
[-1.70459661 -0.84638858  1.87830762 -1.50042472 -1.29958841  0.27286332]
[-1.70448512 -0.84430914  1.87739118 -1.49816187 -1.29921895  0.27187984]
[-1.70436915 -0.84228512  1.8764933  -1.49594382 -1.29886668  0.27090267]
[-1.70424933 -0.84031425  1.87561343 -1.49376961 -1.29853059  0.26993145]
[-1.70412622 -0.83839426  1.87475102 -1.4916382  -1.29820973  0.26896584]
[-1.70400037 -0.83652288  1.87390547 -1.4895485  -1.29790313  0.2680055 ]
[-1.70387228 -0.83469784  1.87307619 -1.48749938 -1.29760987  0.26705012]
[-1.70374243 -0.83291689  1.8722626  -1.48548964 -1.29732905  0.26609937]
[-1.70361129 -0.83117782  1.8714641  -1.4835181  -1.29705978  0.26515295]
[-1.70347926 -0.82947841  1.87068008 -1.48158349 -1.29680122  0.26421056]
[-1.70334674 -0.82781652  1.86990994 -1.47968456 -1.29655254  0.26327194]
[-1.70321408 -0.82619001  1.8691531  -1.47782004 -1.29631295  0.26233679]
[-1.70308161 -0.82459682  1.86840895 -1.47598863 -1.29608171  0.26140489]
[-1.70294964 -0.82303492  1.86767692 -1.47418905 -1.29585807  0.26047597]
[-1.70281844 -0.82150234  1.86695643 -1.47241999 -1.29564136  0.25954982]
[-1.70268824 -0.81999716  1.86624691 -1.47068018 -1.29543091  0.25862621]
[-1.70255926 -0.81851754  1.86554782 -1.46896832 -1.29522609  0.25770496]
[-1.70243171 -0.81706168  1.86485861 -1.46728316 -1.29502632  0.25678587]
[-1.70230574 -0.81562784  1.86417875 -1.46562344 -1.29483102  0.25586878]
[-1.7021815  -0.81421435  1.86350773 -1.46398792 -1.29463966  0.25495352]
[-1.70205911 -0.81281962  1.86284505 -1.46237539 -1.29445176  0.25403995]
[-1.70193867 -0.8114421   1.86219023 -1.46078466 -1.29426683  0.25312794]
[-1.70182027 -0.81008031  1.8615428  -1.45921457 -1.29408444  0.25221738]
[-1.70170395 -0.80873284  1.86090232 -1.45766397 -1.29390419  0.25130816]
[-1.70158978 -0.80739835  1.86026834 -1.45613177 -1.29372568  0.25040019]
[-1.70147777 -0.80607554  1.85964045 -1.45461687 -1.29354856  0.24949339]
[-1.70136794 -0.80476319  1.85901826 -1.45311824 -1.2933725   0.2485877 ]
[-1.70126028 -0.80346013  1.85840137 -1.45163485 -1.29319721  0.24768307]
[-1.70115477 -0.80216525  1.85778943 -1.45016572 -1.29302239  0.24677946]
[-1.70105139 -0.80087751  1.85718207 -1.44870991 -1.29284778  0.24587684]
[-1.70095009 -0.7995959   1.85657898 -1.44726649 -1.29267316  0.2449752 ]
[-1.70085083 -0.7983195   1.85597984 -1.44583457 -1.29249831  0.24407452]
[-1.70075354 -0.79704741  1.85538433 -1.44441333 -1.29232303  0.24317482]
[-1.70065814 -0.79577879  1.85479219 -1.44300192 -1.29214714  0.24227612]
[-1.70056456 -0.79451285  1.85420314 -1.44159958 -1.29197049  0.24137843]
[-1.70047272 -0.79324886  1.85361693 -1.44020554 -1.29179292  0.24048181]
[-1.70038252 -0.79198612  1.85303333 -1.43881911 -1.29161432  0.2395863 ]
[-1.70029385 -0.79072397  1.8524521  -1.43743958 -1.29143456  0.23869196]
[-1.70020662 -0.78946181  1.85187304 -1.43606631 -1.29125356  0.23779885]
[-1.70012071 -0.78819907  1.85129596 -1.43469868 -1.29107122  0.23690707]
[-1.70003601 -0.78693522  1.85072067 -1.4333361  -1.29088748  0.23601669]
[-1.6999524  -0.78566976  1.85014701 -1.43197801 -1.29070226  0.23512781]
[-1.69986975 -0.78440224  1.84957483 -1.43062388 -1.29051552  0.23424054]
[-1.69978796 -0.78313223  1.84900397 -1.42927322 -1.29032722  0.23335501]
[-1.69970688 -0.78185936  1.84843432 -1.42792555 -1.29013732  0.23247132]
[-1.69962639 -0.78058326  1.84786576 -1.42658045 -1.28994581  0.23158962]
[-1.69954636 -0.7793036   1.84729818 -1.42523749 -1.28975267  0.23071005]
[-1.69946666 -0.7780201   1.84673149 -1.42389629 -1.28955789  0.22983276]
[-1.69938716 -0.77673249  1.8461656  -1.4225565  -1.28936147  0.22895791]
[-1.69930772 -0.77544053  1.84560045 -1.4212178  -1.28916342  0.22808566]
[-1.69922821 -0.77414401  1.84503597 -1.41987987 -1.28896375  0.2272162 ]
[-1.6991485  -0.77284274  1.84447212 -1.41854244 -1.28876249  0.22634971]
[-1.69906846 -0.77153657  1.84390886 -1.41720528 -1.28855966  0.22548637]
[-1.69898796 -0.77022536  1.84334615 -1.41586814 -1.28835529  0.22462639]
[-1.69890687 -0.768909    1.84278397 -1.41453084 -1.28814941  0.22376997]
[-1.69882506 -0.76758741  1.84222233 -1.4131932  -1.28794206  0.22291733]
[-1.6987424  -0.76626053  1.8416612  -1.41185507 -1.2877333   0.22206869]
[-1.69865876 -0.76492832  1.84110062 -1.41051633 -1.28752316  0.22122427]
[-1.69857403 -0.76359075  1.84054058 -1.40917688 -1.28731171  0.22038432]
[-1.69848808 -0.76224785  1.83998113 -1.40783665 -1.28709899  0.21954907]
[-1.6984008  -0.76089963  1.83942229 -1.40649558 -1.28688506  0.21871876]
[-1.69831207 -0.75954615  1.8388641  -1.40515364 -1.28666999  0.21789366]
[-1.69822178 -0.75818748  1.83830663 -1.40381084 -1.28645385  0.21707402]
[-1.69812981 -0.75682371  1.83774993 -1.40246718 -1.2862367   0.2162601 ]
[-1.69803606 -0.75545496  1.83719407 -1.40112272 -1.28601861  0.21545217]
[-1.69794043 -0.75408136  1.83663913 -1.39977751 -1.28579967  0.2146505 ]
[-1.69784282 -0.75270307  1.83608518 -1.39843165 -1.28557994  0.21385537]
[-1.69774314 -0.75132027  1.83553233 -1.39708523 -1.2853595   0.21306706]
[-1.69764129 -0.74993314  1.83498067 -1.3957384  -1.28513844  0.21228585]
[-1.6975372  -0.74854193  1.8344303  -1.3943913  -1.28491684  0.21151202]
[-1.69743077 -0.74714685  1.83388135 -1.39304412 -1.28469479  0.21074586]
[-1.69732193 -0.74574817  1.83333391 -1.39169704 -1.28447236  0.20998766]
[-1.69721062 -0.74434617  1.83278814 -1.39035027 -1.28424967  0.20923771]
[-1.69709676 -0.74294115  1.83224414 -1.38900407 -1.28402678  0.20849628]
[-1.6969803  -0.74153343  1.83170206 -1.38765868 -1.28380381  0.20776367]
[-1.69686117 -0.74012333  1.83116204 -1.38631437 -1.28358083  0.20704016]
[-1.69673934 -0.73871123  1.83062424 -1.38497145 -1.28335795  0.20632603]
[-1.69661476 -0.73729748  1.83008879 -1.38363022 -1.28313527  0.20562156]
[-1.6964874  -0.73588248  1.82955585 -1.38229101 -1.28291288  0.20492703]
[-1.69635721 -0.73446663  1.82902559 -1.38095417 -1.28269087  0.20424269]
[-1.69622419 -0.73305037  1.82849816 -1.37962005 -1.28246936  0.20356882]
[-1.69608831 -0.73163414  1.82797374 -1.37828904 -1.28224844  0.20290567]
[-1.69594956 -0.73021837  1.82745249 -1.37696152 -1.2820282   0.20225349]
[-1.69580795 -0.72880355  1.82693458 -1.37563791 -1.28180876  0.20161251]
[-1.69566347 -0.72739016  1.82642018 -1.3743186  -1.2815902   0.20098297]
[-1.69551613 -0.72597868  1.82590947 -1.37300403 -1.28137264  0.20036508]
[-1.69536596 -0.72456963  1.82540262 -1.37169464 -1.28115617  0.19975905]
[-1.69521298 -0.72316351  1.82489979 -1.37039086 -1.28094089  0.19916507]
[-1.69505722 -0.72176086  1.82440117 -1.36909314 -1.28072689  0.19858334]
[-1.69489872 -0.7203622   1.82390693 -1.36780196 -1.28051428  0.19801401]
[-1.69473752 -0.71896806  1.82341723 -1.36651775 -1.28030316  0.19745723]
[-1.69457368 -0.717579    1.82293223 -1.365241   -1.28009361  0.19691316]
[-1.69440727 -0.71619554  1.82245212 -1.36397215 -1.27988573  0.19638189]
[-1.69423834 -0.71481824  1.82197703 -1.36271168 -1.2796796   0.19586355]
[-1.69406696 -0.71344765  1.82150714 -1.36146005 -1.27947533  0.19535821]
[-1.69389323 -0.71208431  1.82104259 -1.36021773 -1.27927299  0.19486595]
[-1.69371722 -0.71072875  1.82058353 -1.35898515 -1.27907267  0.19438681]
[-1.69353903 -0.70938152  1.82013009 -1.35776278 -1.27887445  0.19392083]
[-1.69335874 -0.70804315  1.81968242 -1.35655105 -1.2786784   0.19346801]
[-1.69317648 -0.70671416  1.81924064 -1.3553504  -1.27848461  0.19302835]
[-1.69299233 -0.70539506  1.81880487 -1.35416124 -1.27829314  0.19260182]
[-1.69280642 -0.70408636  1.81837522 -1.35298399 -1.27810405  0.19218837]
[-1.69261886 -0.70278854  1.8179518  -1.35181904 -1.27791741  0.19178793]
[-1.69242977 -0.70150208  1.8175347  -1.35066676 -1.27773329  0.19140042]
[-1.69223927 -0.70022744  1.81712401 -1.34952753 -1.27755173  0.19102573]
[-1.6920475  -0.69896506  1.81671981 -1.34840168 -1.27737278  0.19066373]
[-1.69185457 -0.69771538  1.81632217 -1.34728955 -1.2771965   0.19031428]
[-1.69166063 -0.69647878  1.81593114 -1.34619145 -1.27702292  0.18997721]
[-1.6914658  -0.69525567  1.81554677 -1.34510765 -1.27685208  0.18965235]
[-1.69127022 -0.69404639  1.8151691  -1.34403843 -1.27668402  0.18933948]
[-1.69107403 -0.6928513   1.81479817 -1.34298403 -1.27651875  0.18903841]
[-1.69087736 -0.69167071  1.81443399 -1.34194467 -1.27635631  0.18874888]
[-1.69068035 -0.69050491  1.81407657 -1.34092055 -1.27619671  0.18847066]
[-1.69048314 -0.68935417  1.81372591 -1.33991184 -1.27603996  0.18820348]
[-1.69028586 -0.68821873  1.813382   -1.33891868 -1.27588608  0.18794707]
[-1.69008865 -0.68709882  1.81304481 -1.33794121 -1.27573507  0.18770114]
[-1.68989163 -0.68599461  1.81271432 -1.33697953 -1.27558692  0.18746539]
[-1.68969494 -0.68490628  1.81239049 -1.3360337  -1.27544163  0.18723951]
[-1.68949871 -0.68383396  1.81207327 -1.33510379 -1.2752992   0.18702318]
[-1.68930306 -0.68277777  1.81176261 -1.33418982 -1.27515961  0.18681608]
[-1.68910811 -0.68173779  1.81145843 -1.33329179 -1.27502284  0.18661786]
[-1.68891399 -0.68071408  1.81116066 -1.33240968 -1.27488887  0.18642818]
[-1.68872081 -0.67970668  1.81086922 -1.33154346 -1.27475767  0.18624671]
[-1.68852868 -0.67871559  1.81058402 -1.33069306 -1.27462922  0.18607308]
[-1.68833771 -0.67774081  1.81030497 -1.32985839 -1.27450348  0.18590694]
[-1.688148   -0.67678229  1.81003196 -1.32903934 -1.27438041  0.18574795]
[-1.68795966 -0.67583997  1.80976488 -1.32823579 -1.27425998  0.18559574]
[-1.68777277 -0.67491377  1.80950362 -1.3274476  -1.27414215  0.18544996]
[-1.68758742 -0.67400358  1.80924806 -1.3266746  -1.27402687  0.18531025]
[-1.6874037  -0.67310928  1.80899807 -1.3259166  -1.27391409  0.18517626]
[-1.68722169 -0.67223073  1.80875354 -1.32517342 -1.27380377  0.18504763]
[-1.68704146 -0.67136776  1.80851431 -1.32444484 -1.27369585  0.18492404]
[-1.68686308 -0.67052019  1.80828027 -1.32373064 -1.27359028  0.18480512]
[-1.68668661 -0.66968782  1.80805127 -1.32303057 -1.273487    0.18469055]
[-1.68651212 -0.66887045  1.80782717 -1.32234439 -1.27338597  0.18457999]
[-1.68633966 -0.66806784  1.80760783 -1.32167183 -1.27328711  0.18447313]
[-1.68616928 -0.66727977  1.8073931  -1.32101262 -1.27319037  0.18436964]
[-1.68600101 -0.66650597  1.80718284 -1.32036648 -1.2730957   0.18426921]
[-1.68583491 -0.66574619  1.80697691 -1.31973313 -1.27300303  0.18417156]
[-1.685671   -0.66500015  1.80677515 -1.31911226 -1.27291231  0.18407637]
[-1.68550931 -0.66426758  1.80657743 -1.31850359 -1.27282347  0.18398337]
[-1.68534987 -0.66354819  1.8063836  -1.3179068  -1.27273644  0.1838923 ]
[-1.6851927  -0.66284168  1.80619352 -1.31732158 -1.27265118  0.18380287]
[-1.68503782 -0.66214776  1.80600703 -1.31674763 -1.27256762  0.18371484]
[-1.68488523 -0.66146612  1.805824   -1.31618463 -1.27248569  0.18362797]
[-1.68473495 -0.66079646  1.8056443  -1.31563227 -1.27240535  0.18354201]
[-1.68458698 -0.66013846  1.80546777 -1.31509022 -1.27232652  0.18345675]
[-1.68444132 -0.65949181  1.8052943  -1.31455819 -1.27224916  0.18337197]
[-1.68429796 -0.65885621  1.80512373 -1.31403585 -1.2721732   0.18328746]
[-1.68415692 -0.65823133  1.80495594 -1.31352289 -1.27209859  0.18320303]
[-1.68401816 -0.65761687  1.80479081 -1.313019   -1.27202526  0.1831185 ]
[-1.68388169 -0.65701251  1.80462821 -1.31252388 -1.27195318  0.1830337 ]
[-1.68374748 -0.65641794  1.80446801 -1.31203722 -1.27188227  0.18294845]
[-1.68361552 -0.65583285  1.80431009 -1.31155873 -1.27181249  0.1828626 ]
[-1.6834858  -0.65525695  1.80415435 -1.31108811 -1.27174379  0.18277602]
[-1.68335828 -0.65468992  1.80400066 -1.31062506 -1.27167612  0.18268855]
[-1.68323295 -0.65413147  1.80384892 -1.31016932 -1.27160943  0.18260008]
[-1.68310978 -0.65358131  1.80369902 -1.30972058 -1.27154366  0.18251048]
[-1.68298874 -0.65303915  1.80355086 -1.30927859 -1.27147878  0.18241965]
[-1.6828698  -0.6525047   1.80340434 -1.30884308 -1.27141474  0.18232748]
[-1.68275293 -0.65197768  1.80325935 -1.30841377 -1.2713515   0.18223389]
[-1.68263811 -0.65145783  1.80311582 -1.30799042 -1.27128901  0.18213877]
[-1.68252529 -0.65094487  1.80297365 -1.30757279 -1.27122723  0.18204207]
[-1.68241444 -0.65043855  1.80283276 -1.30716061 -1.27116612  0.1819437 ]
[-1.68230554 -0.6499386   1.80269305 -1.30675367 -1.27110565  0.18184359]
[-1.68219854 -0.64944478  1.80255446 -1.30635173 -1.27104579  0.1817417 ]
[-1.6820934  -0.64895684  1.80241691 -1.30595457 -1.27098648  0.18163797]
[-1.6819901  -0.64847455  1.80228032 -1.30556197 -1.27092771  0.18153236]
[-1.68188859 -0.64799768  1.80214463 -1.30517372 -1.27086943  0.18142482]
[-1.68178883 -0.64752601  1.80200976 -1.30478963 -1.27081162  0.18131532]
[-1.6816908  -0.64705931  1.80187566 -1.3044095  -1.27075425  0.18120384]
[-1.68159444 -0.64659738  1.80174227 -1.30403314 -1.27069729  0.18109034]
[-1.68149973 -0.64614001  1.80160952 -1.30366037 -1.2706407   0.18097481]
[-1.68140662 -0.645687    1.80147737 -1.30329101 -1.27058448  0.18085723]
[-1.68131508 -0.64523818  1.80134575 -1.30292489 -1.27052858  0.18073759]
[-1.68122506 -0.64479334  1.80121463 -1.30256185 -1.27047299  0.18061589]
[-1.68113654 -0.64435231  1.80108395 -1.30220174 -1.27041768  0.18049212]
[-1.68104947 -0.64391492  1.80095367 -1.3018444  -1.27036264  0.18036628]
[-1.68096382 -0.643481    1.80082375 -1.30148969 -1.27030784  0.18023838]
[-1.68087955 -0.6430504   1.80069415 -1.30113747 -1.27025326  0.18010841]
[-1.68079662 -0.64262295  1.80056483 -1.30078761 -1.27019888  0.17997639]
[-1.680715   -0.64219851  1.80043575 -1.30043998 -1.27014469  0.17984233]
[-1.68063465 -0.64177694  1.80030689 -1.30009445 -1.27009067  0.17970625]
[-1.68055555 -0.6413581   1.80017821 -1.29975092 -1.27003681  0.17956815]
[-1.68047764 -0.64094186  1.80004967 -1.29940927 -1.26998308  0.17942806]
[-1.6804009  -0.64052808  1.79992127 -1.29906939 -1.26992948  0.179286  ]
[-1.68032531 -0.64011665  1.79979296 -1.29873118 -1.26987599  0.17914198]
[-1.68025081 -0.63970746  1.79966472 -1.29839454 -1.2698226   0.17899604]
[-1.68017739 -0.63930038  1.79953654 -1.29805939 -1.2697693   0.17884819]
[-1.680105   -0.63889532  1.79940839 -1.29772562 -1.26971607  0.17869846]
[-1.68003363 -0.63849216  1.79928025 -1.29739316 -1.26966291  0.17854688]
[-1.67996323 -0.63809082  1.7991521  -1.29706192 -1.26960981  0.17839347]
[-1.67989379 -0.63769119  1.79902393 -1.29673184 -1.26955676  0.17823826]
[-1.67982526 -0.63729319  1.79889571 -1.29640283 -1.26950374  0.17808129]
[-1.67975763 -0.63689673  1.79876745 -1.29607483 -1.26945075  0.17792258]
[-1.67969086 -0.63650173  1.79863911 -1.29574776 -1.26939779  0.17776216]
[-1.67962493 -0.6361081   1.7985107  -1.29542158 -1.26934485  0.17760007]
[-1.67955981 -0.63571578  1.7983822  -1.29509622 -1.26929191  0.17743633]
[-1.67949548 -0.6353247   1.79825359 -1.29477161 -1.26923898  0.17727098]
[-1.67943191 -0.63493478  1.79812488 -1.29444772 -1.26918605  0.17710404]
[-1.67936907 -0.63454596  1.79799604 -1.29412449 -1.26913311  0.17693556]
[-1.67930695 -0.63415817  1.79786708 -1.29380187 -1.26908016  0.17676555]
[-1.67924551 -0.63377137  1.79773799 -1.29347981 -1.26902719  0.17659406]
[-1.67918475 -0.63338549  1.79760876 -1.29315827 -1.2689742   0.17642112]
[-1.67912462 -0.63300047  1.79747938 -1.29283722 -1.26892119  0.17624676]
[-1.67906513 -0.63261628  1.79734986 -1.29251661 -1.26886815  0.176071  ]
[-1.67900623 -0.63223285  1.79722017 -1.29219641 -1.26881509  0.17589389]
[-1.67894792 -0.63185015  1.79709034 -1.29187659 -1.26876199  0.17571545]
[-1.67889017 -0.63146813  1.79696034 -1.2915571  -1.26870885  0.17553572]
[-1.67883297 -0.63108674  1.79683018 -1.29123793 -1.26865568  0.17535472]
[-1.67877629 -0.63070596  1.79669985 -1.29091904 -1.26860246  0.17517249]
[-1.67872013 -0.63032574  1.79656935 -1.2906004  -1.26854921  0.17498906]
[-1.67866445 -0.62994604  1.79643869 -1.290282   -1.26849591  0.17480445]
[-1.67860924 -0.62956683  1.79630786 -1.28996381 -1.26844257  0.1746187 ]
[-1.6785545  -0.62918809  1.79617685 -1.2896458  -1.26838918  0.17443184]
[-1.67850019 -0.62880978  1.79604568 -1.28932795 -1.26833574  0.17424389]
[-1.67844632 -0.62843186  1.79591433 -1.28901025 -1.26828225  0.17405488]
[-1.67839285 -0.62805433  1.79578282 -1.28869268 -1.26822872  0.17386485]
[-1.67833979 -0.62767714  1.79565114 -1.28837522 -1.26817514  0.17367381]
[-1.6782871  -0.62730027  1.79551928 -1.28805785 -1.2681215   0.1734818 ]
[-1.67823479 -0.62692371  1.79538726 -1.28774056 -1.26806782  0.17328884]
[-1.67818283 -0.62654743  1.79525507 -1.28742334 -1.26801409  0.17309496]
[-1.67813122 -0.62617141  1.79512272 -1.28710617 -1.2679603   0.17290018]
[-1.67807994 -0.62579563  1.7949902  -1.28678904 -1.26790647  0.17270453]
[-1.67802898 -0.62542008  1.79485753 -1.28647195 -1.26785258  0.17250803]
[-1.67797833 -0.62504473  1.79472469 -1.28615487 -1.26779864  0.17231071]
[-1.67792798 -0.62466957  1.79459169 -1.2858378  -1.26774465  0.1721126 ]
[-1.67787791 -0.62429458  1.79445854 -1.28552073 -1.26769061  0.1719137 ]
[-1.67782812 -0.62391975  1.79432523 -1.28520366 -1.26763652  0.17171405]
[-1.6777786  -0.62354507  1.79419177 -1.28488657 -1.26758239  0.17151367]
[-1.67772933 -0.62317053  1.79405816 -1.28456946 -1.2675282   0.17131258]
[-1.67768032 -0.6227961   1.7939244  -1.28425233 -1.26747396  0.1711108 ]
[-1.67763154 -0.62242179  1.7937905  -1.28393516 -1.26741968  0.17090835]
[-1.67758299 -0.62204758  1.79365646 -1.28361795 -1.26736534  0.17070526]
[-1.67753467 -0.62167345  1.79352228 -1.2833007  -1.26731096  0.17050153]
[-1.67748656 -0.62129941  1.79338796 -1.2829834  -1.26725654  0.17029719]
[-1.67743865 -0.62092545  1.7932535  -1.28266605 -1.26720206  0.17009227]
[-1.67739094 -0.62055154  1.79311891 -1.28234865 -1.26714755  0.16988677]
[-1.67734342 -0.6201777   1.7929842  -1.28203119 -1.26709298  0.16968071]
[-1.67729609 -0.6198039   1.79284936 -1.28171367 -1.26703838  0.16947412]
[-1.67724894 -0.61943015  1.79271439 -1.28139608 -1.26698373  0.169267  ]
[-1.67720195 -0.61905644  1.7925793  -1.28107843 -1.26692904  0.16905938]
[-1.67715513 -0.61868276  1.7924441  -1.28076071 -1.2668743   0.16885127]
[-1.67710847 -0.61830911  1.79230878 -1.28044293 -1.26681953  0.16864268]
[-1.67706196 -0.61793547  1.79217334 -1.28012507 -1.26676472  0.16843364]
[-1.67701559 -0.61756186  1.7920378  -1.27980714 -1.26670986  0.16822415]
[-1.67696937 -0.61718826  1.79190214 -1.27948914 -1.26665497  0.16801423]
[-1.67692328 -0.61681466  1.79176638 -1.27917107 -1.26660004  0.1678039 ]
[-1.67687732 -0.61644107  1.79163052 -1.27885293 -1.26654508  0.16759316]
[-1.67683149 -0.61606749  1.79149456 -1.27853471 -1.26649007  0.16738203]
[-1.67678578 -0.6156939   1.7913585  -1.27821641 -1.26643504  0.16717053]
[-1.67674019 -0.61532031  1.79122234 -1.27789804 -1.26637997  0.16695866]
[-1.67669471 -0.61494672  1.79108609 -1.2775796  -1.26632486  0.16674644]
[-1.67664933 -0.61457311  1.79094975 -1.27726109 -1.26626972  0.16653387]
[-1.67660406 -0.6141995   1.79081332 -1.2769425  -1.26621455  0.16632098]
[-1.67655889 -0.61382587  1.79067681 -1.27662383 -1.26615935  0.16610777]
[-1.67651382 -0.61345222  1.79054021 -1.2763051  -1.26610412  0.16589425]
[-1.67646883 -0.61307856  1.79040353 -1.27598629 -1.26604886  0.16568043]
[-1.67642394 -0.61270489  1.79026678 -1.27566741 -1.26599357  0.16546632]
[-1.67637913 -0.61233119  1.79012994 -1.27534846 -1.26593825  0.16525193]
[-1.67633441 -0.61195747  1.78999303 -1.27502944 -1.2658829   0.16503728]
[-1.67628976 -0.61158374  1.78985605 -1.27471036 -1.26582753  0.16482236]
[-1.67624519 -0.61120998  1.78971899 -1.2743912  -1.26577213  0.1646072 ]
[-1.67620069 -0.61083619  1.78958187 -1.27407198 -1.26571671  0.16439179]
[-1.67615626 -0.61046239  1.78944468 -1.27375269 -1.26566126  0.16417615]
[-1.6761119  -0.61008856  1.78930743 -1.27343333 -1.26560578  0.16396028]
[-1.6760676  -0.6097147   1.78917011 -1.27311391 -1.26555029  0.16374419]
[-1.67602337 -0.60934082  1.78903273 -1.27279443 -1.26549477  0.16352789]
[-1.6759792  -0.60896691  1.78889529 -1.27247489 -1.26543923  0.16331139]
[-1.67593508 -0.60859298  1.7887578  -1.27215528 -1.26538366  0.16309469]
[-1.67589102 -0.60821902  1.78862025 -1.27183562 -1.26532808  0.1628778 ]
[-1.67584701 -0.60784504  1.78848264 -1.27151589 -1.26527247  0.16266073]
[-1.67580306 -0.60747103  1.78834498 -1.27119611 -1.26521685  0.16244348]
[-1.67575915 -0.60709699  1.78820727 -1.27087628 -1.26516121  0.16222606]
[-1.67571529 -0.60672293  1.78806952 -1.27055639 -1.26510554  0.16200848]
[-1.67567147 -0.60634884  1.78793171 -1.27023644 -1.26504986  0.16179073]
[-1.6756277  -0.60597472  1.78779386 -1.26991645 -1.26499417  0.16157284]
[-1.67558397 -0.60560058  1.78765596 -1.2695964  -1.26493845  0.16135479]
[-1.67554028 -0.60522641  1.78751802 -1.2692763  -1.26488272  0.16113661]
[-1.67549663 -0.60485222  1.78738004 -1.26895615 -1.26482697  0.16091828]
[-1.67545302 -0.604478    1.78724201 -1.26863596 -1.26477121  0.16069983]
[-1.67540944 -0.60410376  1.78710395 -1.26831571 -1.26471543  0.16048124]
[-1.6753659  -0.60372949  1.78696584 -1.26799543 -1.26465964  0.16026253]
[-1.67532239 -0.6033552   1.78682771 -1.2676751  -1.26460384  0.16004371]
[-1.67527891 -0.60298089  1.78668953 -1.26735472 -1.26454802  0.15982477]
[-1.67523546 -0.60260655  1.78655132 -1.2670343  -1.26449218  0.15960572]
[-1.67519204 -0.60223218  1.78641308 -1.26671384 -1.26443634  0.15938656]
[-1.67514865 -0.6018578   1.7862748  -1.26639335 -1.26438048  0.1591673 ]
[-1.67510529 -0.60148339  1.78613649 -1.26607281 -1.26432461  0.15894794]
