[ 0.01783125 -0.04513139 -0.04930847 -0.00595658 -0.00370076  0.05450937]
[ 0.01787215 -0.04510682 -0.04936974 -0.00594998 -0.00367193  0.05419296]
[ 0.01794727 -0.04516795 -0.04952548 -0.00595374 -0.00364933  0.05397689]
[ 0.01805667 -0.04531435 -0.04977559 -0.00596779 -0.00363279  0.05385901]
[ 0.01820049 -0.04554574 -0.05012015 -0.00599209 -0.00362214  0.05383736]
[ 0.01837894 -0.04586201 -0.05055944 -0.00602662 -0.00361722  0.05391015]
[ 0.01859227 -0.04626318 -0.05109388 -0.00607139 -0.00361788  0.0540757 ]
[ 0.01884079 -0.04674937 -0.05172401 -0.00612639 -0.00362397  0.05433246]
[ 0.01912483 -0.04732075 -0.05245046 -0.00619165 -0.00363536  0.05467888]
[ 0.01944474 -0.04797752 -0.05327386 -0.00626718 -0.00365188  0.05511342]
[ 0.01980086 -0.04871986 -0.05419483 -0.00635298 -0.00367339  0.05563448]
[ 0.02019349 -0.04954782 -0.05521392 -0.00644907 -0.00369972  0.05624031]
[ 0.02062288 -0.05046134 -0.05633148 -0.00655541 -0.00373069  0.05692896]
[ 0.02108919 -0.05146011 -0.05754765 -0.00667197 -0.00376611  0.05769821]
[ 0.02159246 -0.05254352 -0.05886221 -0.00679866 -0.00380575  0.05854547]
[ 0.02213259 -0.05371057 -0.06027454 -0.00693535 -0.00384938  0.05946772]
[ 0.02270924 -0.05495978 -0.06178346 -0.00708185 -0.00389669  0.06046139]
[ 0.02332189 -0.0562891  -0.06338717 -0.00723789 -0.00394738  0.06152233]
[ 0.02396969 -0.05769581 -0.06508312 -0.00740313 -0.00400107  0.06264567]
[ 0.02465152 -0.05917645 -0.06686788 -0.00757715 -0.00405737  0.06382577]
[ 0.02536586 -0.0607267  -0.0687371  -0.00775941 -0.00411581  0.06505619]
[ 0.02611083 -0.06234133 -0.07068536 -0.00794926 -0.00417588  0.0663296 ]
[ 0.0268841  -0.06401417 -0.07270613 -0.00814593 -0.00423703  0.06763777]
[ 0.02768294 -0.06573802 -0.0747917  -0.00834855 -0.00429864  0.06897157]
[ 0.02850413 -0.06750467 -0.07693321 -0.00855611 -0.00436005  0.07032101]
[ 0.02934402 -0.06930493 -0.07912059 -0.00876749 -0.00442058  0.07167532]
[ 0.03019854 -0.07112872 -0.0813427  -0.00898144 -0.00447949  0.07302301]
[ 0.03106323 -0.07296509 -0.08358739 -0.00919665 -0.00453602  0.07435206]
[ 0.0319333  -0.07480244 -0.08584168 -0.00941169 -0.00458941  0.0756501 ]
[ 0.03280368 -0.0766287  -0.08809193 -0.00962509 -0.0046389   0.07690456]
[ 0.03366916 -0.07843148 -0.09032409 -0.00983535 -0.00468374  0.07810302]
[ 0.03452443 -0.08019838 -0.09252401 -0.01004097 -0.00472322  0.07923337]
[ 0.03536423 -0.08191724 -0.09467769 -0.01024046 -0.00475666  0.08028412]
[ 0.03618346 -0.08357637 -0.09677161 -0.01043241 -0.00478348  0.08124467]
[ 0.0369773  -0.08516489 -0.09879304 -0.0106155  -0.00480315  0.08210555]
[ 0.03774128 -0.08667288 -0.10073033 -0.01078853 -0.00481523  0.08285859]
[ 0.03847143 -0.08809168 -0.10257313 -0.01095045 -0.00481939  0.08349715]
[ 0.03916434 -0.08941402 -0.10431267 -0.01110038 -0.00481539  0.08401617]
[ 0.03981721 -0.09063411 -0.10594183 -0.01123762 -0.00480309  0.08441232]
[ 0.04042788 -0.09174778 -0.10745527 -0.01136166 -0.00478247  0.08468391]
[ 0.04099489 -0.09275243 -0.10884947 -0.01147219 -0.00475358  0.08483089]
[ 0.04151741 -0.093647   -0.11012267 -0.01156907 -0.00471659  0.08485475]
[ 0.04199527 -0.09443193 -0.11127481 -0.01165236 -0.00467172  0.08475836]
[ 0.04242885 -0.09510894 -0.11230735 -0.01172225 -0.00461927  0.0845458 ]
[ 0.04281908 -0.09568094 -0.11322315 -0.0117791  -0.00455959  0.08422215]
[ 0.04316732 -0.09615184 -0.11402623 -0.01182336 -0.00449307  0.08379333]
[ 0.04347532 -0.09652635 -0.1147216  -0.01185558 -0.00442012  0.08326582]
[ 0.04374509 -0.09680977 -0.115315   -0.01187641 -0.00434118  0.08264652]
[ 0.04397888 -0.09700785 -0.11581273 -0.01188651 -0.00425667  0.08194252]
[ 0.04417909 -0.09712659 -0.11622143 -0.01188659 -0.00416703  0.08116099]
[ 0.04434818 -0.0971721  -0.11654791 -0.01187737 -0.00407266  0.08030897]
[ 0.04448861 -0.09715045 -0.11679902 -0.01185956 -0.00397397  0.07939331]
[ 0.04460285 -0.09706758 -0.11698148 -0.01183386 -0.00387132  0.07842056]
[ 0.04469326 -0.0969292  -0.11710179 -0.01180091 -0.00376504  0.07739688]
[ 0.0447621  -0.09674073 -0.11716615 -0.01176135 -0.00365546  0.07632803]
[ 0.04481152 -0.09650723 -0.1171804  -0.01171575 -0.00354284  0.07521929]
[ 0.0448435  -0.09623339 -0.11714997 -0.01166465 -0.00342743  0.07407551]
[ 0.04485986 -0.0959235  -0.11707986 -0.01160852 -0.00330945  0.07290107]
[ 0.04486228 -0.09558144 -0.11697462 -0.01154781 -0.00318908  0.07169989]
[ 0.04485226 -0.09521071 -0.11683838 -0.01148287 -0.00306648  0.07047547]
[ 0.04483113 -0.0948144  -0.11667481 -0.01141405 -0.00294178  0.0692309 ]
[ 0.04480009 -0.09439525 -0.11648718 -0.01134163 -0.00281508  0.06796892]
[ 0.04476018 -0.09395564 -0.11627839 -0.01126585 -0.00268647  0.0666919 ]
[ 0.04471229 -0.09349763 -0.11605094 -0.0111869  -0.00255602  0.0654019 ]
[ 0.04465721 -0.09302298 -0.11580701 -0.01110494 -0.00242377  0.06410074]
[ 0.04459557 -0.09253319 -0.11554847 -0.0110201  -0.00228975  0.06278994]
[ 0.04452794 -0.09202949 -0.11527691 -0.01093247 -0.00215399  0.06147087]
[ 0.04445475 -0.09151292 -0.11499365 -0.0108421  -0.0020165   0.06014465]
[ 0.04437638 -0.0909843  -0.11469981 -0.01074903 -0.00187725  0.05881229]
[ 0.04429308 -0.09044428 -0.11439628 -0.01065328 -0.00173626  0.05747464]
[ 0.04420509 -0.08989336 -0.1140838  -0.01055483 -0.0015935   0.05613245]
[ 0.04411254 -0.0893319  -0.11376292 -0.01045366 -0.00144894  0.05478637]
[ 0.04401552 -0.08876015 -0.11343408 -0.0103497  -0.00130256  0.05343698]
[ 0.04391407 -0.08817823 -0.11309758 -0.01024291 -0.00115433  0.0520848 ]
[ 0.04380819 -0.08758621 -0.11275361 -0.01013319 -0.0010042   0.0507303 ]
[ 0.04369784 -0.08698405 -0.11240229 -0.01002047 -0.00085215  0.04937394]
[ 0.04358293 -0.08637166 -0.11204363 -0.00990464 -0.00069814  0.04801614]
[ 0.04346335 -0.08574887 -0.11167759 -0.00978558 -0.00054213  0.04665731]
[ 0.04333898 -0.0851155  -0.11130404 -0.00966318 -0.00038408  0.04529787]
[ 0.04320963 -0.0844713  -0.11092284 -0.00953729 -0.00022397  0.04393824]
[ 4.30751399e-02 -8.38159786e-02 -1.10533753e-01 -9.40779760e-03 -6.17452627e-05  4.25788458e-02]
[ 4.29352925e-02 -8.31492354e-02 -1.10136536e-01 -9.27454169e-03  1.02607630e-04  4.12201546e-02]
[ 0.04278987 -0.08247074 -0.10973089 -0.00913738  0.00026912  0.03986264]
[ 0.04263863 -0.08178013 -0.10931649 -0.00899614  0.00043781  0.03850682]
[ 0.04248132 -0.08107704 -0.10889298 -0.00885068  0.00060869  0.03715324]
[ 0.04231767 -0.0803611  -0.10845998 -0.00870084  0.00078178  0.03580249]
[ 0.04214741 -0.07963193 -0.10801709 -0.00854643  0.00095708  0.0344552 ]
[ 0.04197025 -0.07888914 -0.10756389 -0.0083873   0.00113457  0.03311204]
[ 0.04178589 -0.07813234 -0.10709993 -0.00822327  0.00131425  0.03177376]
[ 0.04159403 -0.07736116 -0.10662477 -0.00805419  0.0014961   0.03044114]
[ 0.04139435 -0.07657524 -0.10613794 -0.00787986  0.00168006  0.02911501]
[ 0.04118655 -0.07577421 -0.10563897 -0.00770015  0.00186611  0.02779628]
[ 0.04097031 -0.07495776 -0.10512739 -0.00751487  0.00205417  0.02648592]
[ 0.04074531 -0.07412556 -0.10460271 -0.00732388  0.00224418  0.02518493]
[ 0.04051124 -0.07327734 -0.10406446 -0.00712702  0.00243604  0.02389442]
[ 0.04026779 -0.07241286 -0.10351216 -0.00692416  0.00262964  0.02261552]
[ 0.04001466 -0.0715319  -0.10294535 -0.00671516  0.00282487  0.02134946]
[ 0.03975154 -0.07063431 -0.10236358 -0.00649991  0.00302158  0.0200975 ]
[ 0.03947817 -0.06971997 -0.10176641 -0.0062783   0.0032196   0.01886098]
[ 0.03919427 -0.06878883 -0.10115343 -0.00605024  0.00341876  0.01764129]
[ 0.03889959 -0.06784089 -0.10052425 -0.00581567  0.00361886  0.01643989]
[ 0.03859392 -0.06687622 -0.09987851 -0.00557453  0.00381967  0.01525825]
[ 0.03827704 -0.06589498 -0.09921589 -0.0053268   0.00402094  0.01409793]
[ 0.03794878 -0.06489738 -0.09853611 -0.00507247  0.0042224   0.0129605 ]
[ 0.03760901 -0.06388373 -0.09783895 -0.00481159  0.00442377  0.01184757]
[ 0.03725761 -0.06285444 -0.09712421 -0.00454419  0.00462473  0.01076076]
[ 0.03689453 -0.06180998 -0.09639178 -0.00427037  0.00482495  0.00970172]
[ 0.03651974 -0.06075095 -0.0956416  -0.00399025  0.00502406  0.00867208]
[ 0.03613326 -0.05967803 -0.09487369 -0.00370398  0.00522171  0.00767347]
[ 0.03573517 -0.058592   -0.09408812 -0.00341175  0.00541748  0.00670748]
[ 0.0353256  -0.05749374 -0.09328506 -0.0031138   0.00561097  0.00577569]
[ 0.03490473 -0.05638424 -0.09246474 -0.00281039  0.00580176  0.0048796 ]
[ 0.03447278 -0.05526459 -0.0916275  -0.00250183  0.0059894   0.00402065]
[ 0.03403006 -0.05413597 -0.09077375 -0.00218845  0.00617345  0.00320021]
[ 0.03357691 -0.05299965 -0.08990397 -0.00187064  0.00635345  0.00241953]
[ 0.03311376 -0.05185698 -0.08901877 -0.00154882  0.00652894  0.00167975]
[ 0.03264105 -0.05070942 -0.08811881 -0.00122344  0.00669947  0.0009819 ]
[ 0.03215933 -0.04955846 -0.08720484 -0.00089498  0.00686458  0.00032685]
[ 0.03166916 -0.04840567 -0.08627771 -0.00056396  0.00702383 -0.00028467]
[ 0.03117117 -0.04725269 -0.08533834 -0.00023092  0.00717678 -0.00085212]
[ 0.03066604 -0.04610115 -0.0843877   0.00010357  0.00732302 -0.00137509]
[ 0.03015449 -0.04495275 -0.08342686  0.00043892  0.00746214 -0.0018534 ]
[ 0.02963727 -0.04380917 -0.08245692  0.00077454  0.00759377 -0.00228703]
[ 0.02911517 -0.04267211 -0.08147903  0.00110982  0.00771756 -0.00267616]
[ 0.028589   -0.04154323 -0.08049441  0.00144413  0.0078332  -0.00302116]
[ 0.02805959 -0.04042418 -0.07950427  0.00177685  0.00794041 -0.0033226 ]
[ 0.02752779 -0.03931655 -0.07850987  0.00210738  0.00803893 -0.00358121]
[ 0.02699443 -0.03822188 -0.07751246  0.00243511  0.00812856 -0.00379794]
[ 0.02646037 -0.03714162 -0.0765133   0.00275944  0.00820914 -0.00397387]
[ 0.02592645 -0.03607716 -0.07551363  0.0030798   0.00828053 -0.00411028]
[ 0.02539347 -0.03502977 -0.07451468  0.00339565  0.00834265 -0.00420857]
[ 0.02486223 -0.03400065 -0.07351763  0.00370645  0.00839547 -0.00427028]
[ 0.02433351 -0.03299086 -0.07252364  0.00401172  0.00843897 -0.00429708]
[ 0.02380804 -0.03200136 -0.07153379  0.00431099  0.00847321 -0.00429074]
[ 0.0232865  -0.03103297 -0.07054914  0.00460383  0.00849826 -0.00425309]
[ 0.02276956 -0.03008642 -0.06957066  0.00488986  0.00851425 -0.00418606]
[ 0.02225781 -0.02916229 -0.06859927  0.00516873  0.00852133 -0.0040916 ]
[ 0.0217518  -0.02826104 -0.0676358   0.00544012  0.00851969 -0.00397172]
[ 0.02125205 -0.02738301 -0.06668101  0.00570377  0.00850955 -0.00382843]
[ 0.020759   -0.02652843 -0.0657356   0.00595945  0.00849117 -0.00366372]
[ 0.02027306 -0.02569742 -0.06480016  0.00620695  0.0084648  -0.0034796 ]
[ 0.01979457 -0.02488999 -0.06387523  0.00644613  0.00843075 -0.00327801]
[ 0.01932382 -0.02410602 -0.06296126  0.00667687  0.00838934 -0.00306089]
[ 0.01886105 -0.02334536 -0.06205863  0.00689907  0.00834088 -0.00283008]
[ 0.01840648 -0.02260771 -0.06116763  0.0071127   0.00828574 -0.00258738]
[ 0.01796024 -0.02189275 -0.06028852  0.00731772  0.00822425 -0.00233452]
[ 0.01752244 -0.02120004 -0.05942146  0.00751414  0.00815678 -0.00207314]
[ 0.01709316 -0.02052913 -0.05856656  0.00770199  0.0080837  -0.00180479]
[ 0.01667242 -0.01987949 -0.05772387  0.00788132  0.00800536 -0.00153095]
[ 0.01626021 -0.01925056 -0.05689341  0.0080522   0.00792214 -0.001253  ]
[ 0.01585651 -0.01864173 -0.05607513  0.00821473  0.00783441 -0.00097221]
[ 0.01546126 -0.01805238 -0.05526894  0.00836901  0.00774251 -0.00068978]
[ 0.01507437 -0.01748187 -0.05447473  0.00851516  0.00764681 -0.00040681]
[ 0.01469573 -0.01692955 -0.05369234  0.0086533   0.00754765 -0.0001243 ]
[ 0.01432523 -0.01639474 -0.05292161  0.00878356  0.00744539  0.00015683]
[ 0.01396272 -0.01587678 -0.05216232  0.00890611  0.00734034  0.00043574]
[ 0.01360807 -0.01537502 -0.05141427  0.00902107  0.00723284  0.00071169]
[ 0.01326111 -0.01488879 -0.05067722  0.0091286   0.0071232   0.00098401]
[ 0.01292168 -0.01441747 -0.04995093  0.00922886  0.00701171  0.00125209]
[ 0.01258961 -0.01396043 -0.04923516  0.009322    0.00689868  0.00151542]
[ 0.01226474 -0.01351707 -0.04852964  0.00940817  0.00678439  0.00177353]
[ 0.0119469  -0.0130868  -0.04783413  0.00948752  0.0066691   0.00202602]
[ 0.01163591 -0.01266905 -0.04714837  0.0095602   0.00655308  0.00227256]
[ 0.0113316  -0.0122633  -0.04647212  0.00962636  0.00643657  0.00251285]
[ 0.01103383 -0.01186903 -0.04580513  0.00968615  0.00631982  0.00274665]
[ 0.01074242 -0.01148575 -0.04514717  0.0097397   0.00620305  0.00297378]
[ 0.01045723 -0.01111301 -0.044498    0.00978716  0.00608648  0.00319407]
[ 0.0101781  -0.01075038 -0.0438574   0.00982864  0.00597032  0.00340739]
[ 0.0099049  -0.01039744 -0.04322517  0.0098643   0.00585476  0.00361368]
[ 0.0096375  -0.01005381 -0.0426011   0.00989424  0.00573999  0.00381286]
[ 0.00937576 -0.00971914 -0.041985    0.0099186   0.00562619  0.00400492]
[ 0.00911956 -0.00939309 -0.04137669  0.00993748  0.00551354  0.00418983]
[ 0.0088688  -0.00907536 -0.04077601  0.00995102  0.00540218  0.00436761]
[ 0.00862336 -0.00876566 -0.04018279  0.00995931  0.00529227  0.00453831]
[ 0.00838315 -0.00846373 -0.03959688  0.00996247  0.00518396  0.00470195]
[ 0.00814806 -0.00816932 -0.03901815  0.00996061  0.00507738  0.0048586 ]
[ 0.00791802 -0.00788221 -0.03844648  0.00995383  0.00497265  0.00500835]
[ 0.00769295 -0.00760219 -0.03788173  0.00994223  0.0048699   0.00515126]
[ 0.00747276 -0.00732906 -0.03732379  0.00992592  0.00476924  0.00528744]
[ 0.00725738 -0.00706266 -0.03677258  0.00990499  0.00467077  0.00541698]
[ 0.00704675 -0.00680282 -0.03622798  0.00987955  0.00457458  0.00553999]
[ 0.0068408  -0.00654939 -0.03568991  0.00984969  0.00448077  0.00565659]
[ 0.00663947 -0.00630223 -0.03515828  0.00981551  0.00438942  0.00576688]
[ 0.00644271 -0.00606122 -0.03463302  0.00977711  0.0043006   0.00587099]
[ 0.00625047 -0.00582623 -0.03411405  0.00973459  0.00421438  0.00596905]
[ 0.00606268 -0.00559716 -0.0336013   0.00968804  0.00413083  0.00606118]
[ 0.0058793  -0.00537391 -0.03309471  0.00963756  0.00405     0.0061475 ]
[ 0.00570028 -0.00515638 -0.0325942   0.00958325  0.00397193  0.00622814]
[ 0.00552558 -0.00494446 -0.03209973  0.00952521  0.00389668  0.00630324]
[ 0.00535513 -0.00473809 -0.03161121  0.00946353  0.00382427  0.00637293]
[ 0.00518891 -0.00453718 -0.0311286   0.00939832  0.00375474  0.00643733]
[ 0.00502685 -0.00434163 -0.03065184  0.00932968  0.00368812  0.00649657]
[ 0.00486891 -0.00415138 -0.03018085  0.0092577   0.00362441  0.0065508 ]
[ 0.00471504 -0.00396635 -0.02971559  0.00918249  0.00356364  0.00660013]
[ 0.0045652  -0.00378645 -0.02925599  0.00910415  0.00350582  0.0066447 ]
[ 0.00441932 -0.00361163 -0.02880199  0.00902279  0.00345094  0.00668464]
[ 0.00427737 -0.00344179 -0.02835351  0.0089385   0.003399    0.00672008]
[ 0.00413928 -0.00327686 -0.02791051  0.00885139  0.00335     0.00675114]
[ 0.004005   -0.00311677 -0.02747289  0.00876156  0.00330392  0.00677795]
[ 0.00387447 -0.00296144 -0.0270406   0.00866911  0.00326076  0.00680064]
[ 0.00374764 -0.00281079 -0.02661357  0.00857415  0.00322048  0.00681933]
[ 0.00362445 -0.00266475 -0.02619171  0.00847678  0.00318307  0.00683415]
[ 0.00350483 -0.00252322 -0.02577495  0.0083771   0.00314849  0.00684522]
[ 0.00338873 -0.00238614 -0.02536321  0.00827521  0.00311672  0.00685266]
[ 0.00327607 -0.00225341 -0.02495641  0.00817122  0.00308771  0.00685659]
[ 0.0031668  -0.00212495 -0.02455446  0.00806522  0.00306144  0.00685713]
[ 0.00306084 -0.00200067 -0.02415728  0.00795732  0.00303786  0.0068544 ]
[ 0.00295813 -0.0018805  -0.02376478  0.0078476   0.00301692  0.00684851]
[ 0.0028586  -0.00176434 -0.02337686  0.00773617  0.00299858  0.00683957]
[ 0.00276217 -0.00165209 -0.02299343  0.00762313  0.00298279  0.00682769]
[ 0.00266878 -0.00154368 -0.02261441  0.00750856  0.00296951  0.006813  ]
[ 0.00257835 -0.001439   -0.02223969  0.00739256  0.00295867  0.00679559]
[ 0.00249081 -0.00133797 -0.02186918  0.00727521  0.00295022  0.00677556]
[ 0.00240609 -0.00124049 -0.02150277  0.00715661  0.00294412  0.00675304]
[ 0.00232411 -0.00114647 -0.02114038  0.00703684  0.0029403   0.00672811]
[ 0.0022448  -0.00105582 -0.02078189  0.00691598  0.0029387   0.00670087]
[ 0.00216807 -0.00096844 -0.02042722  0.00679412  0.00293927  0.00667143]
[ 0.00209387 -0.00088424 -0.02007625  0.00667134  0.00294194  0.00663988]
[ 0.00202211 -0.00080312 -0.01972889  0.0065477   0.00294667  0.00660632]
[ 0.00195272 -0.000725   -0.01938504  0.00642329  0.00295338  0.00657083]
[ 0.00188563 -0.00064977 -0.01904459  0.00629818  0.00296202  0.0065335 ]
[ 0.00182075 -0.00057735 -0.01870745  0.00617243  0.00297253  0.00649442]
[ 0.00175803 -0.00050764 -0.01837351  0.00604612  0.00298486  0.00645368]
[ 0.00169738 -0.00044056 -0.01804268  0.00591931  0.00299893  0.00641135]
[ 0.00163874 -0.00037601 -0.01771485  0.00579205  0.00301469  0.00636752]
[ 0.00158203 -0.00031391 -0.01738994  0.00566442  0.00303209  0.00632226]
[ 0.00152719 -0.00025416 -0.01706783  0.00553646  0.00305107  0.00627565]
[ 0.00147415 -0.00019669 -0.01674845  0.00540822  0.00307156  0.00622776]
[ 0.00142284 -0.00014141 -0.01643168  0.00527978  0.00309352  0.00617865]
[ 1.37318880e-03 -8.82290087e-05 -1.61174520e-02  5.15115558e-03  3.11688522e-03  6.12840760e-03]
[ 1.32514151e-03 -3.70748199e-05 -1.58056600e-02  5.02241341e-03  3.14160539e-03  6.07708399e-03]
[ 1.27863121e-03  1.21350629e-05 -1.54962188e-02  4.89359289e-03  3.16762656e-03  6.02474580e-03]
[ 1.23359607e-03  5.94785652e-05 -1.51890411e-02  4.76473612e-03  3.19489667e-03  5.97145373e-03]
[ 0.00118998  0.00010503 -0.01488404  0.00463588  0.00322336  0.00591727]
[ 0.00114771  0.00014887 -0.01458113  0.00450707  0.00325298  0.00586224]
[ 0.00110675  0.00019106 -0.01428024  0.00437834  0.0032837   0.00580643]
[ 0.00106702  0.00023168 -0.01398128  0.00424971  0.00331547  0.00574988]
[ 0.00102849  0.0002708  -0.01368417  0.00412122  0.00334824  0.00569265]
[ 0.00099109  0.00030848 -0.01338884  0.00399291  0.00338198  0.00563479]
[ 0.00095477  0.00034479 -0.01309521  0.00386479  0.00341663  0.00557634]
[ 0.00091949  0.00037978 -0.01280322  0.0037369   0.00345216  0.00551733]
[ 0.00088519  0.00041353 -0.01251279  0.00360925  0.00348853  0.00545783]
[ 0.00085183  0.00044609 -0.01222385  0.00348187  0.00352569  0.00539786]
[ 0.00081937  0.00047751 -0.01193634  0.00335479  0.00356361  0.00533746]
[ 0.00078776  0.00050786 -0.01165019  0.003228    0.00360224  0.00527668]
[ 0.00075696  0.00053718 -0.01136535  0.00310155  0.00364156  0.00521554]
[ 0.00072692  0.00056552 -0.01108176  0.00297543  0.00368154  0.00515407]
[ 0.00069761  0.00059295 -0.01079935  0.00284967  0.00372212  0.00509231]
[ 0.000669    0.00061949 -0.01051807  0.00272427  0.00376329  0.0050303 ]
[ 0.00064104  0.00064521 -0.01023786  0.00259926  0.00380502  0.00496805]
[ 0.0006137   0.00067014 -0.00995869  0.00247463  0.00384727  0.00490559]
[ 0.00058694  0.00069432 -0.00968048  0.00235041  0.00389001  0.00484295]
[ 0.00056074  0.00071781 -0.00940321  0.00222659  0.00393322  0.00478015]
[ 0.00053507  0.00074063 -0.00912681  0.00210318  0.00397687  0.00471722]
[ 0.00050988  0.00076282 -0.00885126  0.0019802   0.00402094  0.00465417]
[ 0.00048517  0.00078442 -0.00857649  0.00185764  0.0040654   0.00459104]
[ 0.00046089  0.00080547 -0.00830248  0.00173552  0.00411023  0.00452782]
[ 0.00043702  0.00082599 -0.00802918  0.00161383  0.0041554   0.00446456]
[ 0.00041354  0.00084602 -0.00775656  0.00149257  0.0042009   0.00440125]
[ 0.00039042  0.00086559 -0.00748457  0.00137175  0.00424671  0.00433792]
[ 0.00036764  0.00088473 -0.00721319  0.00125138  0.0042928   0.00427458]
[ 0.00034518  0.00090347 -0.00694238  0.00113145  0.00433915  0.00421124]
[ 0.00032301  0.00092183 -0.00667211  0.00101195  0.00438576  0.00414793]
[ 0.00030113  0.00093983 -0.00640234  0.0008929   0.0044326   0.00408464]
[ 0.0002795   0.0009575  -0.00613306  0.00077429  0.00447965  0.0040214 ]
[ 0.00025812  0.00097487 -0.00586423  0.00065612  0.0045269   0.0039582 ]
[ 0.00023696  0.00099196 -0.00559582  0.00053839  0.00457434  0.00389507]
[ 0.000216    0.00100878 -0.0053278   0.00042109  0.00462196  0.00383201]
[ 0.00019524  0.00102535 -0.00506017  0.00030423  0.00466973  0.00376903]
[ 0.00017465  0.0010417  -0.00479288  0.00018779  0.00471765  0.00370614]
[ 1.54229903e-04  1.05784476e-03 -4.52592534e-03  7.17826180e-05  4.76570465e-03  3.64334504e-03]
[ 1.33956556e-04  1.07379724e-03 -4.25927612e-03 -4.38029102e-05  4.81388217e-03  3.58064880e-03]
[ 0.00011382  0.00108958 -0.00399291 -0.00015897  0.00486217  0.00351806]
[ 9.38086732e-05  1.10519373e-03 -3.72682101e-03 -2.73719986e-04  4.91056509e-03  3.45558382e-03]
[ 7.39107526e-05  1.12066739e-03 -3.46097763e-03 -3.88059816e-04  4.95905066e-03  3.39322572e-03]
[ 5.41156037e-05  1.13600982e-03 -3.19536688e-03 -5.01993041e-04  5.00761995e-03  3.33099018e-03]
[ 3.44130167e-05  1.15123398e-03 -2.92997220e-03 -6.15524294e-04  5.05626432e-03  3.26888138e-03]
[ 1.47933300e-05  1.16635211e-03 -2.66477784e-03 -7.28658366e-04  5.10497558e-03  3.20690308e-03]
[-4.75259344e-06  1.18137581e-03 -2.39976886e-03 -8.41400191e-04  5.15374600e-03  3.14505866e-03]
[-2.42333893e-05  1.19631605e-03 -2.13493104e-03 -9.53754830e-04  5.20256827e-03  3.08335113e-03]
[-4.36572138e-05  1.21118317e-03 -1.87025088e-03 -1.06572745e-03  5.25143551e-03  3.02178314e-03]
[-6.30317655e-05  1.22598695e-03 -1.60571558e-03 -1.17732332e-03  5.30034120e-03  2.96035704e-03]
[-8.23643054e-05  1.24073660e-03 -1.34131299e-03 -1.28854779e-03  5.34927922e-03  2.89907483e-03]
[-0.00010166  0.00125544 -0.00107703 -0.00139941  0.00539824  0.00283794]
[-0.00012093  0.00127011 -0.00081286 -0.0015099   0.00544723  0.00277695]
[-0.00014018  0.00128475 -0.00054879 -0.00162005  0.00549623  0.00271611]
[-0.00015941  0.00129936 -0.00028481 -0.00172984  0.00554524  0.00265542]
[-1.78622809e-04  1.31395989e-03 -2.09080321e-05 -1.83929014e-03  5.59426352e-03  2.59487415e-03]
[-0.00019783  0.00132855  0.00024292 -0.0019484   0.00564329  0.00253448]
[-0.00021704  0.00134314  0.00050668 -0.00205718  0.00569231  0.00247424]
[-0.00023625  0.00135773  0.00077039 -0.00216563  0.00574132  0.00241415]
[-0.00025547  0.00137233  0.00103405 -0.00227376  0.00579033  0.00235422]
[-0.0002747   0.00138694  0.00129767 -0.00238157  0.00583932  0.00229443]
[-0.00029394  0.00140156  0.00156125 -0.00248908  0.0058883   0.00223479]
[-0.00031321  0.00141621  0.00182481 -0.00259628  0.00593726  0.00217531]
[-0.00033249  0.00143089  0.00208834 -0.00270318  0.00598621  0.00211597]
[-0.00035179  0.00144559  0.00235185 -0.00280978  0.00603512  0.00205678]
[-0.00037112  0.00146033  0.00261535 -0.0029161   0.00608402  0.00199774]
[-0.00039048  0.0014751   0.00287885 -0.00302213  0.00613288  0.00193885]
[-0.00040987  0.00148991  0.00314234 -0.00312788  0.00618172  0.0018801 ]
