[-0.38566684 -0.2565899   0.52586323 -2.18485543  2.19902594  0.02113913]
[-0.38547942 -0.25702521  0.5252867  -2.18532655  2.19855282  0.02105763]
[-0.38528856 -0.2574712   0.5246995  -2.18580598  2.19807133  0.02097711]
[-0.38509369 -0.25792908  0.52410023 -2.18629512  2.19757984  0.02089751]
[-0.38489426 -0.25840015  0.52348742 -2.1867955   2.19707665  0.02081876]
[-0.38468967 -0.25888579  0.5228595  -2.18730868  2.19655994  0.02074082]
[-0.38447927 -0.25938745  0.52221484 -2.18783636  2.1960278   0.02066361]
[-0.38426238 -0.25990669  0.52155165 -2.18838031  2.19547821  0.02058708]
[-0.38403828 -0.26044518  0.52086806 -2.18894244  2.194909    0.02051114]
[-0.38380619 -0.2610047   0.52016208 -2.18952475  2.19431789  0.02043574]
[-0.3835653  -0.26158711  0.51943157 -2.19012941  2.19370244  0.02036079]
[-0.38331474 -0.26219443  0.51867426 -2.19075867  2.19306005  0.02028621]
[-0.38305356 -0.26282879  0.51788775 -2.19141499  2.19238796  0.02021191]
[-0.38278077 -0.26349245  0.51706947 -2.19210094  2.19168324  0.02013778]
[-0.38249534 -0.2641878   0.51621672 -2.19281924  2.19094276  0.02006371]
[-0.38219614 -0.26491736  0.51532663 -2.19357281  2.19016324  0.01998959]
[-0.38188199 -0.2656838   0.51439618 -2.19436469  2.1893412   0.01991527]
[-0.38155166 -0.2664899   0.5134222  -2.19519809  2.18847295  0.0198406 ]
[-0.38120385 -0.26733855  0.51240138 -2.19607638  2.18755466  0.01976544]
[-0.3808372  -0.26823277  0.51133028 -2.19700306  2.18658231  0.01968958]
[-0.38045031 -0.26917566  0.51020533 -2.19798177  2.18555175  0.01961284]
[-0.38004173 -0.27017039  0.50902289 -2.19901623  2.18445867  0.019535  ]
[-0.37960998 -0.27122019  0.50777925 -2.20011027  2.1832987   0.01945582]
[-0.37915354 -0.27232827  0.50647065 -2.20126775  2.18206737  0.01937505]
[-0.37867092 -0.27349785  0.50509338 -2.2024925   2.18076023  0.0192924 ]
[-0.37816062 -0.27473204  0.50364376 -2.20378835  2.17937287  0.01920759]
[-0.37762119 -0.27603384  0.50211828 -2.20515899  2.17790098  0.01912028]
[-0.37705122 -0.27740606  0.50051358 -2.20660791  2.17634045  0.01903015]
[-0.37644941 -0.27885122  0.4988266  -2.20813837  2.17468747  0.01893685]
[-0.3758146  -0.28037155  0.49705464 -2.20975328  2.17293859  0.01884   ]
[-0.37514574 -0.28196884  0.49519543 -2.21145509  2.17109084  0.01873922]
[-0.37444202 -0.28364439  0.49324723 -2.21324573  2.16914186  0.01863413]
[-0.37370284 -0.28539894  0.49120895 -2.21512649  2.16709     0.01852435]
[-0.37292785 -0.28723256  0.48908019 -2.21709795  2.16493441  0.01840949]
[-0.37211702 -0.28914463  0.48686138 -2.21915986  2.16267518  0.01828918]
[-0.37127065 -0.29113373  0.48455378 -2.22131106  2.16031342  0.01816306]
[-0.37038936 -0.29319764  0.48215959 -2.22354946  2.1578513   0.01803081]
[-0.36947417 -0.2953333   0.47968197 -2.22587194  2.15529217  0.01789215]
[-0.36852646 -0.29753678  0.47712502 -2.22827438  2.15264054  0.0177468 ]
[-0.36754796 -0.29980336  0.47449379 -2.23075163  2.14990208  0.01759459]
[-0.36654078 -0.30212754  0.47179422 -2.2332976   2.14708358  0.01743534]
[-0.36550734 -0.30450312  0.46903306 -2.23590526  2.14419291  0.01726899]
[-0.36445035 -0.30692332  0.46621775 -2.23856682  2.14123883  0.0170955 ]
[-0.36337276 -0.3093809   0.46335631 -2.24127379  2.13823094  0.01691492]
[-0.3622777  -0.31186829  0.46045715 -2.24401719  2.13517942  0.01672735]
[-0.3611684  -0.31437777  0.45752889 -2.2467877   2.13209492  0.01653297]
[-0.36004815 -0.31690162  0.45458023 -2.24957582  2.12898829  0.016332  ]
[-0.35892019 -0.31943228  0.45161971 -2.25237211  2.12587038  0.01612473]
[-0.35778771 -0.3219625   0.44865555 -2.2551673   2.12275188  0.01591148]
[-0.35665369 -0.32448552  0.44569551 -2.25795254  2.11964306  0.01569264]
[-0.35552092 -0.32699515  0.4427467  -2.26071947  2.11655364  0.01546859]
[-0.35439193 -0.32948586  0.43981551 -2.2634604   2.11349264  0.01523977]
[-0.35326893 -0.33195292  0.4369075  -2.26616838  2.11046828  0.0150066 ]
[-0.35215384 -0.33439235  0.43402736 -2.26883726  2.10748784  0.01476953]
[-0.3510482  -0.33680104  0.43117884 -2.27146175  2.1045577   0.01452899]
[-0.34995324 -0.33917666  0.4283648  -2.27403743  2.10168326  0.01428541]
[-0.34886983 -0.34151768  0.4255872  -2.27656068  2.098869    0.01403919]
[-0.34779853 -0.34382328  0.42284716 -2.27902871  2.09611848  0.01379073]
[-0.3467396  -0.34609337  0.42014504 -2.28143946  2.09343443  0.01354039]
[-0.34569303 -0.34832841  0.41748048 -2.28379152  2.09081885  0.01328852]
[-0.34465855 -0.35052943  0.4148525  -2.28608409  2.08827305  0.01303545]
[-0.34363572 -0.35269786  0.41225961 -2.28831686  2.08579776  0.01278147]
[-0.34262389 -0.35483554  0.40969988 -2.29048992  2.08339326  0.01252686]
[-0.34162228 -0.35694454  0.40717102 -2.2926037   2.08105943  0.01227189]
[-0.34063001 -0.35902717  0.40467049 -2.29465889  2.07879588  0.0120168 ]
[-0.33964612 -0.36108586  0.40219555 -2.29665633  2.076602    0.01176182]
[-0.33866958 -0.36312311  0.39974336 -2.29859697  2.07447706  0.01150718]
[-0.33769938 -0.36514142  0.39731103 -2.30048182  2.07242026  0.01125311]
[-0.33673446 -0.36714326  0.39489566 -2.30231186  2.0704308   0.01099982]
[-0.33577381 -0.369131    0.39249445 -2.30408803  2.06850792  0.01074754]
[-0.33481645 -0.3711069   0.39010465 -2.30581122  2.06665094  0.0104965 ]
[-0.33386146 -0.37307305  0.3877237  -2.30748217  2.06485928  0.01024695]
[-0.33290798 -0.37503136  0.38534916 -2.30910153  2.06313248  0.00999913]
[-0.33195522 -0.37698354  0.38297884 -2.3106698   2.06147022  0.00975332]
[-0.33100248 -0.37893106  0.38061071 -2.31218736  2.0598723   0.00950982]
[-0.33004918 -0.38087517  0.37824301 -2.31365443  2.05833867  0.00926893]
[-0.3290948  -0.38281685  0.37587422 -2.31507114  2.05686939  0.00903098]
[-0.32813896 -0.38475684  0.37350306 -2.31643747  2.05546462  0.00879633]
[-0.32718136 -0.38669561  0.37112852 -2.31775331  2.0541246   0.00856536]
[-0.32622183 -0.38863337  0.36874988 -2.31901848  2.05284964  0.00833847]
[-0.32526032 -0.39057006  0.36636666 -2.32023274  2.05164006  0.00811608]
[-0.32429687 -0.39250536  0.36397866 -2.32139581  2.05049619  0.00789864]
[-0.32333167 -0.39443869  0.36158595 -2.32250739  2.04941834  0.00768661]
[-0.32236498 -0.39636922  0.35918888 -2.32356724  2.04840671  0.00748048]
[-0.3213972  -0.39829589  0.35678804 -2.32457512  2.04746144  0.00728074]
[-0.32042884 -0.4002174   0.35438428 -2.3255309   2.04658251  0.00708789]
[-0.31946049 -0.40213222  0.35197869 -2.32643453  2.04576974  0.00690246]
[-0.31849285 -0.40403864  0.34957258 -2.3272861   2.04502272  0.00672495]
[-0.31752671 -0.40593477  0.34716748 -2.32808587  2.04434086  0.00655588]
[-0.31656294 -0.40781855  0.34476513 -2.32883424  2.04372326  0.00639575]
[-0.31560248 -0.4096878   0.34236742 -2.32953184  2.04316877  0.00624505]
[-0.31464634 -0.41154021  0.33997641 -2.3301795   2.04267595  0.00610426]
[-0.31369557 -0.4133734   0.33759426 -2.33077827  2.04224303  0.00597381]
[-0.31275126 -0.41518494  0.33522328 -2.33132944  2.04186795  0.00585412]
[-0.31181454 -0.41697238  0.3328658  -2.33183454  2.04154831  0.00574558]
[-0.31088653 -0.41873326  0.33052422 -2.33229534  2.04128143  0.00564852]
[-0.30996836 -0.4204652   0.32820096 -2.33271383  2.04106431  0.00556324]
[-0.30906114 -0.42216584  0.32589841 -2.33309223  2.04089368  0.00548997]
[-0.30816596 -0.42383297  0.3236189  -2.33343296  2.04076604  0.00542891]
[-0.30728386 -0.42546448  0.3213647  -2.33373864  2.04067762  0.00538021]
[-0.30641581 -0.42705841  0.31913797 -2.33401203  2.04062449  0.00534393]
[-0.30556275 -0.42861301  0.31694074 -2.33425604  2.04060256  0.0053201 ]
[-0.3047255  -0.43012669  0.31477488 -2.33447371  2.04060763  0.00530869]
[-0.30390482 -0.4315981   0.31264207 -2.33466813  2.04063542  0.00530962]
[-0.30310137 -0.43302611  0.31054383 -2.33484244  2.04068164  0.00532273]
[-0.30231571 -0.43440983  0.30848143 -2.33499979  2.040742    0.00534785]
[-0.30154829 -0.43574861  0.30645595 -2.33514332  2.04081228  0.00538473]
[-0.30079947 -0.43704204  0.30446824 -2.3352761   2.04088838  0.0054331 ]
[-0.30006948 -0.43828995  0.3025189  -2.33540115  2.0409663   0.00549263]
[-0.29935847 -0.4394924   0.30060833 -2.33552133  2.04104226  0.00556299]
[-0.29866647 -0.44064969  0.29873669 -2.3356394   2.04111267  0.00564379]
[-0.29799342 -0.44176231  0.29690392 -2.33575794  2.04117417  0.00573465]
[-0.29733915 -0.44283096  0.29510977 -2.33587936  2.04122368  0.00583516]
[-0.29670342 -0.44385651  0.29335376 -2.33600587  2.04125837  0.0059449 ]
[-0.29608591 -0.44484001  0.29163526 -2.33613946  2.04127573  0.00606345]
[-0.29548621 -0.44578264  0.28995346 -2.33628191  2.04127354  0.0061904 ]
[-0.29490386 -0.44668569  0.28830741 -2.33643477  2.04124988  0.00632535]
[-0.29433834 -0.44755059  0.28669601 -2.33659936  2.04120315  0.00646788]
[-0.29378908 -0.44837882  0.28511805 -2.33677677  2.04113204  0.00661763]
[-0.29325547 -0.44917194  0.28357223 -2.33696785  2.04103556  0.00677423]
[-0.29273687 -0.44993156  0.28205717 -2.33717324  2.04091301  0.00693736]
[-0.29223261 -0.45065931  0.28057142 -2.33739334  2.04076395  0.0071067 ]
[-0.29174201 -0.45135684  0.27911347 -2.33762836  2.04058824  0.00728197]
[-0.29126438 -0.4520258   0.27768179 -2.33787827  2.04038599  0.00746293]
[-0.29079903 -0.45266782  0.27627484 -2.33814287  2.04015753  0.00764936]
[-0.29034526 -0.45328452  0.27489106 -2.33842176  2.03990346  0.00784107]
[-0.28990238 -0.45387747  0.27352888 -2.33871437  2.03962456  0.00803793]
[-0.28946973 -0.4544482   0.27218677 -2.33901995  2.03932183  0.00823981]
[-0.28904665 -0.45499819  0.27086322 -2.33933759  2.03899647  0.00844665]
[-0.28863251 -0.45552887  0.26955674 -2.33966624  2.03864981  0.0086584 ]
[-0.28822668 -0.45604158  0.26826588 -2.3400047   2.03828339  0.00887504]
[-0.2878286  -0.45653762  0.26698927 -2.34035164  2.03789888  0.00909661]
[-0.28743769 -0.4570182   0.26572555 -2.34070561  2.03749807  0.00932317]
[-0.28705343 -0.45748448  0.26447343 -2.34106502  2.03708291  0.0095548 ]
[-0.28667533 -0.45793751  0.2632317  -2.3414282   2.03665545  0.00979163]
[-0.28630293 -0.45837829  0.26199921 -2.34179337  2.03621786  0.01003381]
[-0.2859358  -0.45880774  0.26077486 -2.34215863  2.03577239  0.01028151]
[-0.28557355 -0.4592267   0.25955766 -2.34252203  2.03532141  0.01053495]
[-0.28521583 -0.45963592  0.25834666 -2.34288149  2.03486737  0.01079434]
[-0.28486233 -0.46003609  0.25714102 -2.3432349   2.03441279  0.01105993]
[-0.28451277 -0.46042782  0.25593996 -2.34358003  2.03396028  0.011332  ]
[-0.2841669  -0.46081164  0.25474283 -2.34391464  2.0335125   0.01161083]
[-0.28382454 -0.46118801  0.25354901 -2.34423639  2.03307216  0.0118967 ]
[-0.28348553 -0.46155731  0.25235804 -2.34454292  2.03264205  0.01218993]
[-0.28314975 -0.46191986  0.2511695  -2.34483183  2.03222496  0.01249083]
[-0.28281712 -0.4622759   0.24998312 -2.34510069  2.03182374  0.01279969]
[-0.28248761 -0.4626256   0.24879871 -2.34534707  2.03144123  0.01311683]
[-0.28216123 -0.46296908  0.2476162  -2.34556854  2.03108028  0.01344254]
[-0.28183803 -0.46330637  0.24643563 -2.34576267  2.03074372  0.01377711]
[-0.2815181  -0.46363746  0.24525716 -2.34592711  2.03043436  0.01412077]
[-0.28120156 -0.46396226  0.24408106 -2.34605955  2.03015492  0.01447378]
[-0.28088859 -0.46428064  0.24290775 -2.34615776  2.02990807  0.01483632]
[-0.28057941 -0.4645924   0.24173774 -2.34621963  2.02969637  0.01520854]
[-0.28027426 -0.46489731  0.2405717  -2.34624319  2.02952224  0.01559054]
[-0.27997342 -0.46519508  0.23941039 -2.34622664  2.02938792  0.01598238]
[-0.27967721 -0.46548537  0.23825472 -2.34616837  2.02929549  0.01638404]
[-0.27938598 -0.46576783  0.2371057  -2.34606701  2.02924677  0.01679542]
[-0.2791001  -0.46604207  0.23596447 -2.34592144  2.02924332  0.01721635]
[-0.27881997 -0.46630767  0.23483227 -2.34573084  2.02928643  0.0176466 ]
[-0.278546   -0.46656421  0.23371042 -2.34549473  2.02937703  0.01808581]
[-0.27827861 -0.46681126  0.23260036 -2.34521295  2.02951571  0.01853356]
[-0.27801824 -0.46704838  0.23150355 -2.34488574  2.02970265  0.01898932]
[-0.27776531 -0.46727516  0.23042154 -2.34451373  2.02993764  0.01945248]
[-0.27752024 -0.4674912   0.22935589 -2.34409797  2.03022002  0.0199223 ]
[-0.27728343 -0.46769614  0.22830819 -2.3436399   2.03054871  0.02039798]
[-0.27705527 -0.46788965  0.22728001 -2.34314141  2.03092216  0.02087864]
[-0.2768361  -0.46807146  0.22627287 -2.3426048   2.03133838  0.02136329]
[-0.27662623 -0.46824133  0.22528826 -2.34203275  2.03179495  0.02185088]
[-0.27642593 -0.46839911  0.22432757 -2.34142834  2.03228904  0.02234033]
[-0.27623543 -0.46854471  0.22339207 -2.34079496  2.03281741  0.02283046]
[-0.27605486 -0.4686781   0.22248294 -2.34013633  2.03337651  0.0233201 ]
[-0.27588435 -0.46879935  0.22160117 -2.33945642  2.03396247  0.02380805]
[-0.27572393 -0.46890857  0.22074761 -2.33875939  2.03457116  0.02429312]
[-0.27557357 -0.46900599  0.21992293 -2.33804956  2.03519828  0.0247741 ]
[-0.27543318 -0.46909188  0.2191276  -2.33733131  2.0358394   0.02524986]
[-0.27530263 -0.4691666   0.21836191 -2.33660907  2.03649     0.02571929]
[-0.27518168 -0.46923057  0.21762592 -2.33588721  2.03714559  0.02618135]
[-0.27507008 -0.46928426  0.21691954 -2.33516999  2.03780173  0.02663506]
[-0.27496751 -0.46932821  0.21624246 -2.33446154  2.0384541   0.02707955]
[-0.27487359 -0.46936298  0.2155942  -2.33376576  2.03909857  0.02751403]
[-0.27478793 -0.46938919  0.2149741  -2.3330863   2.03973121  0.02793781]
[-0.27471008 -0.46940747  0.21438136 -2.33242654  2.04034839  0.02835032]
[-0.27463958 -0.46941846  0.21381505 -2.33178951  2.04094677  0.02875109]
[-0.27457595 -0.46942282  0.21327411 -2.33117792  2.04152334  0.02913975]
[-0.27451868 -0.46942121  0.21275739 -2.33059412  2.04207545  0.02951605]
[-0.27446729 -0.46941428  0.21226367 -2.3300401   2.04260079  0.02987983]
[-0.27442126 -0.46940264  0.21179166 -2.32951748  2.04309743  0.03023105]
[-0.2743801  -0.46938692  0.21134004 -2.32902756  2.04356379  0.03056973]
[-0.27434334 -0.46936769  0.21090748 -2.32857126  2.04399862  0.030896  ]
[-0.2743105  -0.4693455   0.21049264 -2.32814922  2.04440104  0.03121004]
[-0.27428114 -0.46932087  0.21009417 -2.32776175  2.04477045  0.03151211]
[-0.27425484 -0.46929426  0.20971079 -2.3274089   2.04510656  0.03180252]
[-0.2742312  -0.46926614  0.20934122 -2.32709047  2.04540933  0.03208164]
[-0.27420985 -0.46923689  0.20898425 -2.32680604  2.04567897  0.03234986]
[-0.27419044 -0.46920687  0.20863869 -2.326555    2.04591589  0.03260763]
[-0.27417265 -0.46917642  0.20830345 -2.32633658  2.04612071  0.03285539]
[-0.2741562  -0.46914581  0.20797747 -2.32614984  2.04629417  0.03309361]
[-0.27414082 -0.4691153   0.20765978 -2.32599375  2.04643717  0.03332278]
[-0.27412628 -0.46908511  0.20734946 -2.3258672   2.04655072  0.03354337]
[-0.27411237 -0.46905543  0.20704567 -2.32576898  2.04663589  0.03375588]
[-0.2740989  -0.4690264   0.20674763 -2.32569784  2.04669385  0.03396079]
[-0.27408571 -0.46899817  0.20645462 -2.32565252  2.04672578  0.03415856]
[-0.27407266 -0.46897083  0.20616599 -2.3256317   2.04673292  0.03434965]
[-0.27405962 -0.46894448  0.20588115 -2.3256341   2.04671651  0.0345345 ]
[-0.27404649 -0.46891916  0.20559957 -2.32565843  2.0466778   0.03471355]
[-0.27403318 -0.46889494  0.20532077 -2.3257034   2.04661802  0.0348872 ]
[-0.27401962 -0.46887183  0.20504432 -2.32576779  2.04653839  0.03505585]
[-0.27400574 -0.46884986  0.20476983 -2.32585037  2.04644011  0.03521986]
[-0.27399151 -0.46882903  0.20449698 -2.32594997  2.04632433  0.03537959]
[-0.27397687 -0.46880933  0.20422545 -2.32606547  2.04619218  0.03553537]
[-0.27396182 -0.46879074  0.203955   -2.32619579  2.04604473  0.0356875 ]
[-0.27394631 -0.46877326  0.20368538 -2.32633988  2.04588302  0.03583629]
[-0.27393035 -0.46875684  0.20341641 -2.32649678  2.04570804  0.03598201]
[-0.27391393 -0.46874146  0.20314791 -2.32666555  2.04552074  0.03612491]
[-0.27389704 -0.46872709  0.20287974 -2.3268453   2.04532199  0.03626522]
[-0.27387968 -0.46871367  0.20261176 -2.32703521  2.04511266  0.03640318]
[-0.27386187 -0.46870118  0.20234389 -2.3272345   2.04489353  0.03653897]
[-0.27384361 -0.46868956  0.20207602 -2.32744243  2.04466535  0.0366728 ]
[-0.27382492 -0.46867878  0.20180808 -2.32765833  2.04442882  0.03680483]
[-0.27380581 -0.46866879  0.20154002 -2.32788154  2.04418461  0.03693523]
[-0.2737863  -0.46865955  0.20127178 -2.32811148  2.04393332  0.03706415]
[-0.27376639 -0.46865102  0.20100334 -2.32834759  2.04367554  0.03719171]
[-0.27374612 -0.46864315  0.20073465 -2.32858935  2.04341179  0.03731804]
[-0.27372549 -0.46863591  0.20046571 -2.32883629  2.04314257  0.03744326]
[-0.27370453 -0.46862925  0.20019649 -2.32908796  2.04286834  0.03756748]
[-0.27368325 -0.46862313  0.19992698 -2.32934396  2.04258952  0.03769078]
[-0.27366168 -0.46861753  0.19965719 -2.32960391  2.04230651  0.03781326]
[-0.27363982 -0.4686124   0.1993871  -2.32986745  2.04201968  0.03793499]
[-0.2736177  -0.46860771  0.19911673 -2.33013428  2.04172935  0.03805605]
[-0.27359533 -0.46860342  0.19884607 -2.33040409  2.04143585  0.0381765 ]
[-0.27357274 -0.46859952  0.19857514 -2.33067662  2.04113944  0.0382964 ]
[-0.27354993 -0.46859597  0.19830393 -2.33095161  2.04084041  0.03841581]
[-0.27352692 -0.46859274  0.19803247 -2.33122885  2.04053897  0.03853477]
[-0.27350373 -0.4685898   0.19776076 -2.33150811  2.04023536  0.03865333]
[-0.27348036 -0.46858715  0.19748882 -2.33178922  2.03992978  0.03877153]
[-0.27345684 -0.46858474  0.19721665 -2.33207199  2.0396224   0.03888941]
[-0.27343317 -0.46858257  0.19694427 -2.33235627  2.0393134   0.039007  ]
[-0.27340936 -0.46858061  0.19667169 -2.33264192  2.03900294  0.03912433]
[-0.27338543 -0.46857884  0.19639892 -2.3329288   2.03869115  0.03924143]
[-0.27336139 -0.46857726  0.19612598 -2.33321679  2.03837816  0.03935832]
[-0.27333724 -0.46857583  0.19585287 -2.33350578  2.03806408  0.03947502]
[-0.273313   -0.46857456  0.1955796  -2.33379568  2.03774903  0.03959155]
[-0.27328866 -0.46857342  0.1953062  -2.33408639  2.0374331   0.03970794]
[-0.27326425 -0.4685724   0.19503266 -2.33437784  2.03711637  0.03982419]
[-0.27323976 -0.4685715   0.194759   -2.33466994  2.03679893  0.03994032]
[-0.27321521 -0.4685707   0.19448522 -2.33496264  2.03648085  0.04005635]
[-0.27319059 -0.46856999  0.19421134 -2.33525587  2.03616219  0.04017228]
[-0.27316592 -0.46856936  0.19393737 -2.33554957  2.03584301  0.04028813]
[-0.27314119 -0.46856881  0.1936633  -2.3358437   2.03552336  0.0404039 ]
[-0.27311643 -0.46856833  0.19338916 -2.33613822  2.0352033   0.0405196 ]
[-0.27309162 -0.46856792  0.19311494 -2.33643308  2.03488286  0.04063525]
[-0.27306677 -0.46856756  0.19284065 -2.33672825  2.03456209  0.04075084]
[-0.27304188 -0.46856725  0.1925663  -2.33702369  2.03424101  0.04086639]
[-0.27301697 -0.46856698  0.1922919  -2.33731937  2.03391967  0.04098189]
[-0.27299203 -0.46856676  0.19201744 -2.33761528  2.03359809  0.04109736]
[-0.27296706 -0.46856658  0.19174293 -2.33791138  2.0332763   0.04121279]
[-0.27294207 -0.46856642  0.19146839 -2.33820766  2.03295432  0.0413282 ]
[-0.27291707 -0.4685663   0.1911938  -2.33850409  2.03263216  0.04144358]
[-0.27289204 -0.46856621  0.19091918 -2.33880066  2.03230986  0.04155894]
[-0.27286699 -0.46856614  0.19064453 -2.33909735  2.03198741  0.04167428]
[-0.27284193 -0.46856609  0.19036985 -2.33939415  2.03166485  0.0417896 ]
[-0.27281686 -0.46856606  0.19009514 -2.33969105  2.03134218  0.0419049 ]
[-0.27279178 -0.46856605  0.18982041 -2.33998803  2.03101942  0.04202019]
[-0.27276668 -0.46856605  0.18954566 -2.34028509  2.03069657  0.04213547]
[-0.27274158 -0.46856607  0.18927089 -2.34058222  2.03037365  0.04225074]
[-0.27271646 -0.4685661   0.1889961  -2.34087941  2.03005066  0.04236599]
[-0.27269134 -0.46856614  0.1887213  -2.34117665  2.02972762  0.04248124]
[-0.27266621 -0.46856619  0.18844649 -2.34147393  2.02940452  0.04259649]
[-0.27264108 -0.46856625  0.18817166 -2.34177126  2.02908137  0.04271172]
[-0.27261594 -0.46856631  0.18789682 -2.34206863  2.02875819  0.04282695]
[-0.2725908  -0.46856639  0.18762197 -2.34236603  2.02843497  0.04294218]
[-0.27256565 -0.46856647  0.18734712 -2.34266346  2.02811171  0.0430574 ]
[-0.2725405  -0.46856655  0.18707225 -2.34296091  2.02778843  0.04317262]
[-0.27251534 -0.46856664  0.18679738 -2.34325839  2.02746513  0.04328783]
[-0.27249018 -0.46856674  0.1865225  -2.34355588  2.0271418   0.04340304]
[-0.27246502 -0.46856683  0.18624762 -2.34385339  2.02681845  0.04351825]
[-0.27243986 -0.46856694  0.18597273 -2.34415092  2.02649509  0.04363346]
[-0.27241469 -0.46856704  0.18569784 -2.34444846  2.02617171  0.04374866]
[-0.27238952 -0.46856715  0.18542295 -2.34474601  2.02584832  0.04386387]
[-0.27236435 -0.46856726  0.18514805 -2.34504357  2.02552492  0.04397907]
[-0.27233918 -0.46856737  0.18487314 -2.34534114  2.02520151  0.04409427]
[-0.27231401 -0.46856748  0.18459824 -2.34563872  2.02487809  0.04420947]
[-0.27228884 -0.4685676   0.18432333 -2.34593631  2.02455466  0.04432467]
[-0.27226367 -0.46856771  0.18404842 -2.3462339   2.02423122  0.04443986]
[-0.27223849 -0.46856783  0.18377351 -2.3465315   2.02390778  0.04455506]
[-0.27221331 -0.46856795  0.1834986  -2.3468291   2.02358433  0.04467026]
[-0.27218814 -0.46856807  0.18322368 -2.34712671  2.02326088  0.04478545]
[-0.27216296 -0.46856819  0.18294877 -2.34742432  2.02293743  0.04490065]
[-0.27213778 -0.46856831  0.18267385 -2.34772193  2.02261397  0.04501584]
[-0.27211261 -0.46856843  0.18239893 -2.34801954  2.02229051  0.04513103]
[-0.27208743 -0.46856855  0.18212402 -2.34831716  2.02196704  0.04524623]
[-0.27206225 -0.46856867  0.1818491  -2.34861478  2.02164358  0.04536142]
[-0.27203707 -0.4685688   0.18157418 -2.3489124   2.02132011  0.04547661]
[-0.27201189 -0.46856892  0.18129926 -2.34921003  2.02099664  0.04559181]
[-0.27198671 -0.46856904  0.18102434 -2.34950765  2.02067317  0.045707  ]
[-0.27196153 -0.46856917  0.18074941 -2.34980528  2.02034969  0.04582219]
[-0.27193635 -0.46856929  0.18047449 -2.3501029   2.02002622  0.04593739]
[-0.27191117 -0.46856942  0.18019957 -2.35040053  2.01970274  0.04605258]
[-0.27188599 -0.46856954  0.17992465 -2.35069816  2.01937927  0.04616777]
[-0.27186081 -0.46856966  0.17964973 -2.35099579  2.01905579  0.04628296]
