[ 0.29746354 -1.67831741  1.5590297  -1.41919066 -1.59543424 -2.83983254]
[ 0.29824094 -1.67792242  1.55973518 -1.42026902 -1.59536081 -2.8393938 ]
[ 0.29904849 -1.67751999  1.56046707 -1.42137916 -1.59528592 -2.83894143]
[ 0.29988968 -1.67710889  1.56122849 -1.4225253  -1.59520936 -2.83847344]
[ 0.30076831 -1.67668778  1.56202288 -1.42371208 -1.59513089 -2.83798767]
[ 0.30168853 -1.67625516  1.56285396 -1.42494458 -1.59505025 -2.8374817 ]
[ 0.30265487 -1.67580941  1.56372581 -1.42622836 -1.59496715 -2.83695292]
[ 0.30367226 -1.67534872  1.56464289 -1.42756951 -1.59488128 -2.83639842]
[ 0.30474608 -1.67487111  1.56561004 -1.4289747  -1.5947923  -2.83581504]
[ 0.30588214 -1.67437441  1.56663249 -1.43045117 -1.59469983 -2.83519932]
[ 0.30708675 -1.67385622  1.56771593 -1.43200682 -1.59460346 -2.8345475 ]
[ 0.30836668 -1.67331393  1.56886649 -1.43365019 -1.59450275 -2.83385544]
[ 0.30972924 -1.67274471  1.57009074 -1.43539054 -1.5943972  -2.83311872]
[ 0.31118221 -1.67214546  1.57139573 -1.4372378  -1.59428629 -2.83233251]
[ 0.31273386 -1.67151286  1.57278892 -1.43920261 -1.59416947 -2.83149165]
[ 0.31439293 -1.67084332  1.57427821 -1.44129627 -1.59404612 -2.83059064]
[ 0.31616859 -1.67013302  1.57587189 -1.44353074 -1.59391562 -2.82962361]
[ 0.31807033 -1.66937789  1.57757856 -1.44591853 -1.59377728 -2.82858441]
[ 0.32010794 -1.66857367  1.57940706 -1.44847265 -1.59363041 -2.8274666 ]
[ 0.32229135 -1.66771591  1.58136638 -1.45120644 -1.59347427 -2.82626355]
[ 0.3246305  -1.66680002  1.58346551 -1.45413342 -1.59330813 -2.82496846]
[ 0.32713514 -1.66582134  1.58571329 -1.4572671  -1.59313123 -2.82357453]
[ 0.32981466 -1.66477518  1.58811821 -1.46062068 -1.59294284 -2.82207502]
[ 0.33267783 -1.66365695  1.5906882  -1.46420681 -1.59274224 -2.82046341]
[ 0.33573253 -1.66246221  1.59343037 -1.46803718 -1.59252876 -2.81873357]
[ 0.33898546 -1.66118683  1.59635077 -1.47212222 -1.59230177 -2.81687993]
[ 0.34244185 -1.65982707  1.59945408 -1.47647067 -1.59206075 -2.81489768]
[ 0.34610512 -1.65837975  1.60274335 -1.48108918 -1.59180527 -2.81278295]
[ 0.34997664 -1.65684232  1.60621973 -1.48598188 -1.59153503 -2.81053304]
[ 0.35405543 -1.65521308  1.60988221 -1.49115007 -1.59124986 -2.8081466 ]
[ 0.35833796 -1.6534912   1.61372744 -1.49659185 -1.59094978 -2.80562379]
[ 0.36281802 -1.65167689  1.6177496  -1.5023019  -1.59063497 -2.80296641]
[ 0.36748664 -1.6497714   1.6219403  -1.50827134 -1.59030582 -2.800178  ]
[ 0.37233215 -1.64777711  1.62628867 -1.51448771 -1.58996289 -2.79726383]
[ 0.37734032 -1.64569748  1.63078144 -1.52093513 -1.58960695 -2.7942309 ]
[ 0.38249462 -1.64353704  1.63540321 -1.52759447 -1.58923893 -2.79108783]
[ 0.38777659 -1.64130124  1.64013674 -1.53444385 -1.58885993 -2.78784466]
[ 0.39316629 -1.63899635  1.64496337 -1.54145913 -1.58847119 -2.7845126 ]
[ 0.39864282 -1.63662926  1.64986352 -1.5486145  -1.58807404 -2.78110381]
[ 0.4041849  -1.6342073   1.65481716 -1.55588323 -1.58766988 -2.77763097]
[ 0.40977142 -1.63173801  1.65980435 -1.56323837 -1.58726014 -2.77410703]
[ 0.41538203 -1.62922891  1.66480574 -1.57065348 -1.58684625 -2.77054478]
[ 0.42099762 -1.62668728  1.66980307 -1.57810328 -1.58642957 -2.76695657]
[ 0.42660076 -1.62411997  1.67477949 -1.58556428 -1.58601142 -2.76335399]
[ 0.43217608 -1.62153323  1.67971998 -1.59301526 -1.58559298 -2.75974763]
[ 0.4377105  -1.61893255  1.68461148 -1.60043764 -1.58517534 -2.75614686]
[ 0.44319336 -1.61632258  1.68944311 -1.60781576 -1.58475941 -2.75255971]
[ 0.44861649 -1.61370703  1.69420616 -1.61513693 -1.58434599 -2.74899282]
[ 0.45397418 -1.61108867  1.69889405 -1.62239154 -1.58393569 -2.74545137]
[ 0.45926304 -1.60846932  1.70350228 -1.62957289 -1.58352901 -2.74193911]
[ 0.46448183 -1.60584986  1.70802822 -1.63667707 -1.58312629 -2.7384585 ]
[ 0.46963126 -1.60323031  1.71247094 -1.64370268 -1.58272775 -2.7350107 ]
[ 0.47471375 -1.60060985  1.71683097 -1.65065061 -1.58233349 -2.73159581]
[ 0.47973313 -1.59798697  1.72111007 -1.65752369 -1.58194351 -2.72821292]
[ 0.48469444 -1.59535947  1.72531102 -1.66432642 -1.58155774 -2.72486029]
[ 0.48960363 -1.5927246   1.72943733 -1.67106466 -1.58117603 -2.72153548]
[ 0.49446736 -1.59007912  1.73349312 -1.6777453  -1.58079819 -2.71823552]
[ 0.49929275 -1.5874194   1.73748283 -1.68437606 -1.580424   -2.71495699]
[ 0.50408722 -1.58474147  1.74141111 -1.69096519 -1.58005321 -2.71169618]
[ 0.50885829 -1.58204111  1.74528263 -1.69752127 -1.57968556 -2.70844919]
[ 0.51361342 -1.57931393  1.74910198 -1.70405303 -1.5793208  -2.70521201]
[ 0.51835989 -1.57655538  1.75287353 -1.71056913 -1.5789587  -2.70198061]
[ 0.52310469 -1.57376088  1.75660137 -1.7170781  -1.57859903 -2.69875102]
[ 0.52785439 -1.57092581  1.76028919 -1.7235881  -1.57824162 -2.69551942]
[ 0.53261507 -1.56804561  1.76394028 -1.73010691 -1.57788631 -2.69228214]
[ 0.53739222 -1.56511583  1.76755743 -1.73664176 -1.577533   -2.68903576]
[ 0.54219067 -1.56213215  1.77114291 -1.74319926 -1.57718163 -2.68577716]
[ 0.54701453 -1.5590905   1.77469845 -1.74978535 -1.57683219 -2.68250351]
[ 0.55186709 -1.55598706  1.77822523 -1.75640514 -1.57648472 -2.67921239]
[ 0.55675079 -1.55281836  1.78172385 -1.76306292 -1.57613935 -2.67590176]
[ 0.56166714 -1.54958138  1.78519432 -1.76976204 -1.57579622 -2.67257003]
[ 0.56661664 -1.54627354  1.78863612 -1.77650485 -1.57545556 -2.6692161 ]
[ 0.57159877 -1.54289286  1.79204814 -1.78329263 -1.57511767 -2.66583938]
[ 0.5766119  -1.53943801  1.79542874 -1.79012556 -1.57478288 -2.66243984]
[ 0.58165326 -1.53590839  1.79877578 -1.79700259 -1.57445162 -2.65901801]
[ 0.58671892 -1.53230418  1.80208661 -1.80392148 -1.57412432 -2.65557506]
[ 0.59180376 -1.5286265   1.80535821 -1.81087871 -1.57380152 -2.65211273]
[ 0.5969015  -1.52487737  1.80858713 -1.81786949 -1.57348377 -2.64863342]
[ 0.60200468 -1.52105984  1.81176967 -1.82488776 -1.57317166 -2.64514016]
[ 0.60710478 -1.51717801  1.81490185 -1.8319262  -1.57286582 -2.64163658]
[ 0.61219222 -1.51323702  1.81797959 -1.83897631 -1.57256689 -2.63812691]
[ 0.61725655 -1.50924308  1.82099874 -1.8460285  -1.57227553 -2.63461592]
[ 0.62228651 -1.50520341  1.8239552  -1.8530722  -1.57199237 -2.63110886]
[ 0.62727029 -1.50112621  1.82684504 -1.86009598 -1.57171806 -2.6276114 ]
[ 0.63219564 -1.49702053  1.82966459 -1.86708781 -1.57145317 -2.62412952]
[ 0.63705017 -1.49289617  1.83241054 -1.8740352  -1.57119825 -2.62066944]
[ 0.64182154 -1.48876352  1.83508006 -1.88092546 -1.57095379 -2.61723746]
[ 0.64649772 -1.48463338  1.83767083 -1.88774595 -1.5707202  -2.61383986]
[ 0.65106723 -1.48051678  1.8401812  -1.89448434 -1.57049781 -2.61048277]
[ 0.65551941 -1.47642477  1.84261017 -1.90112884 -1.57028686 -2.60717206]
[ 0.65984459 -1.47236819  1.84495745 -1.90766849 -1.57008749 -2.60391321]
[ 0.66403433 -1.46835749  1.84722349 -1.9140933  -1.56989974 -2.60071116]
[ 0.66808155 -1.4644025   1.84940947 -1.92039453 -1.56972356 -2.5975703 ]
[ 0.67198066 -1.46051226  1.85151726 -1.92656478 -1.56955878 -2.59449431]
[ 0.67572761 -1.45669492  1.85354936 -1.93259812 -1.56940515 -2.59148617]
[ 0.67931997 -1.45295753  1.85550888 -1.93849019 -1.56926236 -2.58854807]
[ 0.68275684 -1.44930602  1.85739943 -1.94423815 -1.56913    -2.58568145]
[ 0.68603884 -1.44574512  1.85922503 -1.94984072 -1.56900759 -2.58288697]
[ 0.68916802 -1.44227835  1.86099005 -1.95529809 -1.56889463 -2.58016458]
[ 0.69214769 -1.43890803  1.86269907 -1.96061184 -1.56879057 -2.57751352]
[ 0.69498231 -1.43563533  1.86435682 -1.96578479 -1.56869484 -2.57493244]
[ 0.69767734 -1.43246034  1.86596809 -1.97082089 -1.56860684 -2.5724194 ]
[ 0.70023899 -1.42938216  1.86753763 -1.97572502 -1.56852601 -2.56997203]
[ 0.70267416 -1.426399    1.86907008 -1.98050287 -1.56845176 -2.56758754]
[ 0.70499017 -1.42350829  1.87056994 -1.98516075 -1.56838355 -2.56526283]
[ 0.70719467 -1.42070681  1.87204149 -1.98970544 -1.56832087 -2.56299459]
[ 0.70929546 -1.4179908   1.87348875 -1.99414403 -1.56826321 -2.56077935]
[ 0.71130036 -1.41535605  1.87491546 -1.99848379 -1.56821015 -2.55861355]
[ 0.71321714 -1.41279807  1.87632508 -2.00273205 -1.56816126 -2.5564936 ]
[ 0.71505336 -1.41031211  1.87772076 -2.00689609 -1.56811621 -2.55441593]
[ 0.71681634 -1.40789332  1.87910531 -2.01098307 -1.56807466 -2.55237707]
[ 0.71851308 -1.40553677  1.88048128 -2.01499991 -1.56803636 -2.55037364]
[ 0.72015023 -1.40323755  1.88185089 -2.01895327 -1.5680011  -2.54840241]
[ 0.72173403 -1.40099082  1.8832161  -2.0228495  -1.56796868 -2.54646029]
[ 0.72327034 -1.39879186  1.88457859 -2.0266946  -1.56793899 -2.5445444 ]
[ 0.72476458 -1.39663608  1.88593981 -2.0304942  -1.56791193 -2.54265203]
[ 0.72622174 -1.39451908  1.88730095 -2.03425356 -1.56788745 -2.54078068]
[ 0.72764641 -1.39243665  1.88866304 -2.03797753 -1.56786554 -2.53892804]
[ 0.72904279 -1.3903848   1.89002687 -2.04167061 -1.56784622 -2.537092  ]
[ 0.73041469 -1.38835976  1.89139309 -2.04533691 -1.56782954 -2.53527065]
[ 0.73176553 -1.38635795  1.89276219 -2.04898017 -1.5678156  -2.53346228]
[ 0.73309841 -1.38437606  1.89413452 -2.05260379 -1.5678045  -2.53166534]
[ 0.7344161  -1.38241095  1.89551031 -2.05621083 -1.5677964  -2.5298785 ]
[ 0.73572106 -1.38045972  1.89688968 -2.05980404 -1.56779145 -2.52810057]
[ 0.7370155  -1.37851966  1.89827265 -2.06338586 -1.56778985 -2.52633054]
[ 0.73830133 -1.37658827  1.89965917 -2.06695845 -1.56779182 -2.52456756]
[ 0.73958026 -1.37466322  1.90104909 -2.07052368 -1.5677976  -2.52281093]
[ 0.74085375 -1.37274237  1.9024422  -2.07408318 -1.56780746 -2.5210601 ]
[ 0.74212307 -1.37082374  1.90383823 -2.07763834 -1.56782166 -2.51931467]
[ 0.74338932 -1.36890551  1.90523684 -2.08119031 -1.56784052 -2.51757435]
[ 0.74465341 -1.36698601  1.90663764 -2.08474001 -1.56786435 -2.51583901]
[ 0.74591608 -1.36506373  1.9080402  -2.08828815 -1.56789349 -2.51410865]
[ 0.74717796 -1.36313728  1.90944401 -2.09183525 -1.56792831 -2.51238339]
[ 0.7484395  -1.36120541  1.91084854 -2.09538161 -1.56796917 -2.51066348]
[ 0.74970105 -1.359267    1.91225318 -2.09892733 -1.56801646 -2.5089493 ]
[ 0.75096282 -1.35732105  1.91365729 -2.10247232 -1.5680706  -2.50724135]
[ 0.7522249  -1.3553667   1.91506016 -2.1060163  -1.56813199 -2.50554027]
[ 0.75348727 -1.35340318  1.91646105 -2.10955876 -1.56820108 -2.50384681]
[ 0.75474981 -1.35142989  1.91785914 -2.11309905 -1.5682783  -2.50216186]
[ 0.75601226 -1.34944631  1.91925356 -2.11663625 -1.56836411 -2.50048645]
[ 0.75727427 -1.34745209  1.92064338 -2.12016929 -1.56845897 -2.49882173]
[ 0.75853539 -1.34544698  1.9220276  -2.12369686 -1.56856334 -2.49716899]
[ 0.75979504 -1.34343089  1.92340518 -2.12721745 -1.56867769 -2.49552964]
[ 0.76105255 -1.34140387  1.92477499 -2.13072933 -1.56880248 -2.49390524]
[ 0.76230713 -1.3393661   1.92613584 -2.13423055 -1.56893817 -2.49229748]
[ 0.76355787 -1.33731795  1.92748647 -2.13771893 -1.56908521 -2.49070819]
[ 0.76480378 -1.33525993  1.92882557 -2.14119208 -1.56924403 -2.48913931]
[ 0.76604373 -1.33319272  1.93015174 -2.14464737 -1.56941503 -2.48759292]
[ 0.7672765  -1.3311172   1.93146355 -2.14808196 -1.56959861 -2.4860712 ]
[ 0.76850076 -1.3290344   1.9327595  -2.1514928  -1.56979511 -2.48457646]
[ 0.76971507 -1.32694558  1.93403803 -2.15487663 -1.57000485 -2.4831111 ]
[ 0.77091789 -1.32485216  1.93529755 -2.15822997 -1.57022809 -2.48167758]
[ 0.7721076  -1.32275576  1.93653643 -2.16154921 -1.57046503 -2.48027847]
[ 0.7732825  -1.32065822  1.93775303 -2.16483053 -1.57071584 -2.47891636]
[ 0.77444079 -1.31856155  1.93894569 -2.16807    -1.57098058 -2.47759385]
[ 0.77558063 -1.31646795  1.94011276 -2.1712636  -1.57125927 -2.47631358]
[ 0.77670013 -1.3143798   1.9412526  -2.1744072  -1.57155181 -2.47507813]
[ 0.77779737 -1.31229966  1.94236363 -2.17749667 -1.57185805 -2.47389004]
[ 0.77887042 -1.31023023  1.94344432 -2.18052786 -1.57217772 -2.47275176]
[ 0.77991734 -1.30817433  1.94449322 -2.18349669 -1.57251046 -2.4716656 ]
[ 0.78093625 -1.30613493  1.94550899 -2.1863992  -1.57285581 -2.47063372]
[ 0.7819253  -1.30411503  1.94649038 -2.18923154 -1.57321321 -2.46965811]
[ 0.78288272 -1.30211773  1.94743631 -2.19199011 -1.57358199 -2.46874051]
[ 0.78380686 -1.30014612  1.94834585 -2.19467156 -1.57396139 -2.4678824 ]
[ 0.78469618 -1.29820328  1.94921826 -2.19727282 -1.57435054 -2.46708499]
[ 0.78554928 -1.29629225  1.95005298 -2.19979123 -1.5747485  -2.46634916]
[ 0.78636496 -1.29441597  1.95084966 -2.2022245  -1.57515424 -2.46567547]
[ 0.78714218 -1.29257724  1.95160818 -2.20457079 -1.57556665 -2.46506412]
[ 0.78788013 -1.29077871  1.95232862 -2.20682875 -1.57598456 -2.46451493]
[ 0.78857821 -1.28902283  1.95301132 -2.20899753 -1.57640676 -2.46402738]
[ 0.78923606 -1.28731182  1.95365681 -2.21107679 -1.57683201 -2.46360057]
[ 0.78985354 -1.28564761  1.95426588 -2.21306672 -1.57725903 -2.46323322]
[ 0.79043077 -1.28403189  1.9548395  -2.21496804 -1.57768655 -2.46292374]
[ 0.7909681  -1.28246602  1.95537886 -2.216782   -1.57811331 -2.46267019]
[ 0.7914661  -1.28095104  1.95588533 -2.21851032 -1.57853807 -2.46247034]
[ 0.79192556 -1.27948767  1.95636043 -2.22015521 -1.57895964 -2.46232168]
[ 0.7923475  -1.27807633  1.95680583 -2.22171928 -1.57937687 -2.4622215 ]
[ 0.7927331  -1.27671707  1.95722334 -2.22320557 -1.57978867 -2.46216687]
[ 0.79308373 -1.27540968  1.95761484 -2.22461742 -1.58019405 -2.46215471]
[ 0.79340088 -1.27415361  1.95798227 -2.2259585  -1.58059209 -2.46218184]
[ 0.79368618 -1.27294807  1.95832764 -2.22723267 -1.58098195 -2.46224498]
[ 0.79394136 -1.27179197  1.95865297 -2.22844401 -1.5813629  -2.46234086]
[ 0.79416822 -1.27068404  1.95896028 -2.2295967  -1.5817343  -2.46246619]
[ 0.7943686  -1.26962276  1.95925154 -2.23069501 -1.58209562 -2.46261771]
[ 0.79454439 -1.26860648  1.9595287  -2.23174322 -1.58244641 -2.46279228]
[ 0.79469747 -1.26763338  1.95979364 -2.23274559 -1.58278634 -2.46298681]
[ 0.7948297  -1.26670152  1.96004817 -2.23370632 -1.58311516 -2.46319837]
[ 0.79494292 -1.2658089   1.960294   -2.23462949 -1.58343271 -2.46342416]
[ 0.79503892 -1.26495343  1.96053273 -2.23551906 -1.5837389  -2.46366156]
[ 0.79511942 -1.26413301  1.96076588 -2.23637883 -1.58403375 -2.4639081 ]
[ 0.79518608 -1.26334552  1.96099484 -2.2372124  -1.58431732 -2.46416152]
[ 0.79524047 -1.26258885  1.96122089 -2.23802318 -1.58458974 -2.46441971]
[ 0.79528408 -1.26186091  1.96144519 -2.23881435 -1.58485121 -2.4646808 ]
[ 0.7953183  -1.26115967  1.96166879 -2.23958889 -1.58510195 -2.46494305]
[ 0.79534442 -1.26048316  1.96189263 -2.24034955 -1.58534225 -2.46520495]
[ 0.79536365 -1.25982945  1.96211753 -2.24109883 -1.58557243 -2.46546514]
[ 0.79537708 -1.25919672  1.96234422 -2.24183903 -1.58579281 -2.46572244]
[ 0.79538574 -1.25858323  1.96257333 -2.24257224 -1.58600376 -2.46597583]
[ 0.79539052 -1.25798732  1.96280538 -2.24330032 -1.58620566 -2.46622443]
[ 0.79539226 -1.25740742  1.96304083 -2.24402493 -1.58639891 -2.46646753]
[ 0.7953917  -1.25684207  1.96328004 -2.24474756 -1.5865839  -2.46670451]
[ 0.79538949 -1.25628989  1.9635233  -2.2454695  -1.58676103 -2.4669349 ]
[ 0.79538621 -1.25574961  1.96377085 -2.24619188 -1.5869307  -2.46715832]
[ 0.79538238 -1.25522004  1.96402285 -2.24691566 -1.58709331 -2.4673745 ]
[ 0.79537844 -1.25470008  1.96427942 -2.2476417  -1.58724924 -2.46758325]
[ 0.79537478 -1.25418872  1.96454062 -2.24837067 -1.58739888 -2.46778446]
[ 0.79537172 -1.25368503  1.96480648 -2.24910317 -1.58754261 -2.46797808]
[ 0.79536953 -1.25318817  1.965077   -2.24983967 -1.58768077 -2.46816412]
[ 0.79536846 -1.25269735  1.96535212 -2.25058054 -1.58781372 -2.46834267]
[ 0.79536868 -1.25221188  1.96563178 -2.25132608 -1.5879418  -2.46851382]
[ 0.79537036 -1.25173112  1.9659159  -2.2520765  -1.58806531 -2.46867772]
[ 0.7953736  -1.25125448  1.96620436 -2.25283195 -1.58818457 -2.46883455]
[ 0.7953785  -1.25078145  1.96649703 -2.25359252 -1.58829986 -2.46898451]
[ 0.79538512 -1.25031156  1.96679378 -2.25435824 -1.58841146 -2.46912783]
[ 0.79539351 -1.2498444   1.96709447 -2.25512911 -1.58851963 -2.46926474]
[ 0.79540367 -1.24937957  1.96739894 -2.25590508 -1.58862462 -2.46939549]
[ 0.79541563 -1.24891676  1.96770703 -2.25668607 -1.58872665 -2.46952033]
[ 0.79542937 -1.24845567  1.96801859 -2.25747199 -1.58882594 -2.46963953]
[ 0.79544486 -1.24799602  1.96833345 -2.25826271 -1.58892271 -2.46975336]
[ 0.79546207 -1.24753759  1.96865144 -2.25905809 -1.58901713 -2.46986207]
[ 0.79548098 -1.24708018  1.96897242 -2.25985797 -1.58910939 -2.46996592]
[ 0.79550151 -1.2466236   1.96929622 -2.26066219 -1.58919965 -2.47006518]
[ 0.79552363 -1.2461677   1.96962268 -2.26147057 -1.58928808 -2.47016009]
[ 0.79554728 -1.24571235  1.96995166 -2.26228294 -1.58937481 -2.4702509 ]
[ 0.7955724  -1.24525741  1.97028302 -2.26309911 -1.58945998 -2.47033785]
[ 0.79559892 -1.2448028   1.97061659 -2.2639189  -1.58954371 -2.47042117]
[ 0.79562679 -1.24434841  1.97095227 -2.26474213 -1.58962613 -2.47050108]
[ 0.79565593 -1.24389419  1.9712899  -2.26556862 -1.58970734 -2.4705778 ]
[ 0.79568629 -1.24344006  1.97162936 -2.26639818 -1.58978743 -2.47065152]
[ 0.79571779 -1.24298597  1.97197055 -2.26723066 -1.58986651 -2.47072245]
[ 0.79575039 -1.24253188  1.97231333 -2.26806587 -1.58994466 -2.47079077]
[ 0.79578402 -1.24207774  1.97265761 -2.26890366 -1.59002195 -2.47085665]
[ 0.79581861 -1.24162354  1.97300328 -2.26974386 -1.59009846 -2.47092027]
[ 0.79585411 -1.24116923  1.97335024 -2.27058633 -1.59017425 -2.47098178]
[ 0.79589047 -1.24071482  1.9736984  -2.27143092 -1.59024939 -2.47104133]
[ 0.79592763 -1.24026027  1.97404768 -2.27227749 -1.59032393 -2.47109906]
[ 0.79596554 -1.23980558  1.974398   -2.27312591 -1.59039793 -2.4711551 ]
[ 0.79600415 -1.23935074  1.97474927 -2.27397605 -1.59047143 -2.47120959]
[ 0.79604341 -1.23889575  1.97510143 -2.27482779 -1.59054447 -2.47126262]
[ 0.79608328 -1.2384406   1.97545441 -2.27568103 -1.59061711 -2.47131433]
[ 0.79612372 -1.2379853   1.97580814 -2.27653565 -1.59068936 -2.47136479]
[ 0.79616468 -1.23752984  1.97616258 -2.27739155 -1.59076128 -2.47141412]
[ 0.79620613 -1.23707422  1.97651765 -2.27824864 -1.59083288 -2.47146241]
[ 0.79624803 -1.23661845  1.97687332 -2.27910683 -1.5909042  -2.47150972]
[ 0.79629036 -1.23616254  1.97722954 -2.27996604 -1.59097526 -2.47155615]
[ 0.79633307 -1.23570648  1.97758626 -2.28082618 -1.59104609 -2.47160175]
[ 0.79637614 -1.23525029  1.97794344 -2.28168719 -1.59111671 -2.47164661]
[ 0.79641954 -1.23479397  1.97830104 -2.28254901 -1.59118713 -2.47169078]
[ 0.79646325 -1.23433752  1.97865903 -2.28341155 -1.59125738 -2.47173431]
[ 0.79650724 -1.23388095  1.97901737 -2.28427477 -1.59132748 -2.47177727]
[ 0.79655148 -1.23342427  1.97937604 -2.28513862 -1.59139743 -2.47181969]
[ 0.79659597 -1.23296748  1.97973501 -2.28600303 -1.59146724 -2.47186163]
[ 0.79664067 -1.2325106   1.98009425 -2.28686797 -1.59153695 -2.47190312]
[ 0.79668557 -1.23205362  1.98045374 -2.28773339 -1.59160654 -2.47194421]
[ 0.79673066 -1.23159655  1.98081346 -2.28859924 -1.59167604 -2.47198493]
[ 0.79677592 -1.23113939  1.98117339 -2.2894655  -1.59174546 -2.47202531]
[ 0.79682133 -1.23068216  1.9815335  -2.29033213 -1.59181479 -2.47206538]
[ 0.79686688 -1.23022486  1.98189379 -2.29119909 -1.59188406 -2.47210517]
[ 0.79691256 -1.22976749  1.98225423 -2.29206636 -1.59195326 -2.4721447 ]
[ 0.79695836 -1.22931006  1.98261481 -2.29293391 -1.5920224  -2.472184  ]
[ 0.79700426 -1.22885257  1.98297553 -2.29380172 -1.5920915  -2.47222309]
[ 0.79705026 -1.22839503  1.98333636 -2.29466976 -1.59216054 -2.47226199]
[ 0.79709636 -1.22793743  1.98369731 -2.295538   -1.59222955 -2.47230071]
[ 0.79714253 -1.2274798   1.98405834 -2.29640645 -1.59229851 -2.47233928]
[ 0.79718878 -1.22702211  1.98441947 -2.29727506 -1.59236744 -2.4723777 ]
[ 0.79723509 -1.2265644   1.98478067 -2.29814384 -1.59243635 -2.47241599]
[ 0.79728147 -1.22610664  1.98514195 -2.29901275 -1.59250522 -2.47245416]
[ 0.7973279  -1.22564885  1.9855033  -2.2998818  -1.59257407 -2.47249223]
[ 0.79737438 -1.22519104  1.9858647  -2.30075097 -1.5926429  -2.4725302 ]
[ 0.7974209  -1.22473319  1.98622615 -2.30162025 -1.59271171 -2.47256808]
[ 0.79746747 -1.22427532  1.98658766 -2.30248962 -1.5927805  -2.47260589]
[ 0.79751408 -1.22381743  1.98694921 -2.30335908 -1.59284927 -2.47264362]
[ 0.79756072 -1.22335951  1.98731079 -2.30422862 -1.59291803 -2.47268129]
[ 0.79760738 -1.22290158  1.98767242 -2.30509823 -1.59298678 -2.4727189 ]
[ 0.79765408 -1.22244363  1.98803407 -2.3059679  -1.59305552 -2.47275646]
[ 0.7977008  -1.22198566  1.98839576 -2.30683764 -1.59312424 -2.47279397]
[ 0.79774755 -1.22152768  1.98875746 -2.30770742 -1.59319296 -2.47283144]
[ 0.79779431 -1.22106969  1.9891192  -2.30857726 -1.59326167 -2.47286887]
[ 0.79784109 -1.22061168  1.98948095 -2.30944713 -1.59333037 -2.47290627]
[ 0.79788789 -1.22015366  1.98984272 -2.31031705 -1.59339907 -2.47294364]
[ 0.7979347  -1.21969564  1.99020451 -2.311187   -1.59346776 -2.47298098]
[ 0.79798153 -1.2192376   1.99056632 -2.31205698 -1.59353644 -2.47301829]
[ 0.79802837 -1.21877956  1.99092814 -2.31292698 -1.59360512 -2.47305558]
[ 0.79807522 -1.21832151  1.99128997 -2.31379702 -1.5936738  -2.47309286]
[ 0.79812208 -1.21786345  1.99165181 -2.31466707 -1.59374247 -2.47313011]
[ 0.79816894 -1.21740539  1.99201366 -2.31553715 -1.59381114 -2.47316735]
[ 0.79821582 -1.21694732  1.99237552 -2.31640724 -1.59387981 -2.47320458]
[ 0.7982627  -1.21648924  1.99273739 -2.31727735 -1.59394847 -2.47324179]
[ 0.79830959 -1.21603117  1.99309926 -2.31814748 -1.59401713 -2.47327899]
[ 0.79835648 -1.21557308  1.99346114 -2.31901761 -1.59408579 -2.47331618]
[ 0.79840338 -1.215115    1.99382303 -2.31988776 -1.59415445 -2.47335336]
[ 0.79845029 -1.21465691  1.99418492 -2.32075792 -1.5942231  -2.47339053]
[ 0.79849719 -1.21419882  1.99454681 -2.32162809 -1.59429176 -2.4734277 ]
[ 0.7985441  -1.21374073  1.99490871 -2.32249826 -1.59436041 -2.47346486]
[ 0.79859102 -1.21328263  1.99527062 -2.32336845 -1.59442906 -2.47350201]
[ 0.79863793 -1.21282453  1.99563252 -2.32423864 -1.59449771 -2.47353916]
[ 0.79868485 -1.21236643  1.99599443 -2.32510883 -1.59456636 -2.47357631]
[ 0.79873177 -1.21190833  1.99635634 -2.32597904 -1.59463501 -2.47361345]
[ 0.7987787  -1.21145023  1.99671826 -2.32684924 -1.59470366 -2.47365058]
[ 0.79882562 -1.21099212  1.99708017 -2.32771945 -1.59477231 -2.47368772]
