0,0,0,0,0,0
0,0,0,0,0,0
0,0,0,0,0,0
0,0,0,0,0,0
0,0,0,0,0,0
0,0,0,0,0,0
0,0,0,0,0,0
0,0,0,0,0,0
0,0,0,0,0,0
0,0,0,0,0,0
0,0,0,0,0,0
0,0,0,0,0,0
0,0,0,0,0,0
0,0,0,0,0,0
0,0,0,0,0,0
0,0,0,0,0,0
0,0,0,0,0,0
0,0,0,0,0,0
0,0,0,0,0,0
0,0,0,0,0,0
0,0,0,0,0,0
0,0,0,0,0,0
0,0,0,0,0,0
0,0,0,0,0,0
0,0,0,0,0,0
0,0,0,0,0,0
0,0,0,0,0,0
0,0,0,0,0,0
0,0,0,0,0,0
0,0,0,0,0,0
0,0,0,0,0,0
0,0,0,0,0,0
0,0,0,0,0,0
0,0,0,0,0,0
0,0,0,0,0,0
0,0,0,0,0,0
0,0,0,0,0,0
0,0,0,0,0,0
0,0,0,0,0,0
0,0,0,0,0,0
0,0,0,0,0,0
0,0,0,0,0,0
0,0,0,0,0,0
0,0,0,0,0,0
0,0,0,0,0,0
0,0,0,0,0,0
0,0,0,0,0,0
0,0,0,0,0,0
0,0,0,0,0,0
0,0,0,0,0,0
0,0,0,0,0,0
0,0,0,0,0,0
0,0,0,0,0,0
0,0,0,0,0,0
0,0,0,0,0,0
0,0,0,0,0,0
0,0,0,0,0,0
0,0,0,0,0,0
0,0,0,0,0,0
0,0,0,0,0,0
0,0,0,0,0,0
0,0,0,0,0,0
0,0,0,0,0,0
0,0,0,0,0,0
0,0,0,0,0,0
0,0,0,0,0,0
0,0,0,0,0,0
0,0,0,0,0,0
0,0,0,0,0,0
0,0,0,0,0,0
0,0,0,0,0,0
0,0,0,0,0,0
0.0,0.0,0.0,0.00027072005178440983,0.0,0.0
0,0,0,0,0,0
0,0,0,0,0,0
0,0,0,0,0,0
0,0,0,0,0,0
0,0,0,0,0,0
0,0,0,0,0,0
0.0,0.0,0.0,0.0013927082616499813,0.0,0.0
0,0,0,0,0,0
0.0,0.0,0.0,0.0015332611845664539,0.0,0.0
0.0,0.0,0.0,0.0026089754577264665,0.0,0.0
0.0,0.0,0.0,0.0050010636617225475,0.0,0.0
0.0,0.0,0.0,0.0041743859320132045,0.0,0.0
0.0,0.0,0.0,0.008548532505701518,0.0,0.0
0.0,0.0,0.0,0.012213247783392101,0.0,0.0
0.0,0.0,0.0,0.012675104451469474,0.0,0.0
0.0,0.0,0.04224279413926371,0.013772024015406259,0.0,0.0
0.0,0.0,0.10254444740122644,0.020362797218286013,0.0,0.0
0.0,0.0,0.22801062278955558,0.020860954672665404,0.0,0.0
0.0,0.0,0.2703896428867446,0.021201979289955833,0.0,0.0
0.0,0.0,0.4468281637867316,0.023641171426385273,0.0,0.0
0.0,0.0,0.5098399258174554,0.025885188246987677,0.0,0.0
0.0,0.0,0.5796582774347542,0.028074588040941994,0.0,0.0
0.0,0.0,0.7360230734115919,0.02956212957119627,0.0,0.0
0.0,0.0,0.8383907760114326,0.03206016463276502,0.0,0.0
0.0,0.0,0.8258650317198624,0.033238455911465584,0.0,0.0
0.0,0.0,1.0048905716647647,0.0389807447249652,0.0,0.0
0.0,0.0,1.0690812620634693,0.037348913937760596,0.0,0.0
0.0,0.0,1.107504770776726,0.03362090810489972,0.0,0.0
0.0,0.0,1.283218232322185,0.03467095350045759,0.0,0.0
0.0,0.0,1.4268398726539395,0.032088741414153674,0.0,0.0
0.0,0.0,1.5633711557366827,0.04417265052772768,0.0,0.0
0.0,0.016804317640000305,1.7131736452157473,0.05623908969019642,0.0,0.0
0.0,0.17923677177778113,1.8953751415985471,0.06141502097469349,0.0,0.0
0.0,0.15995389096356852,2.0652477851070445,0.06409147241748785,0.0,0.0
0.0,0.0,2.2315782004054716,0.06265019603194952,0.0,0.0
0.0,0.0,2.353657552386456,0.058941761313569416,0.0,0.0
0.0,0.0,2.4257175781411817,0.05702028615152331,0.0,0.0
0.0,0.05220206025599866,2.5571679452162757,0.05943110504355205,0.0,0.0
0.0,0.1509760619005755,2.586028677053653,0.06311222899563972,0.0,0.0
0.0,0.23392564376387112,2.6619165324675356,0.07328437721806269,0.0,0.0010025888340828633
0.0,0.11981463663772729,2.8961147768542577,0.0851647289043213,0.0,0.003487264023823987
0.0,0.011887002083094025,3.0397693690306733,0.08464260932237196,0.0,0.005444945297163412
0.0,0.0,3.207974163772094,0.07518014685158453,0.0,0.005853727392659382
0.0,0.0,3.2754784699884896,0.06595293667133276,0.0,0.0062391872947884525
0.0,0.0,3.5221980423549724,0.06356109845539851,0.0,0.006978684199043059
0.0,0.0,3.9023164608124796,0.06821664968467608,0.0,0.009610377364119644
0.0,0.0,4.033758380836291,0.06363890654206865,0.0,0.007902144888972121
0.0,0.0,3.9388163566127092,0.05315702730975151,0.0,0.012398225922805017
0.0,0.0,3.9996886828848197,0.05666667941922985,0.0,0.015090660670065087
0.0,0.0,4.519282906384075,0.0783342596530091,0.0,0.016613227204359367
0.0,0.0,4.941519456532806,0.08255091027510829,0.0,0.015100505125286642
0.0,0.0,4.8020983831436554,0.06418940409127187,0.0,0.016960912201898676
0.0,0.0,4.772212185027376,0.06020694905979218,0.0,0.01672966612764041
0.0,0.0,5.0604653376083775,0.053095814930462136,0.0,0.015545391971900534
0.0,0.0,5.281727561781705,0.06462047154167168,0.0,0.019406465120048906
0.0,0.0,5.23986710790067,0.06482108135748152,0.0,0.021673665074106462
0.0,0.0,5.28474099081095,0.059151972489925174,0.0,0.01996766894324021
0.0,0.0,5.387608506889871,0.07451149838131345,0.0,0.020494391790847808
0.0,0.0,5.468048450234278,0.07394040304548517,0.0,0.02091529828291942
0.0,0.0,5.567033701670602,0.07871767609501264,0.0,0.021764580465613175
0.0,0.0,5.412936706582779,0.07365893709656667,0.0,0.023859715520960854
0.0,0.0,5.471116968324303,0.06902511826936694,0.0,0.02107324645636341
0.0,0.0,5.619426325332666,0.06537042411702082,0.0,0.01817454550487883
0.0,0.0,5.684897155338481,0.06153699118642218,0.0,0.01761386409905638
0.0,0.0,5.702923878771299,0.0618858131656533,0.0,0.014610117311337063
0.0,0.0,5.662120558380598,0.06413912550393683,0.0,0.017774549578934897
0.0,0.0,6.132795833824457,0.07155715381252248,0.0,0.01805078332338202
0.0,0.0,6.071882990436353,0.06919623363223215,0.0,0.018816358561871614
0.0,0.0,6.103293518549275,0.06123879791853687,0.0,0.017898209032129145
0.0,0.0,6.224056818324247,0.05690772454085498,0.0,0.01683371662927325
0.0,0.0,6.448066605248073,0.05426554330828841,0.0,0.019339337286363
0.0,0.0,6.4806977972335575,0.04786591482901674,0.0,0.01653896592770306
0.0,0.0,6.538172967128936,0.05649137957699988,0.0,0.013578914677140608
0.0,0.0,6.785499517829264,0.06211033394407235,0.0,0.01761965276196567
0.0,0.0,6.762070630853802,0.07048437798886967,0.0,0.017785887692280216
0.0,0.0,6.994476442484334,0.08076190103383951,-0.0015753905821909743,0.01812794361837325
0.0,0.0,6.835063351682743,0.09476633453118963,-0.00041755438680653146,0.018747194696343138
0.0,0.0,6.866358864658162,0.09161728807180056,-0.00016055404498118073,0.018773906941094657
0.0,0.0,7.150021575838524,0.09308393656216277,0.0,0.015415241877919667
0.0,0.0,7.2332374867738185,0.09247165681565776,0.0,0.018756098403390688
0.0,0.0,7.357722394753925,0.08944432442522236,0.0,0.016951780514418847
0.0,0.0,7.182835246222686,0.0816406038243024,0.0,0.01828818363353676
0.0,0.0,7.512994366777479,0.08954209361091851,0.0,0.019554997255710017
0.0,0.0,7.733782744973053,0.09559146443051907,0.0,0.017256470198686015
0.0,0.0,7.636886585313,0.09684060808168717,0.0,0.016499568302172245
0.0,0.0,7.820702565133196,0.10233368823632465,-0.004636308998366399,0.015799643349149347
0.0,0.0,8.19290259625223,0.12488410494013535,-0.005537155826705705,0.017181864858646388
0.0,0.0,8.344573466115838,0.10933000864296542,-0.006987940236980361,0.01624271446568557
0.0,0.0,8.328180310387806,0.09671123639915032,-0.0032308296600385895,0.017952762126751922
0.0,0.0,8.283616348751526,0.08335296206094397,0.0,0.013744826415980701
0.0,0.0,8.697987565857366,0.0699129064647826,0.0,0.014803709929854131
0.0,0.0,8.571642858973963,0.05589637099590716,0.0,0.015605274314297582
0.0,0.0,8.127906158152873,0.021241019678858726,-0.0025668882827710104,0.010812249948789592
0.0,0.0,7.669777871222502,0.0,-0.030730025310617713,0.012304672225401502
0.623632608822214,0.0,8.390478774141407,0.013111784283801503,-0.06645737649450319,0.0175024797330579
1.1020015921577893,0.0,9.072023701839814,0.0029533721194950836,-0.0726332764440907,0.010127378719548483
0.4718005131336837,0.0,8.358009734273445,0.0,-0.05248191783274166,0.009260501726885171
0.03235099527350936,-0.16364080095303601,8.05562566559609,0.0,-0.030255938536495875,0.003758725498389273
0.0,0.0,8.535463771108034,-0.00533444881566081,-0.03463244609728687,0.005968088211764653
0.0,-0.24013379298320378,8.703766433653367,-0.008180379891356884,-0.040169118268396475,0.008947246438286253
0.678126492116865,-0.544226249901,8.604370794666952,-0.016673064826056672,-0.056548919583399124,0.0064659611373792825
1.6327541488352852,-0.6824362381656977,8.731206871931423,0.0,-0.08324967772918182,0.0004994146218958109
1.7471843841088066,0.0,9.382896042291325,0.0,-0.10602678202568694,0.0018486816214809128
0.08896689048460206,-0.8417179631913921,8.556693966675109,-0.06311027636761535,-0.05163831169570367,0.0
0.0,-1.7415338152545883,8.542712638356903,-0.10051231109150509,-0.02798863607661057,0.0
0.0,-2.2441504079704213,8.329416783212316,-0.1460155492054115,-0.023496924067607956,0.0
0.0,-2.2441504079704213,8.329416783212316,-0.1460155492054115,-0.023496924067607956,0.0
1.132696391548547,-1.3756236688755987,8.074877982221768,-0.12311524357103545,-0.08299521980273458,0.0
1.6905015645386086,-0.9003031420922876,8.210547348973183,-0.10663235281345015,-0.11369170984735177,0.0
1.6639436048396572,-0.49581682719457554,8.285169750291463,-0.1156366561930843,-0.11450848406065077,0.0
1.1538278948552336,-0.7578923842432389,8.21754945149085,-0.14031150333649198,-0.09821289127403612,0.0
0.6203482982914302,-1.6234288983132692,8.100448274369882,-0.15865399270165187,-0.07400037559406805,0.0
0.41429967359601144,-2.2798381026008867,7.622925781278342,-0.1869217342871582,-0.034532779673802604,0.0
0.0,-1.610230604076882,7.791370181962348,-0.23235057984806556,-0.013572890199177432,0.0
0.0,-1.3574727461989065,8.169071528292182,-0.18858959475721548,-0.010565120991918548,0.0
0.0,-1.3364989957298747,8.071951689270001,-0.1837605257433631,-0.027403494552779205,0.0
0.0,-1.280546332733191,7.367894549072107,-0.2212672717328453,-0.0178782859497097,0.0
0.44749703742345526,-0.8308528986897572,7.260176210163509,-0.1898651868694341,-0.0320048179239409,0.0
0.6915700037584925,-0.36994298809894527,8.445658789449576,-0.1146038114869133,-0.04426145569815125,0.0
0.4459532067625127,-0.1103844832099378,8.942791453077392,-0.05820723603030682,-0.036532183222107106,0.0
0.0,-0.3642233134250765,8.531271174654236,-0.03295037839086455,-0.003690608216651888,0.0
0.0,-0.013638362157223327,8.823703431096167,-0.029759303646572737,-0.0009201280139811352,0.0
0.0,-0.3137758614312723,8.864655092192454,-0.038985996042304724,0.0,0.0
0.0,-0.31114438860448657,8.800186901553278,-0.01593300831884434,0.0,-0.004584332189428884
0.4826336821410603,-0.06259545225703608,8.643068552173226,-0.013657309717034272,-0.02156962550238512,-0.010305644376892322
0.6478871306861029,-0.2538825472699343,8.327884775474361,-0.047321614409234714,-0.03450776270703545,0.0
0.48942581735777313,-0.5821685760410904,8.253069181295318,-0.023091236982773884,-0.022791646202787858,-0.0029500772620873333
0.0,-0.15724859966462978,8.092327296068477,-0.03411828004712006,-0.0059416393959307885,-0.011202809270379869
0.0,-0.4877980821184399,7.662897295377668,-0.038294407894379615,0.0,-0.006375749382885629
0.0,-0.062479872453735666,7.709030789998185,-0.05233635253717426,-0.0006944764974724837,-0.0026701075210227537
0.0,0.0,7.615590758882702,-0.02319771938294244,-0.0013614387380729291,-0.008624753171924576
0.27559069652833024,-0.00042318403171692396,7.358644689891628,-0.0014756791262723228,-0.008294181277977073,-0.009013518697224086
0.3338181071961851,0.0,8.484451982500971,0.0,-0.026337520590990714,-0.007434128536996277
0.3376658242223576,0.0,8.066485832000023,0.0,-0.0015230389224982993,-0.008425381365854839
0.0,-0.04119238076276865,6.63232677627165,0.0,0.0,-0.013412166377087286
0.0,0.0,7.837723516283438,0.0,0.0,-0.004643962390906289
0.0,0.0,7.978747361530457,0.0,0.0,-0.012664123748352357
0.0,-0.012777198773330167,7.489625727046781,-0.0009357285503606661,0.0,-0.016829955439099303
0.0,0.0,7.687790238669152,0.0,0.0,-0.012847557011605216
0.0,0.0,7.840871933049243,0.0,0.005227770904087466,-0.03125027574521115
0.0,0.0,6.875628239358747,0.0,0.0,-0.016653834115053813
0.0,0.0,7.465582683276852,0.0,0.0,-0.01060795970944813
0.0,0.0,7.4362658042160685,0.0,0.0,-0.02464159376323606
0.20261229285652008,0.0,7.757417666732851,0.0,0.0,-0.030362858995601743
0.028865278929194483,0.0,7.835023061565657,0.002118302656748044,0.0,-0.021413521844981968
0.0,0.0,6.49354515439124,0.0,0.0,-0.031119837950957664
0.09406194114028929,0.0,6.238728190944881,0.0,0.0,-0.034659740560529
0.7074438673046136,0.0,6.712026682313161,0.04159135830922735,-0.01703389277770208,-0.025465430270175955
0.7293524388657173,0.0,7.638652386154694,0.029889649405909,-0.033733256387354485,-0.02041525401235012
0.0717563488013242,0.0,6.813023202547351,0.011927374349977949,-0.005399079676605601,-0.018743095861410677
0.0,0.0,5.5442402068259,0.013665506490790524,0.0,-0.03192152433448926
0.0,0.0,6.464222456766159,0.021226404557444636,-0.006751580455447824,-0.022368067838293655
0.16106706419058398,0.0,6.994394048332131,0.08192706870420394,-0.007288643706806618,-0.014331469421641128
0.0,0.0,6.825502885569615,0.08305882254401385,-0.014557867484794776,-0.025428085069765922
0.0,0.0,6.8628150302175,0.06666531297561243,-0.016190715971415755,-0.017060455210936097
0.0,0.0,6.330168342827846,0.05913394860007202,-0.004623978701902455,-0.014355954575262847
0.09134599555808288,0.0,7.060624053986082,0.10055835678912987,-0.022629980100627285,-0.013468948009493647
0.0,0.0,6.706810693637626,0.080405027635315,-0.02133271886474672,-0.010392523572101584
0.0,0.0,6.670875215882715,0.053200495141861134,-0.011554714005504285,-0.014847417812489097
0.0,0.0,6.080539077164474,0.036761802401037144,-0.0025487027322849028,-0.012441851067854615
0.0,0.0,6.472402413641379,0.0476455183658014,-0.007984462416569357,-0.01260363929447388
0.0,0.0,6.461880707707512,0.058520700064862,-0.013362773192677735,-0.008463340113367655
0.0,0.0,6.4078200158434155,0.05759848339266103,-0.009485776627389392,-0.006514106932291161
0.0,0.0,6.16019447650366,0.04826128469707928,-0.0056629875463201345,-0.0037997445581753235
0.0,0.0,6.100171759496428,0.055324782742088165,-0.010313655806983993,-0.0007342006575059101
0.0,0.0,6.393209663697234,0.07143685017379207,-0.020190650415692783,0.0
0.0,0.0,6.432074940174384,0.06272091099274632,-0.023891303232850616,0.0
0.0,0.0,6.006634441281469,0.05815030105117597,-0.01788181740541442,0.0
0.0,0.0,5.800683877736865,0.0483056528594121,-0.010242865373558625,0.0
0.0,0.0,5.548518610582702,0.04831260220384244,-0.008928363041957033,0.0
0.0,0.0,5.573946674766672,0.06891199306590726,-0.01660811699500397,0.0
0.0,0.0,5.572944818018588,0.08252840127381379,-0.02066927889197317,0.0
0.0,0.0,5.067564851393419,0.06593999615924709,-0.015095961808584385,0.0
0.0,0.0,4.696471268029919,0.06184060539764291,-0.021490349451939336,0.0
0.23681406865634513,0.0,5.338193493792041,0.07351042317664722,-0.03358254179089527,0.0
0.1271825404466213,0.0,5.392755244529295,0.06208667664997721,-0.023894481364994107,0.0
0.0,0.0,5.051221651713329,0.04684342285315758,-0.015578686711527397,0.0
0.0,0.0,4.924253868527982,0.03159345754474739,-0.010271830479978343,0.0
0.0,0.0,5.123485298346183,0.03162793179167482,-0.008650617189492624,0.0
0.0,0.0,5.436771791931859,0.045306643141616226,-0.01183149070027214,0.0
0.03392835616761913,0.0,5.662622200306801,0.05107947634735881,-0.01641342045851881,0.0
0.0,0.0,5.327439328898106,0.04588823273466181,-0.016181417541393024,0.004031931237396218
0.13011010592649516,0.0,5.273557697203314,0.049483297239187485,-0.023262373142436378,0.007142676973290671
0.12286338269552052,0.0,5.638044563829225,0.060187369258884835,-0.028935896815168116,0.010575835649946061
0.07452855690347564,0.0,5.814347702599251,0.04675255808646299,-0.019133964259915988,0.013584332997670052
0.0,0.0,5.143017830188898,0.016412386024088118,-0.005550965185185564,0.011699133907782225
0.0,0.0,5.181826496962976,0.016019835266620635,-0.007610525795054944,0.015353316468693281
0.0,0.0,5.645433957963892,0.036263255874318674,-0.008035421128381705,0.01732859746035715
0.0,0.0,5.6665242310882205,0.042342233799061144,-0.0063459155465064605,0.019458269212215766
0.0,0.0,4.963729230506274,0.04155078169877299,-0.002225326523574797,0.017323633976502023
0.09849782315683021,0.0,4.879822760944484,0.05217213491797031,-0.019660522720616306,0.020237421359139182
0.5096848428896246,0.0,5.070495210747395,0.07378935866487504,-0.022802793499255552,0.0217708123537969
0.29145239667237055,0.0,5.347709563790827,0.07269633465896083,-0.01841032178117302,0.02514962592428387
0.10438110109511649,0.0,4.376972673546442,0.04347683859604315,-0.0037538322509660833,0.0257232576026832
0.0,0.0,3.953874924583954,0.024336525697113327,-0.0002561895289918407,0.0251163458777147
0.0468442639555799,0.0,4.860494552224684,0.05466016359462604,-0.002407433904512647,0.024402364236689046
0.0,0.0,5.265831585695756,0.06227905757811023,0.0,0.028865590907871254
0.0,0.0,4.515417644967134,0.05378541887029492,0.0,0.022813405638033957
0.0,0.0,4.231688085820559,0.051961396249103266,-0.00098759148310297,0.01819181875895292
0.0,0.0,4.975033245784848,0.07202094025208827,-0.0037456006868111062,0.01808449265595347
0.0,0.0,5.527462666023451,0.07329127957693028,0.0,0.018830985836146955
0.0,0.0,4.887333807800529,0.042218401478514654,0.0,0.017255796319471703
0.0,0.0,4.32434680120426,0.032683912766598024,0.0,0.014133979313571974
0.0,0.0,4.881533544652955,0.04834694386289394,0.0,0.017108624930869322
0.0,0.0,5.461321589195457,0.055551598478266476,0.0,0.01646545350089742
0.0,0.0,4.740818404760718,0.056837318311308206,0.0,0.016040435669052767
0.0,0.0,4.252976938394076,0.049698277665339644,0.0,0.015151411097873893
0.0,0.0,4.8621189439564265,0.062309929804978535,0.0,0.015126646496100188
0.0,0.0,4.974040517806375,0.08214119602576304,0.0,0.01736555236779816
0.008469001195910549,0.0,4.711293076601089,0.08326728177774737,-0.0014030996150456488,0.014586387374630009
0.0,0.0,4.23819451213919,0.07894821727605196,0.0,0.012645835094485011
0.11871517751666856,0.0,4.207558669739875,0.08461185155190926,0.0,0.014221663777773393
0.14500225660956229,0.0,4.689857154169127,0.08730838447813791,-0.004321794817368494,0.012698603712852728
0.18328616139775816,0.0,4.462852061085005,0.08868681025368416,-0.0012547099699406175,0.0148287558591925
0.04945577071913831,0.0,3.968932388840983,0.0817656254731283,0.0,0.01350817736030518
0.11143742369995362,0.0,4.513724217194073,0.09440039142924087,-0.0013327206025456294,0.014113895042371316
0.009811434384523872,0.0,4.816280677594632,0.08660688852091981,0.0,0.011368923597248622
0.0,0.0,4.6352954205198005,0.07694461832902053,0.0,0.0161600143941459
0.0,0.0,4.449691452660137,0.07061523265614818,0.0,0.01248461369287548
0.0,0.0,4.680895140400192,0.056853158768886226,0.0,0.015140719437753483
0.0,0.0,4.512677264326769,0.06390735073946974,0.0,0.011711565579893782
0.0,0.0,4.822651906966453,0.0733684953061702,0.0,0.009328341504350392
0.0,0.0,4.629874025520376,0.07396207773499548,0.0,0.015285329234539272
0.0,0.0,4.444818518855599,0.0783444347331598,0.0,0.009539241040193738
0.04051234101482062,0.0,4.245697886314018,0.10131176465311713,-0.0037549813581775325,0.009118226763276126
0.8223780922033525,0.0,4.434162547532666,0.13933993952575593,-0.012112751049888277,0.01114286585644558
0.7597712017683222,0.0,4.812005766279848,0.15542637196692083,-0.022705646043610563,0.009870566882340873
0.4131775673107877,0.0,4.529728157613545,0.1284869538072901,-0.012370097156534447,0.007664493164703874
0.22501015710498956,0.0,4.186034314361235,0.11093821944954083,-0.0029511915274110624,0.008337924398120172
0.0,0.0,4.589247054893125,0.10586163871429417,0.0,0.005789517480669257
0.0,0.0,4.644735518886941,0.09055038786340606,0.0,0.0070876634768040165
0.0,0.0,4.502304511337315,0.08281411215422099,0.0,0.005921657367618659
0.0,0.0,4.567519376683654,0.08822962100589915,0.0,0.007634061427288287
0.0,0.0,4.7252289497804885,0.08799885290312733,0.0,0.007023912893698669
0.0,0.0,4.8484022327479215,0.09235924514519445,0.0,0.00822513749351107
0.0,0.0,5.007103441075303,0.10598050122951305,0.0,0.005409145174742388
0.0,0.0,5.1399976901130255,0.11576233172001023,0.0,0.008849107591990802
0.0,0.0,5.030192772753814,0.10311711613338068,0.0,0.008069415905616346
0.0,0.0,4.695932556622088,0.09973797419805505,0.0,0.006099752034791001
0.0,0.0,4.901573064987288,0.1057501073321165,0.0,0.003847005688572659
0.0,0.0,4.51897530934056,0.10371211000142104,0.0,0.007451929545627653
0.0,0.0,4.371877646390129,0.12111312511002312,0.0,0.0055138713396505525
0.0,0.0,4.439481974585762,0.14834592912511263,0.0,0.006940188011182494
0.0,0.0,4.233244534519695,0.13748508466567883,0.0,0.0069505458212739315
0.0,0.0,4.079008645629614,0.12779518465315384,0.0,0.0059780777266623935
0.0,0.0,4.344562189795608,0.13772250658063828,0.0,0.0058149128606173805
0.0,0.0,4.307561613391959,0.14799599183911735,0.0,0.007366026305775012
0.0,0.0,4.544186687646885,0.15122434809709018,-0.0009840040225110311,0.004222368394152909
0.0,0.0,4.795325625121428,0.13859036684084308,0.0,0.004057480463918124
0.0,0.0,4.6211104190938865,0.12684995883569558,0.0,0.006082269799260122
0.0,0.0,4.893555002022825,0.12071351356164213,0.0,0.0060620974593640275
0.0,0.0,4.800453090665769,0.12144906463346392,0.0,0.00492705592478336
0.0,0.0,4.940268865640881,0.11824953320209704,0.0,0.007548116893701476
0.0,0.0,5.044068766256766,0.1314877040242845,0.0,0.007035183754215762
0.0,0.0,4.739002044653972,0.13048457008886746,0.0,0.006558744425518788
0.0,0.04233146105259836,5.026776291172564,0.16743681799740717,-0.004090479517318431,0.008337874446473334
0.0,0.0,4.979634008995818,0.1480169924475216,0.0,0.008717123051158852
0.0,0.0,4.46189226205722,0.11195791290857522,0.0,0.008923443219149594
0.0,0.0,4.52014062450617,0.12050492390148286,0.0,0.010250213899295375
0.0,0.0,4.825091118910086,0.11701115616543674,0.0,0.009856457041122216
0.0,0.0,4.765244955902139,0.10317420773090283,0.0,0.009906428481379466
0.0,0.0,4.498451304037667,0.10185813989054852,0.0,0.010691065959782437
0.0,0.0,4.707241808406224,0.10936095025177103,0.0,0.009764774166886304
0.0,0.0,4.489754892888591,0.12830124371823431,0.0,0.011240578954984388
0.0,0.0,4.86165742393438,0.16142575933036263,0.0,0.01464773111797137
0.0,0.028881661666048088,5.265949152957805,0.16474711689601432,0.0,0.01348791888890235
0.0,0.0,4.564344914085271,0.14556764441684508,0.0,0.012313180790204596
0.0,0.0,4.780935256418266,0.13007018601127734,0.0,0.009166153844917499
0.0,0.0,4.943997777363002,0.12038067266694533,0.0,0.009369417482620716
0.0,0.0,4.512857259398072,0.11377362447636821,0.0,0.011336013074533571
0.0,0.0,4.388535303368581,0.11659870596687652,0.0,0.007901403940660587
0.0,0.18693142302036275,4.4586605098228445,0.15616803801731272,0.0,0.011257437777699168
0.0,0.5697547854615638,4.768696194453595,0.18858769608645648,0.0,0.01154425858577163
0.0,0.3706913170361078,4.648185512660352,0.17953375803209623,-0.002007698337408869,0.011379085382001705
0.0,0.03097448061872358,4.529165516879394,0.1479164130141616,-0.0056526556503640486,0.00928899069872664
0.0,0.0,4.424932416192471,0.12258972755857415,0.0,0.009086549250321771
0.0,0.0,4.536177459238367,0.09898900928845164,0.0,0.006870092671346567
0.0,0.0,4.78098271683143,0.08118094937484026,0.0,0.0053588937654893976
0.0,0.0,4.862420093965534,0.0811549864316403,0.0,0.007400453723846986
0.0,0.0,4.636707099631357,0.078212298964445,0.0,0.005887647691994423
0.0,0.0,4.710140617913623,0.09996550754153365,-0.00243182591648071,0.009221299243481775
0.0,0.0,5.082784820921951,0.13243006948380728,-0.0011164249718934637,0.01018587850156711
0.0,0.018953090125095495,4.516101734355397,0.14379342049743005,-0.0007400480777353575,0.012064478856262517
0.0,0.4920516537158185,4.577212010246059,0.14737309273127314,0.0,0.009262260130918444
0.0,0.017509069246504538,4.464842644052575,0.1505968876882914,0.0,0.014535275165983335
0.0,0.0,4.412856631313298,0.12945945914779158,0.0,0.01174186140226341
0.0,0.0,4.903259868759668,0.11523095930995689,0.0,0.013494535911171095
0.0,0.0,4.457644412874907,0.08386101745437648,0.0,0.012582438615225927
0.0,0.0,4.571450181525842,0.07218410124978655,0.0,0.012915496242128824
0.0,0.0,5.097515910203262,0.08219653592769474,0.0,0.014565326450232289
0.0,0.0,4.915199294601958,0.07654138483131787,0.0,0.014601465090652507
0.0,0.0,4.86042723948397,0.08161015808864316,0.0,0.018196564799373524
0.0,0.0,5.207159192592135,0.08912608359821653,0.0,0.013134415798440765
0.0,0.0,4.873655292131184,0.07962568071418612,-0.009571491508046566,0.0171077045767894
0.0,0.0,5.0280554841431835,0.07605953643332151,-0.026302821967017682,0.013219481649586487
0.13101820436033362,0.0,4.915330353457581,0.07414629799719862,-0.019524900444522614,0.01467557963283255
0.05070225400730366,0.0,4.413413717321507,0.05644025286761471,-0.023344961833077948,0.015186428299126373
0.0,0.0,4.756827969753247,0.07185083913540413,-0.0210863371880022,0.009319516038219577
0.0,0.0025113659157082985,5.0127148407554,0.11311201661748296,-0.0038258848791607935,0.017447594086087877
0.0,0.14288695577197535,5.012843273409559,0.1323864121844072,0.0,0.0242123005560392
0.0,0.08562360377946916,4.41178085715036,0.12640870686418793,0.0,0.02459250481546594
0.0,0.0,4.3285102856298,0.1182674556355677,0.0,0.02228204734629117
0.0,0.0,4.653628121035053,0.102585569612974,0.0,0.02646452872592911
0.0,0.0,4.5951058868545065,0.07386427616415402,0.0,0.024243686285047205
0.0,0.0,4.107728000790428,0.059836881085515284,0.0,0.024354105030510335
0.0,0.0,3.9590315299970262,0.06135881596554962,0.0,0.021927613795336476
0.0,0.0,4.22292463228107,0.08973316071076427,-0.001772556533738976,0.025681115028184896
0.0,0.0,4.378459009589383,0.10229778884336757,-0.010808628620870911,0.02738845719442513
0.0,0.0,4.222672289024197,0.10084988542589075,-0.013797218737010683,0.021811552886053926
0.041295501372325225,0.0,4.03159016211877,0.10160630303183678,-0.027543340293478547,0.023826428517526595
0.23215574021238963,0.0,4.596717584666761,0.09585082564626442,-0.0305364259197126,0.020762865014162312
0.0,0.0,4.594747343224651,0.05867676530661472,-0.020149428389008538,0.020949674640340463
0.0,0.0,3.9998720193803505,0.02172681837654345,-0.009177641367415192,0.023608813080007923
0.0,0.0,3.95054716040647,0.009995573746319883,-0.0006716914598088265,0.021496422358679736
0.0,0.0,4.2079977257610786,0.014732864685082527,0.0,0.02541453945397477
0.0,0.0,4.384387017882268,0.03163973449531053,0.0,0.035652086375489826
0.0,0.0,4.348603979070451,0.0469993997816936,0.0,0.031080884462372817
0.0,0.0,4.330120729547222,0.07358267799405657,0.0,0.03448486121422006
0.0,0.28131549694606994,4.713121780242897,0.11591786633879057,0.0,0.036416613543589896
0.0,0.512503032737921,5.126987576277772,0.12196567590027711,-0.004127107404891955,0.032757401286695506
0.0,0.0,5.018537081053198,0.09723373098654893,-0.007868777745747634,0.02780124977956827
0.0,0.0,4.839441588639313,0.05266508906440955,-1.7252956574391563e-05,0.029233090082843388
0.0,0.0,4.717377167445764,0.021350613577145607,0.0,0.025262372474004112
0.0,0.0,4.8877033494695175,0.012085562473040781,0.0,0.027031715056318954
0.0,0.0,4.904894280186433,0.004393106882913622,0.0,0.028125463766901053
0.0,0.0,4.690883643893887,0.007375395351528651,-0.0008972717632325869,0.030573865975614657
0.0,0.0,5.2695688712983895,0.018883864367368948,-0.00751080546450725,0.027566025129953375
0.0,0.0,5.267501779785285,0.032644484540217525,-0.018167298769276245,0.031139211442385222
0.0,0.0,5.475700241692423,0.03723550780128145,-0.020610054261798315,0.0305509525691524
0.0,0.0,4.943998038485769,0.021177703830425797,-0.012778281785006673,0.03410635807503763
0.0,0.0,4.818490480906585,0.02134111910178759,-0.0025155473300733913,0.03118401175134573
0.0,0.0,4.9439649091803455,0.025506501073646982,0.0,0.03815611919525549
-0.02574497116750436,0.0,4.22162283929815,0.02535293635267493,0.006626700132947816,0.04051913547065403
0.0,0.0,4.426317029648865,0.04127786046051195,0.00431070316701035,0.03781999219194484
0.0,0.2405700432393716,4.606746301399577,0.05806091216083005,0.0,0.0423131230976336
0.0,0.1806361875559342,4.618627388623647,0.07442321543479441,0.0,0.0397609866673375
0.0,0.0,4.2979487028133585,0.06004298336472763,0.0,0.04118757411192124
0.0,0.0,3.851600398560003,0.03091035606712571,0.0,0.03481378095312909
0.0,0.0,4.362787783942743,0.01961759918771093,0.0,0.035199265464032514
0.0,0.0,4.327691017581284,0.0023004530245113956,0.0,0.03891926463252221
0.0,0.0,3.862898967585726,0.0,0.0,0.03439302257510245
0.0,0.0,4.032216414303398,0.0,0.0,0.029084832006080297
0.0,0.0,4.151282947409924,0.0,0.0,0.030228404121480375
0.0,0.0,4.465541084984867,0.013516500875663964,-0.01009584553888947,0.03238509933251358
0.0,0.0,4.450474286278146,0.016963350157773328,-0.017038280371407786,0.028755602618204274
0.0,0.0,4.580415852638145,0.015946486169643736,-0.011029694651670776,0.025028766961763427
0.0,0.0,4.93792415763385,0.014618111638838777,-0.0031809192010259385,0.02418325484113428
0.0,0.0,4.901110672295309,0.0003114726275351199,0.0,0.017045110445963425
-0.4423341949433396,0.0,4.003376483880472,0.0,0.021348537682027085,0.01648015476347005
-0.5937778153458011,0.0,3.904576851337393,0.0,0.04762086426827076,0.01244733678144051
-0.4765416958257841,0.0,3.8660453132493102,0.0,0.033372967196213126,0.011824538003468476
0.0,0.0,3.7928348516967545,0.0,0.014706735207769933,0.009055732977807106
0.0,0.0,3.6757009923505777,0.011461792617283353,0.0,0.004246571121732624
0.0,0.0,3.6757009923505777,0.011461792617283353,0.0,0.004246571121732624
0.0,0.0,3.9626263437321017,0.05621825186778956,-0.027477261967310252,0.0
0.0,0.0,4.045996688598762,0.0395164838137655,-0.021353450108708226,0.0
0.0,0.0,3.4763052933153844,0.008665003001519575,-0.009258390018382958,0.0
0.0,0.0,3.65348656830587,0.0,-0.003292754131699209,0.0
0.0,0.0,3.4913295220125335,0.0,0.0,0.0
0.0,0.0,3.071541746684897,-0.005261248466759139,0.0,0.0
0.0,0.0,3.1651538071364493,-0.00613657651250534,0.0,0.0
0.0,0.0,2.8406828472441985,-0.0012494056398395705,-0.0008749754396385935,0.0
0.0,0.0,2.884502792683358,0.0,-0.008269556649087956,0.0
0.0,0.0,3.2864414513882183,0.0,-0.02163571064832277,0.0
0.0,0.0,3.0052208414537978,0.00015143992835873365,-0.010508440590624508,0.0
0.0,0.0,2.8240884422484536,0.0,0.0,0.0
0.0,0.0,3.2955395046190303,0.0,0.0,0.0
0.0,0.0,2.9901928747608277,-0.005061000874172196,0.0,0.0
0.0,0.0,2.8067721437248165,-0.021534340139580145,0.0013285570045847,0.0
0.0,0.0,3.0007326709444304,-0.014640088676522195,0.0,0.0
0.0,0.0,3.1026492783643698,-0.007586438260969756,0.0,0.0
0.0,0.0,3.142963068162346,0.0,0.0,0.0
0.0,0.0,3.431375517625707,0.0,0.0,0.0
0.0,0.0,3.2029801905017585,0.0,-0.0012990306604688557,0.0
0.0,0.0,3.077195035531081,0.0,0.0,0.0
0.0,0.0,3.082107644045772,0.0,0.0,0.0
0.0,0.0,2.8602127148484584,-0.009074311621193145,0.0,-0.0015394629567785367
0.0,0.0,2.7523880949052404,-0.015300920698374307,0.0,0.0
0.0,0.0,2.7919949444402907,-0.0021162111433531,0.0,0.0
0.0,0.0,2.934799555168598,0.0,0.0,-0.0005674358636044007
0.0,0.0,3.105893292308503,0.0,0.0,-0.0021544327672530124
0.0,0.0,3.0181411011510297,0.0,0.0,-0.00463472406599103
0.0,0.0,2.625636604068279,-0.0010532288327103527,0.0,-0.0018430794814288253
0.0,0.0,3.1607683354383562,-0.0008296589208697013,0.0,-0.0025782432839274493
0.0,0.0,3.0986643237371214,-0.009517059359076124,0.0,-0.000656028293899439
0.0,0.0,2.5289521784526925,-0.02512476703673494,0.0,-0.0017800513832328731
0.0,0.0,2.599482840828629,-0.0247838509467489,0.0,-0.0018551233184452049
0.0,0.0,2.9704806941910484,-0.01086331143328986,0.0,-0.001129400284862013
0.0,0.0,2.607264157580201,-0.009442713356804518,0.0,0.0
0.0,0.0,2.533760182476334,-0.003936255031647772,0.0,0.0
0.0,0.0,2.4455746226148465,0.0,-0.004526534510471006,-0.001472716790481724
0.0,0.0,2.4406934906279094,-0.0012320909092830702,0.0,0.0
0.0,0.0,2.487604199622532,0.0,-0.005059118312222907,-0.0006372449583038014
0.0,0.0,2.666744475321923,-0.0008967561179767415,-0.009793566928600247,-0.0016629822968227536
0.0,0.0,2.236351132527882,-0.014434912426014085,0.0,-3.205076848819182e-05
0.0,0.0,1.7073376097806825,-0.0478530377331526,0.0,0.0
0.0,0.0,1.420994167652379,-0.05138151814229108,0.0,0.0
0.0,0.0,1.9177514245135925,-0.029350383802069013,0.0,0.0
0.0,0.0,1.9469344602430017,-0.023343950526476434,0.0,0.0
0.0,0.0,1.9796754349096333,-0.02068564083662297,0.0,0.0
0.0,0.0,2.1234936997497273,-0.01123966918019519,0.0,0.0
0.0,0.0,2.0306266299242237,-0.012132961117227644,0.0,0.0
0.0,0.0,2.1235794351271604,-0.008092319195080145,0.0,0.0
0.0,0.0,2.28071229113838,-0.004473712501710612,0.0,0.0
0.0,0.0,2.425101299972936,-0.01190411868254403,0.0,0.0
0.0,0.0,2.3091226562915734,-0.023825177565046353,0.0,0.0
0.0,0.0,2.432576341572293,-0.03914133730183438,0.0,-0.00043936241435020475
0.0,0.0,2.426166167656603,-0.04396648418810715,0.0,-4.08771375733284e-05
0.0,0.0,2.543923339915035,-0.04261824850323239,0.0,0.0
-0.04083393819071403,0.0,2.4280012191702585,-0.05646114187123902,0.0,-0.0006619786598762946
-0.04631156673350288,0.0,2.186660952731365,-0.06165962714825183,0.0,0.0
0.0,0.0,2.2293201996673586,-0.05302388636112543,0.0,-0.0020391792550573115
0.0,0.0,2.268580332315262,-0.040563370258471884,0.0,-0.0024855718226308803
0.0,0.0,2.0482663510718524,-0.03534277602942947,0.0,-0.0021702335895494827
0.0,0.0,1.8951189663347658,-0.03600788439437327,0.0,-0.004453233530543709
0.0,0.0,1.5859698814687564,-0.03675586395589188,0.0,-0.004717783031778415
0.0,0.0,1.7462651334755548,-0.023338570871883797,0.0,-0.00404942747597713
0.0,0.0,2.1611802215841287,-0.025693194239246105,0.0,-0.004914564268606888
0.0,0.0,1.5422882852883908,-0.052342802126402264,0.0,-0.0060280395205827755
0.0,0.0,1.4191587635911198,-0.044369429858946374,0.0,-0.005795516318882201
0.0,0.0,1.9623243282049039,-0.0407631548785995,0.0,-0.003553757320409997
0.0,0.0,1.7001910073312765,-0.06145311213992667,0.0,-0.0020153131802692166
0.0,0.0,1.4284549932027732,-0.05936595879268791,0.0,-0.0035182039115110295
0.0,0.0,1.4849787935739982,-0.04717852091716309,0.0,-0.0050413005548598155
0.0,0.0,1.5002048456711192,-0.03505476376568423,0.0,-0.0010190630819400476
0.0,0.0,1.788906052723363,-0.027264651775515725,0.0,-0.0002946612825535318
0.0,0.0,1.3301293244109584,-0.04162159568807182,0.0,-0.0029565918255625473
0.0,0.0,1.307465764496967,-0.031122156368438608,0.0,-0.0021397901005950908
0.0,0.0,1.9574967299282306,-0.017111991903289162,0.0,-0.0012962057910054794
0.0,0.0,1.8910272446203187,-0.03408037628152136,0.0,-0.0024182094212393777
0.0,0.0,1.4419932023409603,-0.07593453539748471,0.0,-0.0014750579921398767
0.0,0.0,1.3252345719703658,-0.0894906985056457,0.0,-0.0045766963522457585
0.0,0.0,1.7956283400839343,-0.07418533040672391,0.0,-0.002279255498184077
0.0,0.0,1.8932249150430434,-0.07884913420290236,0.0,0.0
-0.2980545071493902,0.0,1.5987475670436198,-0.11284252223259901,0.0,-0.0036088154158507016
-0.19068664573865796,0.0,1.2304485085109562,-0.10488003799204515,0.0017175730880258512,-0.002772721330381143
0.0,0.0,1.7390890505494618,-0.07464183290246611,0.0,0.0
0.0,0.0,1.875476749522465,-0.05114426996603203,0.0,0.0
-0.007020091901215162,0.0,1.4484743483917404,-0.05782706200879264,0.0,-0.0022791321629200803
0.0,0.0,1.3635590505357684,-0.06555835882430175,0.0,-0.003250079099073826
0.0,0.0,1.5568302217790495,-0.05051078438768606,0.0,-0.0012440619405898422
0.0,0.0,1.748737023617639,-0.04183247817405771,0.0,-0.0025413858215723893
0.0,0.0,1.260765874574148,-0.06390765384798583,0.0,-0.003971515643961143
0.0,0.0,1.3476126352954698,-0.07853620842109374,0.0,-0.004141193328254001
-0.06813465683088095,0.0,1.4848980292865204,-0.08503637132316563,0.0,-0.0026760822283047243
0.0,0.0,1.7067176760808327,-0.0638491667837341,0.0,-0.0013166326525937268
0.0,0.0,1.6426574098817892,-0.06482388109854409,0.0,-0.0021803712365047116
0.0,0.0,1.3738113802021439,-0.08300030875742102,0.0,-0.001669552741588361
0.0,0.0,1.2801071796113415,-0.08949188871862933,0.0,0.0
0.0,0.0,1.3571851724878992,-0.07859419363790401,0.0,-0.004273541912217055
0.0,0.0,1.500168920107014,-0.07259469598501345,0.0,-0.002880069374373976
0.0,0.0,1.400820603750529,-0.07291496030663186,0.0,-0.0015453994829736778
0.0,0.0,1.3876860634563095,-0.07215493186661212,0.0,-0.0003279275314712755
0.0,0.0,1.346512968181984,-0.08629603427680076,0.0,-0.003440550072213689
-0.1722344323329347,0.0,1.2592017532496504,-0.09680551469699547,0.001140856549592426,0.0
0.0,0.0,1.2360458853862748,-0.09877255713545635,0.0038163054757254025,0.0
0.0,0.0,1.2383119561635085,-0.09541201309343691,0.0,-0.0004882635866730311
0.0,0.0,1.5243083955610006,-0.06421091235054638,0.0,-0.002158986110858276
0.0,0.0,1.6031752785406752,-0.06563319026282058,0.0,-0.0003251844203173704
0.0,0.0,1.3177266059372557,-0.06891395992643481,0.0,0.0
0.0,0.0,1.5741376959499593,-0.055732768597674245,0.0,-0.0016692540071940939
0.0,0.02105099539701775,1.9012466287088525,-0.05512240574920787,0.0,-0.00040901519424606047
0.0,0.0,1.7110859864119157,-0.07371425724185758,0.0,0.0
-0.032747443472188234,0.0,1.6409217302512151,-0.09815808507202536,0.002208629257794268,0.0
-0.2082123525345167,0.0,1.4013742387637227,-0.12691761543508712,0.00698228617421562,0.0
-0.08506569001259574,0.0,1.6594586347736193,-0.10761963400092589,0.005511134922589602,0.0
-0.06823201009228852,0.0,1.9282833910756925,-0.08944111722862796,0.0,0.0
0.0,0.0,1.6263956080064617,-0.0790588149732537,0.0,0.0
0.0,0.0,1.7615228419945894,-0.06536941905776822,0.0,0.0
0.0,0.02023441954685895,1.889064664880932,-0.0719173491737797,0.0,0.0
0.0,0.0,1.5537636381565831,-0.07518306470724966,0.003710504119527353,0.0
0.0,0.13709130786233245,1.6758109314406724,-0.07151572708879757,0.0,0.0
0.0,0.059140479623253785,1.5695279234708068,-0.0685230371318221,0.0,0.0
0.0,0.0,1.488219558157234,-0.08498885044107507,0.0,0.0
0.0,0.0,1.302828725445412,-0.09589109631395484,0.0019395453327164767,0.0
-0.27044176505609,0.0,1.164154073765963,-0.1014892675837001,0.0067696515369769315,0.0
-0.32190060820319943,0.0,1.4806757138861548,-0.08951750773040894,0.0071005680462864805,0.0
-0.022319417882114133,0.0,1.509732025812023,-0.07352831364519971,0.005709456058285302,0.0
0.0,0.21131670278490627,1.5733175286419379,-0.06540965213386422,0.0,0.0
0.0,0.0,1.7237329788375468,-0.0865209581745721,0.0016771898501525058,0.0
-0.6669987327126844,0.0,1.4863876209381182,-0.13000487254732684,0.01610715784035541,0.0
-0.9488372579569917,0.0,1.1118577208470641,-0.14530101952214527,0.02015552909411063,0.0
-0.7289351132190762,0.0,1.3202784537012286,-0.12267012609591192,0.016942545642968387,0.0
-0.17389741839262313,0.0,1.4781917091894663,-0.09078591217621806,0.009110862636233875,0.0
-0.00908831774994271,0.0,1.5199277913617988,-0.06345180380050792,0.0,0.0
0.0,0.26111452978875394,1.4417520950389666,-0.06070440474118174,0.0,0.0
0.0,0.33061879025274876,1.4313385991222207,-0.06249173412700053,0.00307091871915914,0.0
-0.2005347734371382,0.0,1.3009570744173178,-0.06983900286588168,0.0061704418597509835,0.0
-0.11242221367597541,0.06960877473800914,1.1269714811743157,-0.07789087066518578,0.007522451532214683,0.0
0.0,0.280437006820899,1.2185958583999594,-0.07908870720038769,0.0021697182152986922,0.0
0.0,0.22805891637908884,1.2074876053273835,-0.0724519357528141,0.0006928290364180986,0.0
-0.1309720483050177,0.37181557856134884,1.0749648804771286,-0.07976876428223131,0.0008377964553772969,0.0
-0.05714272472176911,0.007644774145455102,0.9982483746954145,-0.06519336599724454,0.0038104046677077917,0.0
-0.15436973221599487,0.13960174569711484,1.1484340281744467,-0.06306289127837308,0.0017156411011012209,0.0
-0.16458799416356423,0.17832738317444122,1.2059298646448595,-0.06911850618529569,0.003099787895970162,0.0
0.0,0.0,1.2063335619689137,-0.0677350057472608,0.0003134014257350341,0.0
0.0,0.0,1.0714749951366205,-0.0772628437564382,0.0,0.0
0.0,0.0,1.1335013560839555,-0.08640620517093026,0.0,0.0
0.0,0.0,0.9594885671478559,-0.10767121857674052,0.0,0.0
-0.31174420263410496,0.0,0.8312333164987027,-0.13663465530197202,0.006801658917211631,0.0
-0.5197214502647013,0.0,0.716876268753817,-0.13767227245316763,0.013970972250191813,0.0
-0.536802620081372,0.0,0.9409132460925763,-0.11847023427700143,0.01140040338725622,0.0
-0.006809831249575045,0.0,1.0964367758598352,-0.09276666384906793,0.0035712019036476727,0.0
0.0,0.06907224794625294,1.1267128941609441,-0.055469392408275475,0.0,0.0
0.0,0.37064035622566366,1.2096430746493945,-0.040845524913743755,0.0,0.0
0.0,0.5331985495743539,1.3153659220379694,-0.036708678603497254,0.0,0.0
0.0,0.23840027010395212,1.5177807882473686,-0.04452940749812186,0.0,0.0
-0.021594470070495666,0.0,1.2811231515603532,-0.06400915124452566,0.0,0.0
-0.46839540196667545,0.0,1.3402231195199144,-0.09064195761246685,0.007515191440895882,0.0
-0.663213176541116,0.0,1.358033197420524,-0.10450550422050804,0.011527786818165424,0.0
-0.7629722484764657,0.0,1.4601585505466352,-0.09562713601129408,0.010714300206676767,0.0
-0.5647884601878677,0.0,1.5076379344101078,-0.0915182004466075,0.007892552189367071,0.0
-0.4479828503932546,0.0,1.642896413077326,-0.07925256732057011,0.004223162554435528,0.0
-0.41657238147581505,0.0,2.035704942557798,-0.0615397255459937,0.003392415305439147,0.0
-0.6999179231272475,0.0,1.986311175496827,-0.06706507546614812,0.00837380541050221,0.0
-0.6277288602634287,0.0,1.6844395239790715,-0.07104996658544767,0.015009427669360495,0.0
-0.9942335267384284,0.0,1.8687768251073755,-0.07479786122911546,0.014560785243258809,0.0
-1.2897849680749838,0.0,1.7123533589224755,-0.09535735427005493,0.02330234851040633,0.0
-1.4996140722894853,0.0,1.3871703321497497,-0.0980897921999073,0.02879495534298787,0.0
-1.209880753404853,0.0,1.3397006944902352,-0.08427295136363883,0.02179861478153613,0.0
-0.7284141699697241,0.23135022350163809,1.3766710193349811,-0.05462960328698474,0.012838303189203551,0.0
-0.5520186670259263,0.8710868110412966,1.4720209402737936,-0.03539861641299734,0.003033308442294062,0.0
-0.25223969948175073,0.9813736749306997,1.2342746433581324,-0.022876190805775614,0.0023538772126627345,0.0
-0.26246615973330134,0.9857095621671601,1.1120032249760683,-0.025199987020595494,0.003193609290504336,0.0
-0.27796841449539117,1.0425586468110126,1.094297514988074,-0.02771602404946135,0.006864074956527741,0.0
-0.24818585351573721,0.7367015975287636,1.0900374180752004,-0.037039978769716056,0.004437499465094917,0.0
-0.12486558449362783,0.33024284703555795,0.9467056860414171,-0.054083395528656084,0.005210566782908847,0.0
-0.05118054835581707,0.20523281129227916,0.8418760018004333,-0.06154334065561734,0.0,0.0
0.0,0.3859950699461851,1.1716148231255048,-0.04913762480543961,0.0,0.0
0.0,0.33375243771974994,1.3418710146327564,-0.03631612063486825,0.0,0.0
-0.023407954465654815,0.44561891293726374,1.350196174721652,-0.03194397264916208,0.0,0.0
-0.19442618865530423,0.32635086861073503,1.364173567064092,-0.032502311833707755,0.006486111716370514,0.0
-0.5414473039421107,0.11074137847567904,1.4358794320727042,-0.040944042821574635,0.010567571286560554,0.0
-0.680344466917836,0.0,1.389451073525144,-0.057262422875997344,0.022017693349163498,0.0
-0.9776032134316128,0.0,1.3691439832276378,-0.07904536167750384,0.018524714695390396,0.0
-1.1172872748374194,0.0,1.2902679840577655,-0.08833796508795602,0.017439010273047322,0.0
-0.7194806359906601,0.0,1.4170652730052082,-0.0747180412505177,0.01754726945669837,0.0
-0.2677380624156208,0.0,1.4381326935768823,-0.05029001139481541,0.011417673601966676,0.0
-0.15481072601833312,0.25633886196932515,1.3893682786136181,-0.03269661658249844,0.008124795595309705,0.0
-0.04647580543213346,0.5161399128347146,1.3784885260604616,-0.019387381806514892,0.007287985277332483,0.0
-0.014083024138726133,0.6137058436784933,1.2893814573933269,-0.010106131895499266,0.005633800058287746,0.0
-0.31543944653009165,0.6661723092571232,1.3223356574374137,-0.01652227264171623,0.005207846773658269,0.0
-0.5151083108205268,0.6004764470884486,1.0902095367515816,-0.034557577367668305,0.010060605161212391,0.0
-0.48775165658737746,0.14291402511436785,1.1108167493926342,-0.0424295039899696,0.020739673569884952,0.0
-0.7665564520875805,0.16301990815253203,1.053876739994305,-0.047745438981676616,0.022785884295633878,0.0
-0.7058359369486538,0.40144443787615536,0.9879486950313222,-0.03750719819379843,0.018114562022027457,0.0
-0.48584650219085895,0.5801529948500357,1.3093135951442858,-0.018457784526576183,0.017290710637884017,0.0
-0.6108422056678762,0.9638794064402072,1.2537894722199194,-0.013411607866348905,0.014929685750972721,0.0
-0.661463840586502,1.0415284143575705,1.246090672940307,-0.02124914937015208,0.013611965654060008,0.0
-0.4586007083103623,0.47723149538376514,1.193109866067921,-0.020105124550575577,0.013416946129548227,0.0
-0.1500237167691709,0.4350064051335901,1.2737452774347062,-0.024279732051699303,0.015438366761818336,0.0
-0.25344242218180446,0.23397931914399517,1.1684304272134538,-0.03533229506394895,0.009345517945103696,0.0
-0.577023295368897,0.0,1.076212463303429,-0.05940390553785384,0.019193931993166265,0.0
-0.5284477018573357,0.0,1.1550444453957298,-0.049902662336462046,0.020792575498407607,0.0
-0.5732333980455149,0.10768373344434527,1.2322312405996025,-0.05132046720284964,0.018002005416343676,0.0
-0.2569671863285594,0.15075613058805742,1.2867021219800716,-0.03151470828922491,0.012668007637677925,0.0
-0.25651297918197435,0.28869643990096255,1.478770591324295,-0.02277122104249556,0.007485057492582395,0.0
-0.2991678266180811,0.41555929254206453,1.2585081526211959,-0.02455869123503088,0.01056599846605037,0.0
-0.39626807595923375,0.410626004254169,1.394073146968657,-0.02774371939667618,0.012952223463286958,0.0
-0.45181182722622665,0.0005072386124103928,1.1999340483395942,-0.028418251827436947,0.02111072363211603,0.0
-0.9594948726614879,0.0,1.1961994780571448,-0.04010247676768583,0.029704129988618627,0.0
-1.0737319598658028,0.0,1.1321912704261545,-0.05054167151192357,0.04146948355377444,0.0
-1.1141635359607984,0.026789300912645208,1.123488384192016,-0.05304421864802854,0.029995854767885195,0.0
-0.874519885714537,0.0,1.1512477320702816,-0.03818198234566174,0.026352146116461757,0.0
-0.5286622021502527,0.34640231547357,1.0124638592997404,-0.03914194949019305,0.024901992441540913,0.0
-0.25868169042634986,0.3154932590897447,1.1347892552825807,-0.020800404937908232,0.013931642444353885,0.0
0.0,0.7785691705984578,1.1597788193467058,-0.012793795621447956,0.006089604998621351,0.0
-0.030390895925267704,0.8729924196844852,1.2080683722780694,-0.005809039168510313,0.0020674773841550097,0.0
-0.16650927946429642,1.1197439104411966,1.1173360862456383,-0.010657488386359777,0.005116108724728008,0.0
-0.2607133708761357,1.0983356113011982,0.9218894724097725,-0.014433077046286751,0.010126835967248064,0.0
-0.479484627366306,0.6570582601680128,0.8149204085729765,-0.017574653270337984,0.02053027319456128,0.0
-0.9351788838397658,0.6963906394212704,0.8222625349480361,-0.021238392315971192,0.030757299669216438,0.0
-1.3582119260263952,0.8125498045162157,0.757035683202828,-0.025254594531830384,0.035326390403482996,0.0
-1.2252154871469032,0.8055121094347074,0.7652443725389952,-0.020881987279383937,0.043337871369135014,0.0
-1.2000983244997312,1.0280034803975644,0.8665936722195822,-0.010753957820090065,0.0335269354701559,0.0
-0.8935099076828255,1.2038556461434458,1.039367483166075,-0.005419996615717815,0.0267480378586629,0.0
-0.7065911514902788,1.3132916752154178,1.0707151068018774,-0.001184517075257771,0.021961433722898095,0.0
-0.6776074769767837,1.1587670660265261,1.147867613821805,-0.005567107108254572,0.026524786091116505,0.0
-0.8020629454285185,1.147589149886481,1.0904484206183422,-0.012388349876759294,0.02444372352014874,0.0
-0.42582558144600097,0.886078779142976,1.1881469702210326,-0.005481497670538911,0.022489539736319893,0.0
-0.4526259267035636,1.2851455674459231,1.2133316676269357,-0.008924170935264169,0.01154134328752164,0.0
-0.3593031504674664,0.9648276512084004,1.3165514822094464,-0.013968499663783806,0.011773589884861619,0.0
-0.37605536221144564,0.46925785563015043,1.321490835347761,-0.023404027779329848,0.01900171247899031,0.0
-0.48295751119944785,0.27266098612050843,1.3330538509498369,-0.031201254747149198,0.022753647032807363,0.0
-0.6074712857480122,0.12061007914063697,1.510839014815893,-0.03044350725930723,0.021437899141097696,0.0
-0.6599809002628436,0.1006228026604951,1.4594634057197517,-0.03225302760673129,0.016025020697691544,0.0
-0.4618670181280474,0.22482804195256234,1.618498574810928,-0.03587006774344796,0.016399466106897888,0.0
-0.3394831344531796,0.2571416537056449,1.5805582299992778,-0.023527271736370984,0.014987942163888704,0.0
-0.49866168587082926,0.41005851113508396,1.7380901223419603,-0.018684245278215782,0.012197435372625591,0.0
-0.5057008574917765,0.4770258634582244,1.4131046781403032,-0.014651079229175098,0.01347503047828066,0.0
-0.2823960438987566,0.8103831232612982,1.4327055402184359,-0.010816612680260827,0.01061707847548004,0.0
-0.09078632416525531,1.0423542514607502,1.3906708505353564,-0.0033508222507055785,0.00852033183657421,0.0
-0.003479990462116734,0.7943074362895088,1.297930337192785,0.0,0.009067056873964714,0.0
-0.23173452566993963,0.9188431342131697,1.0782342086397896,-0.005869593608196865,0.008580700109417892,0.0
-0.33331931767669265,0.8390355508708032,1.1432796489149895,-0.010741647712546144,0.015076761323332822,0.0
-0.38221193153809274,0.6772622353398872,1.1254546288242044,-0.012302078044547079,0.018756821893941667,0.0
-0.19169336216990424,0.7509848866056368,1.0473168253899048,-0.008901893764971101,0.015851505330757444,0.0
0.0,0.7159362630355997,1.2173558859873446,-0.005584588365492119,0.011667131687432693,0.0
0.0,0.5103899222091297,1.022565267134583,-0.0026020399316746346,0.012137137839570041,0.0
0.0,1.0358071294828863,1.0826077248357477,-0.0031969490117783974,0.002560164934429953,0.0
0.0,1.2743636932611202,1.180408384423315,0.0,0.0,0.0
0.0,1.0690966420699217,1.0444595992696988,-0.0032338617669525906,0.003661425826921686,0.0
-0.24157525501869057,1.022075596779368,1.1218397520929628,-0.00750930155601513,0.007135024497203243,0.0
-0.4283790824060447,0.7823508066449827,1.042952392662126,-0.011085057700051176,0.013307275023708182,0.0
-0.6557322839188179,0.7444797265429025,1.0982620256066313,-0.015219106221094228,0.016526891779753524,0.0
-0.8481576329509226,0.42810249767610326,0.9612208078145901,-0.008984761072912963,0.016327827621444517,0.0
-0.43431318970310545,0.8794955468031395,0.9787124155950165,-0.00908314908803958,0.01536782793574627,0.0
-0.3851302959432695,0.9632556892452382,1.2508097119410722,-0.0004349789020686867,0.012422145288501978,0.0
-0.4119246266598299,1.1047430552311517,1.2818737596200713,0.0,0.011500431066278164,0.0
-0.5568457879608454,0.896914916903615,1.1759621299365972,0.0,0.014904639234425487,0.0
-0.501670141832344,1.152788465880471,1.2634003158916236,-0.00208032045512939,0.016233712135823038,0.0
-0.384217489116553,1.0949194572448762,1.2859888939407833,-0.0016995547263702626,0.011399036215189466,0.0
-0.1352250587069537,0.9978467144521146,1.3274711342528738,-0.0006791100401996259,0.007891453133798252,0.0
-0.13216662127191547,1.0679839452595885,1.2418232775477178,-0.0006562326625136635,0.0013759858278551593,0.0
-0.018248381014945303,0.8963354389119136,1.3809850006941315,0.0,0.0030027139224123468,0.0
-0.19577810947050056,0.8998098822160715,1.407839900567255,-0.00038937259952508726,0.005766268403673959,0.0
-0.35697943410074007,0.8952183980753368,1.1963685221789944,-0.0018801188134395096,0.009454022224144768,0.0
-0.48962230674203766,0.9737133870247993,1.2079030896503746,-0.0025207354432344904,0.0145862907092482,0.0
-0.711006870663028,1.1418324644987803,1.1623972048800162,-0.004646172691352895,0.016011395071271067,0.0
-0.42778487568200896,1.238553862231026,1.073232714645619,-0.0029376621300957954,0.016162335770557604,0.0
-0.32154501635676,1.3653037173835052,1.0979160120062548,-0.0016336790930958304,0.015236585408935174,0.0
-0.46796641111376147,1.3258012649932134,0.9901746339137745,0.0,0.009182095004839555,0.0
-0.2681768790319589,1.4263248388810443,1.0571203000678548,0.0,0.004274910424017434,0.0
-0.07185437831076338,1.4761810985263495,1.069404386098873,0.0,0.004611100006933888,0.0
-0.050370834476957574,0.9860004587851986,1.0191519030636276,0.0,0.0026081824757712814,0.0
-0.15536011296423627,1.0024163835863846,1.0633445272555755,0.0,0.0006686762542094831,0.0
-0.21233667410843146,0.8432177843685451,1.0201240727437388,-0.0006577293805221022,0.008886978856319012,0.0
-0.7111574419515447,0.4643827981287353,0.9344402465514368,-0.008144580798798672,0.01436850654029274,0.0
-0.833461224356099,0.5707531734439779,0.9862909974427474,-0.0188966233224271,0.019278804365648446,0.0
-0.6631118672540793,0.47882276593362444,0.8264684206173116,-0.016053537913676693,0.01895970071768676,0.0
-0.620766556521964,0.5053336929834077,0.8071340200117912,-0.008277090045812048,0.014391353094828368,0.0
-0.4599365044630709,0.8371378894825352,0.8966503251848333,-0.004483659599145849,0.008360206537889284,0.0
-0.21322493386516891,0.8536190832428362,1.0237376378795238,0.0,0.006308699949510691,0.0
-0.31412556966905464,1.2316570829776585,1.0853299572300816,0.0,0.0033308502166957965,0.0
-0.24896679671343605,0.8780038635453442,1.0862425279538699,0.0,0.005090191801689702,0.0
-0.10532326239807041,1.0075805234868946,1.0619991927964598,0.0,0.0022363889599166112,0.0
-0.04413605216108814,0.8821336909166521,1.010929320250811,0.0,0.003664931323829672,0.0
-0.17695949643795503,0.7548782185574241,0.9456378674942092,-0.002573464789191391,0.004218515598354027,0.0
-0.22163785076989204,0.7973723145831948,1.0236227808420377,-0.007539502997286661,0.004011919149788318,0.0
-0.22876421261143323,0.48491351303268554,1.0379815209493521,-0.006867446691327665,0.008725380036137929,0.0
-0.3803279974598894,0.47576646298719255,1.0683374011383262,-0.006495278956283428,0.011978090753591946,0.0
-0.47027962145130264,0.6961165373537762,1.2418473848050535,-0.005396482511440591,0.009823235726552726,0.0
-0.43923562618752826,0.607952962521592,1.2746176688502122,-0.004774069269514581,0.0066957633543862,0.0
-0.13909052713203762,0.6069792434102754,1.4096903055919232,-0.00025378763819794865,0.0037744335890095315,0.0
-0.0513672914986298,1.1549478787936227,1.3816050971520468,0.0,0.0,0.0
0.0,1.016847530155842,1.473458729941602,0.0,0.0,0.0
0.0,1.0528613325988379,1.449410128797759,0.0,0.0,0.0
0.0,1.1539039727123748,1.362908153923259,-0.0007287907091249491,0.0,0.0
0.0,0.7932885619116876,1.322610148771426,-0.0006795204042893141,0.0006153778182541123,0.0
-0.13350289618463915,0.9679795661076431,1.3332409544437085,-0.005893091817766024,0.001018292387914513,0.0
-0.20171036854908664,0.7447854130244476,1.2757456357134378,-0.006336946087202365,0.0036512409997188056,0.0
-0.2058896265129071,0.7008918170931651,1.3720465197844383,-0.0046134834626514794,0.007256532116478328,0.0
-0.10734581193037232,0.743804178301213,1.5652176039708459,-0.005332413097031015,0.006336541191365216,0.0
-0.03477279564088446,0.8300161830027392,1.4781953689271776,-0.006511189580604433,0.0012269283298337904,0.0
-0.052436874614760334,0.86643121676211,1.4387337472021835,-0.0030101308686341505,0.0,0.0
0.0,0.9308812641944681,1.616743161668722,-6.0262146509726626e-05,0.0,0.0
0.0,1.0823943138878418,1.56214568118356,0.0,0.0,0.0
0.0,0.8643553693189109,1.4141348831456366,0.0,0.0,0.0
-0.0609618214958184,0.8550036720115342,1.404296294596083,-0.00657719852642904,0.004388398151164894,0.0
-0.24926242978195606,0.5731445430002868,1.3005728851962135,-0.007326694393205195,0.009229778260048343,0.0
-0.30586071632115824,0.5566663205569226,1.473957826336012,-0.006875524950488636,0.007468368134948229,0.0
-0.40676990104802213,0.7591158123206648,1.463962163525072,-0.008864858966185205,0.008111604086179478,0.0
-0.5903350574607765,0.6562029770023068,1.4694636691525818,-0.005148642711274786,0.005114171401929577,0.0
-0.2934474005022625,0.6943560286443156,1.4312363255448068,-0.0035964284247953665,0.007414370387028649,0.0
-0.3526743709361027,0.9620712289806977,1.4294386199961722,-0.0038897256134632166,0.004768308088281535,0.0
-0.12311661956738489,0.7669293062284772,1.3920103362450287,0.0,0.005628518702751691,0.0
-0.12865130749373144,1.0748122092220345,1.4253312695359204,-0.0021100282749107074,0.001144468481310885,0.0
0.0,0.9070528870157475,1.3867266107873586,0.0,0.0,0.0
0.0,1.1896779806948738,1.3424448071464465,0.0,0.0,0.0
0.0,1.2423441673028481,1.1819173038224327,0.0,0.0,0.0
0.0,1.023623688335213,1.097921260656439,0.0,0.0,0.0
0.0,0.9395009642959087,1.1198045780168073,0.0,0.0,0.0
-0.18831076086635615,0.8141914740169719,1.1494620810569698,-0.0010722618822572153,0.003822587936109483,0.0
-0.4250262337036932,0.7034221327100622,1.3672241720164968,-0.0023428152235484144,0.005404082143092772,0.0
0.0,1.0767575217926868,1.239555334463247,0.0,0.001197487023297067,0.0
0.0,1.021693176551532,1.1400824788003958,0.0,0.0,0.0
0.0,1.2522839950557203,1.3114396202056653,0.0,0.0,0.0
0.0,1.0810360225909421,1.2684687038156508,0.0,0.0,0.0
-0.007139521550608892,0.8684095160714685,1.1456060293474535,-0.0007776366739208935,0.0,0.0
-0.00443646809922339,0.7862815714320239,1.2450981273651132,-0.0004451521327898276,0.0,0.0
-0.19617839496568196,0.7673362850100531,1.3212581728067507,-0.0005573926095357197,0.0,0.0
-0.38730906035233426,0.8173654335538549,1.223535242848898,-0.008138675962446497,0.0,0.0
-0.34234386722829746,0.46486772258891385,1.1786424563351976,-0.00794062264122453,0.004846455183372593,0.0
-0.4648018461829392,0.3695235674933741,1.0645348825561725,-0.008815446558549907,0.006459334339072612,0.0
-0.5173269985070073,0.3334449744301615,1.1219791609123364,-0.0050245862714439135,0.004878087926619352,0.0
-0.4370267600003065,0.8186608911798314,1.183613779806192,-0.003393857388075587,0.0004570896724678753,0.0
-0.24826705437580854,0.906684515038464,1.1030500114591915,0.0,0.0,0.0
-0.16690075089869658,1.005686413098137,1.1148391666871347,0.0,0.0,0.0
0.0,1.2340845673662075,1.2118545401860414,0.0,0.0,0.0
-0.01777210391726073,1.4555595655876377,1.0594808695738895,0.0,0.0,0.0
0.0,1.3831019802075806,0.958956116547132,0.0,0.0,0.0
0.0,1.3500971084737512,1.0693625743291257,0.0,0.0,0.0
-0.03695808751748581,1.0547208988982253,1.0205331882941653,0.0,0.0,0.0
-0.4807215671386785,0.8099166030728725,0.9488024184640184,-0.0002836963949900834,0.0006256746682765347,0.0
-0.6654504275208586,0.8526884167939073,1.113616089976124,-0.0024085122351900938,0.002649866600058907,0.0
-0.5461483729299415,0.6575245580657645,0.976975820304505,-0.0017914677833564825,0.007621072847827592,0.0
-0.7226385237244342,0.7141001566171641,1.0111609877969328,-8.345041757975587e-06,0.0030967305991503346,0.0
-0.5579085991972782,0.9969561447748092,1.1052236402815923,-0.00010167614358410138,0.0027868284397213295,0.0
-0.5794799145455429,0.9969848406416126,0.9346949477140305,0.0,0.001299789222384286,0.0
-0.23595129634611248,0.9951407539987152,0.8948524278707504,0.0,0.0016368678380162542,0.0
-0.21907524156097172,1.1843249093867296,0.9975876669071827,0.0,0.0,0.0
-0.2874829277465488,1.1955967658702629,0.934758094752248,0.0,0.0003174331775793924,0.0
-0.46173174494048475,1.3731839238355814,0.9764511315534691,0.0,0.0007904486318802215,0.0
-0.6990962813940131,1.3057040811380771,0.9261074198232432,0.0,0.004379957179731074,0.0
-0.6692167450146691,0.920060490690169,0.9460236080783314,0.0,0.012054831103157262,0.0
-0.9102464275198157,1.1289581410613718,0.9374187278029155,0.0,0.010432876503057343,0.0
-0.9730630990147434,1.2315556152617035,1.0374653394953743,0.0,0.00965613581736037,0.0
-0.6023766703693358,1.5682395723930813,1.0334536156532887,0.0,0.007708816682683088,0.0
-0.6189462163648634,1.9094458575957247,1.2307912098700946,0.0,0.001152528482483181,0.0
-0.40193003342928346,1.827451388307464,1.092564691458839,0.0,0.00471682846307482,0.0
-0.5061193350889573,2.179330226281258,1.0694772009417255,0.0,0.0027508778398340713,0.0
-0.41239356592602244,2.3501273784162016,1.131571051787669,0.0,0.0018656232835041974,0.0
-0.3506418648524122,1.9549218896195981,1.0384138595908383,0.0,0.00021998818546112845,0.0
-0.3289886389672142,2.355437537689882,1.2938738708699071,0.0,0.0,0.0
-0.5666172535646585,2.134293182025063,1.2355771598459664,0.0,0.004120492759166304,0.0
-0.8054950299725245,1.3752108398771064,1.2997769563365718,0.0,0.010797114989076213,0.0
-0.851046845288427,1.1951432085978086,1.3134285987054293,0.0,0.019363996986780766,0.0
-1.0411852018883814,1.3078328559987058,1.276795642820775,0.0,0.014564674853759221,0.0
-0.8757875019892399,1.07990578963959,1.1681047201655836,0.0,0.013458788709790167,0.0
-0.9487259804414503,1.2495422615729823,1.1526213037124928,0.0,0.008854180951038095,0.0
-0.7938274188349107,1.120494409995219,1.0556923130441462,0.0,0.007055987078123399,0.0
-0.588188164176558,1.1561379645309424,1.1583423047174424,0.0,0.006101129723471016,0.0
-0.5489094944780475,1.1729545492145306,0.8520171140747893,0.0,0.007156721765064167,0.0
-0.3633530421680121,1.535510775604519,0.8421371289596568,0.0,0.0006255548809213972,0.0
-0.31605533173003597,1.606599982158027,0.9019994411875615,0.0,0.0,0.0
-0.5065452420678185,1.2666108469418795,0.8129651276406514,0.0,0.0005088887427710843,0.0
-0.690807277632835,1.191363689916417,0.8914755702457601,0.0,0.0050894503515963785,0.0
-1.131483134386829,1.0515670702094309,0.9614249871340883,0.0,0.009139733422561832,0.0
-1.1197771049810867,1.0617353503759648,0.8880222035507337,0.0,0.01046460806297224,0.0
-0.9670761081371593,0.9446351517741964,0.9981708970407832,0.0,0.010967190498579011,0.0
-0.8694721139872186,0.8853105297116299,1.0039493813979177,0.0,0.006289158558892347,0.0
-0.9023621293967988,1.2238695588330228,1.1140093508838298,0.0,0.004752408498123924,0.0
-0.7663283572837114,1.4774023870836903,1.037501880901032,0.0,0.00423390533805488,0.0
-0.6735139341366339,1.3831731938870964,1.141109656836474,0.0,0.004659795214655456,0.0
-0.5770581467885142,1.3948547913598186,0.993063620101959,0.0,0.0018213651559758164,0.0
-0.48576003905880566,1.467039606199152,1.1604865888366689,0.0,0.0,0.0
-0.654402368502957,1.129564063713787,1.1449805994823457,0.0,0.002274895518783371,0.0
-0.7814552161271122,1.2565923401133599,0.9723747658876732,0.0,0.005053978179905074,0.0
-0.9334492223527381,1.34881756044716,1.113367812386715,0.0,0.00399499435755198,0.0
-0.9071137857002111,1.4503049994395323,1.0256189665651256,0.0,0.008046066942338448,0.0
-0.8104157736221145,1.4194453978163204,0.9381131176318626,0.0,0.008943550567009018,0.0
-0.69390918314912,1.4644759393782114,1.0046812253903146,0.0,0.00478335838428603,0.0
-0.5445440237983329,1.5745875336158175,1.0633869456817284,0.0,0.0004756114117819126,0.0
-0.36015849539565165,1.8027106627216156,1.148810025765726,0.0,0.0,0.0
-0.05691599841159802,1.5983034898836415,1.2995622254606365,0.0,0.0,0.0
-0.03330303482457987,1.5120516951515408,1.218290940093584,0.0,0.0,0.0
-0.13205999544125974,1.4441688981113958,1.0587218893206496,0.0,0.0,0.0
-0.30922525001454515,0.9915312000051737,1.1791699651442626,0.0,0.0014873475034354918,0.0
-0.4350396882651163,0.7549873458886543,1.1036002446580415,-8.382002115802318e-05,0.006996596007857972,0.0
-0.805713958118121,0.9248797014905572,1.1955385990599205,0.0,0.004341926951449809,0.0
-0.44036921776983806,0.8473445301753445,1.073703164192122,0.0,0.011499929884570857,0.0
-0.6704890329186796,0.9276281997206821,1.0990917990893765,0.0,0.009144585299107706,0.0
-0.8412811558745247,0.8410986659059343,1.0192713351788623,0.0,0.007672921933364399,0.0
-0.7391369815091189,0.8912839734479242,0.9655808084400366,0.0,0.008871855453619322,0.0
-0.8403354272662886,1.3130174194612747,1.1739273733910955,0.0,0.0034145364972832126,0.0
-0.48962316999257355,1.238478314223339,0.8902742814432159,0.0,0.0028719302770431705,0.0
-0.3238763373879067,1.5397526230296306,0.87159736801174,0.0,0.0005963965791343701,0.0
-0.3683737289060491,1.7899230103892019,1.09796066885986,0.0,0.0,0.0
-0.5324987617718859,1.5984968396817332,1.0716612071103306,0.0,0.001247958167904999,0.0
-0.8273173860234238,1.4297747087708381,0.8773421530883011,0.0,0.003630792370061678,0.0
-0.9485391815935957,1.1753505747987505,0.8699891287379653,0.0,0.011459447761190742,0.0
-1.2908170674525694,1.075073728887151,0.9172972107731464,0.0,0.01534265510104492,0.0
-1.5416771329122922,0.9886282943858526,0.8765247889389084,0.0,0.017880513658243457,0.0
-1.4629913779621242,1.0939699077323417,0.8808188857503361,0.0,0.018425779005368046,0.0
-1.3963377046935537,1.0238713935469608,0.8764308578437829,0.0,0.01529235760862035,0.0
-1.247187125681578,1.5706754195657004,1.0260576708477616,0.0,0.010403989370127594,0.0
-1.165868303763515,1.3252355145088883,1.0159465419908953,0.0,0.01081571803675057,0.0
-1.2698337176470365,1.0155747733657696,0.83918297290515,0.0,0.01477341319161185,0.0
-1.3858332034139722,1.4072286564849208,0.8880562111809864,0.0,0.018408754250980933,0.0
-1.445452307023757,1.3119631627178339,0.9085444076922788,0.0,0.01751628786937432,0.0
-1.6391984380298765,1.3314553719297597,0.9419156654861146,0.0,0.021147356091889002,-0.0017154698193027943
-1.8723792865867015,1.2211700232675808,1.028930702958057,0.0,0.019637018386501122,-0.0010376243348476828
-1.7551133245927049,1.0081812312083493,0.9004143971205835,0.0,0.02775433127215181,0.0
-1.8187733210648134,1.0228854120417146,0.79568276029697,0.0,0.025477050000234223,-0.001990565305625163
-1.8889842197735096,0.9188406205858147,0.8990451055227402,0.0,0.024560005852019236,-0.0007515056693739355
-1.895008468309681,0.9169749792928117,0.9233712653767616,0.0,0.026589142693068453,0.0
-1.621014737646345,1.3993756253870642,1.090061344070115,0.0,0.022803323577299618,-0.00023199166112175583
-1.3740590824694523,1.2784653603668974,1.0603693457411514,0.0,0.019144663687593412,-0.0003870744467562614
-1.4161195678778158,1.3115711058535133,1.0034917969780488,0.0,0.019149170638605058,-0.0012457067445099685
-1.181254995978795,1.615895116766725,1.0846390633104344,0.0,0.018130900256979592,-0.0030354220290431744
-1.286721285890002,1.7516064893734042,1.1180666964154355,0.0,0.012448992349655033,-0.0032230737903377943
-1.1132159835599573,1.344073781023519,1.1367826692458436,0.0,0.01752939166604121,-0.0029675775116821002
-1.3564371444283423,1.5637018785240737,0.9283154441933961,0.0,0.016456247514442135,-0.0026341962039598023
-1.1514341010755706,1.4874190420949165,1.024293763214153,0.0,0.019399573231768708,-0.0022019533772562197
-1.2814281170274877,1.4984675384385056,1.1495125800674157,0.0,0.018703131503563265,-0.0022171122335750914
-1.291318102555773,1.7116144559325366,1.0113831319126396,0.0,0.022561404655002965,-0.0009612929982209467
-1.5109251316582628,1.308760555496772,0.9400948362095483,0.0,0.023570897091852398,0.0
-1.7369874208835394,1.391650618387913,0.993013108892454,0.0,0.027243064720129283,-0.00025338175189419345
-1.700900625116105,1.15230105456713,0.9207081472944699,0.0,0.031160706594332822,-0.0011390445274681673
-1.3606144081565958,0.9334830850237175,0.9286268438348209,0.0,0.027084624565534714,0.0
-1.1105985039163568,1.5653666754055764,0.9529884799708576,0.0,0.018688584106314257,0.0
-1.0408179267968147,1.6894464605959332,0.9668376815663471,0.0,0.012638251364146851,0.0
-0.7778688790365781,1.360284761094347,0.7723949484716247,0.0,0.013202539122721771,0.0
-0.7112810965912743,1.4709698356137197,0.8692867684686905,0.0,0.012077358225915064,-0.0012006994215070514
-0.7755838070966041,1.6474028851021696,0.8061543871429848,0.0,0.008004819608441977,0.0
-0.4529392619536064,1.1659310034763348,0.7919250542844367,0.0,0.010172081370744605,0.0
-0.6538750471948969,1.1168653994777802,0.7007192456539405,0.0,0.005940408243677607,0.0
-0.5167989610595702,0.9903567110200292,0.7774079233791602,0.0,0.010881063415318477,0.0
-0.6539554616122017,1.0449413430405743,0.8266011937963856,0.0,0.009704683815704341,0.0
-0.5302452761341537,0.7279458019026687,0.9239193084216861,0.0,0.014741056300052896,0.0
-0.5709530255790918,0.610632483227177,0.8391286858174338,0.0,0.014943051576327998,0.0
-0.9358042550715261,0.8355438070880069,0.9526844338633159,0.0,0.008728589568224521,0.0
-0.5580716829046909,0.8228928165095789,0.9836103851041231,0.0,0.010912245814590467,0.0
-0.3352515599227489,0.7009940433557419,0.895993529532918,0.0,0.006591007812791219,0.0
-0.022907691961163934,0.6198474240503156,0.9994301598582315,0.0,0.0020916348849118406,0.0
-0.022907691961163934,0.6198474240503156,0.9994301598582315,0.0,0.0020916348849118406,0.0
-0.1512335700885103,0.7178804789520746,0.9489124387551817,0.0,0.002467028247832387,0.0
-0.35218490966053106,1.0602832889369516,0.943231827420368,0.0,0.004214124492367773,0.0
-0.35218490966053106,1.0602832889369516,0.943231827420368,0.0,0.004214124492367773,0.0
-0.48175517793263334,0.8561270212644455,1.019138936168358,0.0,0.007076102213882258,0.0
-0.7893377918901114,0.8018669248062793,1.0426975207573457,0.0,0.006069220229798998,0.0
-0.6965711807934809,0.8144334074848402,1.0434908302042494,0.0,0.009726610696032891,0.0
-0.6976995283511523,0.8080111334656317,1.1719625560913671,0.0,0.009745921683134599,0.0
-0.7926112890866119,0.9736758954873486,1.0949490815691232,0.0,0.007968807436137326,0.0
-0.647129071068274,0.8678061876572322,1.134331834414273,0.0,0.008547441388534749,0.0
-0.49944676459082515,0.8825585296981282,1.094223442769489,0.0,0.012075007230251329,0.0
-0.4716390070153972,0.9936812612153123,1.0810235828732817,0.0,0.010269860157623352,0.0
-0.4181781603193899,1.258479639332128,1.1086728762770046,0.0,0.005131684060548469,0.0
-0.42232568094009554,1.1056293006223041,1.0361197080753475,0.0,0.0007462643935114209,0.0
-0.4713246988483807,1.023315374939728,0.938681497459655,0.0,0.0020430634299622567,0.0
-0.6645013063484924,1.0428569768522267,0.8437120948631616,0.0,0.005731248398556802,0.0
-0.8125711693915181,0.806671477667914,0.8594034515654206,0.0,0.01034492322656622,0.0
-1.1357835278358654,1.0119336531856773,0.7152473182912338,0.0,0.01059878446577432,0.0
-1.1767356121214312,0.769607316970425,0.8341447474316723,0.0,0.01643968859188611,0.0
-1.0812287828966234,0.8244328827709448,0.7943654043576189,0.0,0.014581725446223983,0.0
-1.089790337684256,0.591674399154637,0.7415051612826042,0.0,0.013467121522630202,0.0
-1.1827131989738953,0.7276653088070953,0.7314983601007998,0.0,0.016309154607793842,0.0
-1.2476233526073435,0.8408975517950502,0.7777222465214834,0.0,0.016057774985631885,0.0
-1.1244322225672763,0.5024272104116315,0.727444081034502,0.0,0.013435101209285826,0.0
-0.9825296548502802,0.4669489579839678,0.5611359197792938,0.0,0.012188981179303298,0.0
-0.5742133119779447,0.6026811682354037,0.6107293469529897,0.0,0.007838296174832763,0.0
-0.48946911195242365,0.7203235463981202,0.626111484194382,0.0,0.0009712857597817275,-0.0019412195405652676
-0.3000713498207236,0.8570106907447261,0.4200593468791742,0.0,0.0,-0.0005640017728488347
-0.18410316035161028,0.9131403061330298,0.5749854694846166,0.0,0.0,-0.0011125626954059825
-0.2716035183781971,0.9770601421394352,0.440135929447769,0.0,0.0,-0.002863304088831023
-0.3160998600861931,0.8634163448039122,0.3248513334520102,0.0,0.0,-0.00471106174243333
-0.3382050332031448,0.5512811143471847,0.1865379241511579,0.0,0.00035903520105818297,-0.0019319792592607805
-0.22637946376411602,0.840824607524285,0.26332735000685026,0.0,0.0,-0.0031147963424281683
-0.05077693712473587,0.8691865960059785,0.35847842462218005,0.0,0.0,-0.0029884019412978542
-0.10298761142272354,0.6553291407548845,0.2532389945928465,0.0,0.0,-0.005699827111920515
-0.07171603881621041,0.4142965541215342,0.23806768044953058,0.0,0.0,-0.006322770292447278
-0.12171527791035326,0.44262599433274163,0.2503183935517962,0.0,0.0,-0.0024823778023853734
-0.18515376476720094,0.21186694300006725,0.3961743962817091,0.0,0.00021319366176747456,-0.004768953770616603
-0.028690777734817992,0.0,0.3362603722858436,0.0,0.003135756128430954,-0.003967711371789855
-0.20019529401433694,0.10397019642844155,0.44577356007784263,0.0,0.0,-0.00457141104683193
0.0,0.1720686790347754,0.4430890463955334,0.0,0.0,-0.006168371350587526
0.0,0.1151071808310123,0.4245305925971685,0.0,0.0,-0.004524081038683327
0.0,0.0666130510732687,0.280029026794623,0.0,0.0,-0.0036583942547635485
0.0,0.1957546013899683,0.36982481745526496,0.0,0.0,-0.0012182636117412432
0.0,0.007773856562802643,0.1817859590936289,0.0,0.0,-0.0051949289239842005
0.0,0.19615697543760643,0.2060573620604475,0.0,0.0,-0.003828094245898663
0.0,0.016828737512403064,0.2556475885104065,0.0,0.0,-0.004582782020670033
-0.08026562543124213,0.0,0.29238807005972267,0.0,0.0,-0.006971170414546278
0.0,0.11144746148055636,0.23051420653799787,0.0,0.0,-0.003016241255065109
0.0,0.04588787082062603,0.38511514803372887,0.0,0.0,-0.004064006368470848
0.0,0.0,0.3752784001611482,0.0,0.0,-0.0027627273677169524
0.0,0.0,0.3136760890029817,0.0,0.0,-0.005164573324335251
0.0,0.0,0.29296081923524364,0.0,0.0,-0.005072761802915075
0.0,0.1268481335079973,0.46678004138120616,0.0,0.0,-0.005577006271712178
0.0,0.032462313276024606,0.37013835117308586,0.0,0.0,-0.003992130458419223
0.0,0.0,0.2707531827456126,0.0,0.0,-0.0026287222910865624
-0.06650238232665447,0.04373434430996353,0.20937374187105595,0.0,0.0,-0.005440277832531235
-0.05305074502009895,0.155229907408893,0.24045786881331416,0.0,0.0,-0.0037726989490796856
0.0,0.04859547218768898,0.27461075336502544,0.0,0.0,-0.005005224720342855
-0.030597151126670462,0.06456183287785834,0.1123943893482496,0.0,0.0,-0.004510185427528313
-0.0010374105190928628,0.26062633696718307,0.0998356450365248,0.0,0.0,-0.006133101121003291
-0.15681492533437025,0.15151345784084339,0.1424896583278377,0.0002442112436629978,0.0,-0.0029530803902967934
0.0,0.13854261387049768,0.10271609621026274,0.0006610395679383564,0.0,-0.0037520167830175886
-0.19266294443494586,0.20837845078291967,0.0,0.0,0.0,-0.004587216991568022
-0.2597680223739567,0.1345395679209031,0.14256230526943714,0.0,0.001444432196628659,-0.005928334435573441
-0.29819208719832924,0.0,0.13393871666106322,0.0,0.006876473360570129,-0.0035151254085041216
-0.6634202900999335,0.028382705110482014,0.09957309493890504,0.0,0.007734222703910404,-0.008270632677390184
-0.5946445844750067,0.0,0.06714391843301279,0.0,0.009516600552985697,-0.005536452108484487
-0.6401032721628053,0.0,0.15289215248569496,0.0,0.006579298313549449,-0.006016937568482593
-0.3834445272581717,0.0,0.11375219946579532,0.0,0.005438124870827584,-0.005387197903424861
-0.22849761582233108,0.0,0.10115123833633162,0.0,0.003973240249840847,-0.007456660726401452
-0.2325688082892609,0.0,0.044138070239617896,0.0,0.0026783779699067933,-0.004329189437036098
-0.2992019408135194,0.0,0.0,0.0,0.001370378087101192,-0.008994696091943699
-0.40538977847419444,0.0,0.0646478553638792,0.0,0.00041845711259523317,-0.008064883154657155
-0.2571453023966914,0.0,0.026408310268468137,0.0,0.0031571925059342048,-0.010519453228447355
-0.366050286798093,0.0,0.051194001635598486,0.0,0.0006514640727947001,-0.009970955457216865
-0.13273691942941596,0.0,0.04562247069688776,0.0,0.0007789944167450371,-0.010535250828589653
-0.17709726523122485,0.0,0.0655605603939403,0.0,0.0,-0.009770428880701029
0.0,0.0,0.06406809323785298,0.0,0.0,-0.01049386389261309
0.0,0.0,0.18927151166087425,0.0,0.0,-0.008290040120584102
-0.07457281780496892,0.0,0.08184134148054055,0.0,0.0,-0.008880184161697054
-0.08195437645646528,0.0,0.07787160034531593,0.0,0.001227483952438166,-0.009325308068874456
-0.20365824502551746,0.0,0.07561688021129535,0.0,0.0,-0.00863357319501381
-0.10552886348325805,0.0,0.16200842629431905,0.0,0.0004316261233215786,-0.008536473242485255
0.0,0.0,0.10347730774912378,0.0,0.00036268999147531013,-0.006499291405847133
0.0,0.0,0.12509389042536795,0.0,0.0,-0.007278558717748501
0.0,0.0,0.1634226087736763,0.0,0.0,-0.006786512445957812
0.0,0.0,0.21799471616278338,0.0,0.0,-0.0046467286095140175
0.0,0.0,0.203743557140906,0.0,0.0,-0.008111456713582937
0.0,0.0,0.16144877164145485,0.0,0.0,-0.006442405880762711
0.0,0.0,0.10882272912365706,0.0,0.0,-0.008558433566901422
0.0,0.0,0.06392687789331206,0.0,0.0,-0.0068779357706008366
0.0,0.0,0.0,0.0,0.0,-0.003133680320668268
0.0,0.0,0.0,0.0,0.0,-0.005119797040909866
0.0,0.0,0.0,0.0,0.0,-0.003039733178614513
0.0,0.0,0.0,0.0,0.0,-0.002977864255545774
0.0,0.0,0.0,0.0,0.0,-0.00277342625851071
0.0,0.0,0.0,0.0,0.0,-0.0027044715929120658
0.0,0.0,0.0,0.0,0.0,-0.0014047779579840064
0.0,0.0,0.0,0.0,0.0,-0.00044317871793060035
0.0,0.0,0.0,0.0,0.0,-0.000957876716321517
0.0,0.0,0.0,0.0,0.0,-0.00011335221280662038
0.0,0.0,0.0,0.0,0.0,-0.0006230657102027986
0,0,0,0,0,0
0,0,0,0,0,0
0,0,0,0,0,0
0,0,0,0,0,0
0,0,0,0,0,0
0,0,0,0,0,0
0,0,0,0,0,0
0,0,0,0,0,0
0,0,0,0,0,0
0,0,0,0,0,0
0,0,0,0,0,0
0,0,0,0,0,0
0,0,0,0,0,0
0,0,0,0,0,0
0,0,0,0,0,0
0,0,0,0,0,0
-0.0045181493437019896,0.0,0.0,0.0,0.0,0.0
-0.011611134686645003,0.0,0.0,0.0,0.0,0.0
-0.020899311988526105,0.0,0.0,0.0,0.0,0.0
-0.1732148377220729,0.0,0.0,0.0,0.0,0.0
-0.1939901607604549,0.0,0.0,0.0,0.0,0.0
-0.008960898681629222,0.0,0.0,0.0,0.0,0.0
0.0,0.0,0.0,0.0,0.0,-0.0003861915880034772
0.0,0.0,0.0,0.0,0.0,-0.00015451926577895368
0.0,0.0,0.0,0.0,0.0,-0.0016829985692203772
0.0,0.0,0.0,0.0,0.0,-0.0003528573818687759
0.0,0.0,0.0,0.0,0.0,-0.0038145766204111795
0.0,0.0,0.0,0.0,0.0,-0.003419169777696874
0.0,0.0,0.0,0.0,0.0,-0.003968585948880409
0.0,0.0,0.0,0.0,0.0,-0.0021013232829122054
0.0,0.0,0.0,0.0,0.0,-0.004309095668835289
0.0,0.0,0.0,0.0,0.0,-0.004422851648809038
0.0,0.0,0.0,0.0,0.0,-0.0032752724967956568
0.0,0.0,0.0,0.0,0.0,-0.004530513390197959
0.0,0.0,0.0,-0.001634219649952487,0.0,-0.0035813977978369008
0.0,0.0,0.0,-0.001634219649952487,0.0,-0.0035813977978369008
0.0,0.0,0.0,-0.0033080684741656334,0.0,-0.0021997338749403213
0.0,0.0,0.0047235324850185756,-0.008410549248057267,0.0,-0.0010363450022091293
0.0,0.0,0.0,-0.01084899118109827,0.0,-0.0029356961755578476
0.0,0.0,0.0,-0.01338680726494878,0.0,-0.0010571602978233586
0.0,0.0,0.0,-0.006119159709521997,0.0,-0.00034094562580375836
0.0,0.0,0.0,-0.003707211404248488,0.0,-0.0010289465470998081
0.0,0.0,0.0,-0.005886149886970978,0.0,0.0
0.0,0.0,0.0,-0.005285130164444905,0.0,0.0
0.0,0.0,0.0,-0.0013696857084950897,0.0,0.0
0.0,0.0,0.0,-0.003586055695601268,0.0,0.0
0.0,0.0,0.0,-0.004199082592714289,0.0,0.0
0,0,0,0,0,0
0.0,0.0,0.0,-0.00449036673193411,0.0,0.0
0.0,0.0,0.0,-0.003984040688708739,0.0,0.0
0.0,0.0,0.0,-0.0057836806848371725,0.0,0.0
0.0,0.0,0.0,-0.005567095106315455,0.0,0.0
0.0,0.0,0.0,-0.008151280956478407,0.0,0.0
0.0,0.0,0.0,-0.00783071331444585,0.0,0.0
0.0,0.0,0.0,-0.007463794021244199,0.0,0.0
0.0,0.0,0.0,-0.011617975449069637,0.0,0.0
0.0,0.0,0.0,-0.015602897739361387,0.0,0.0
0.0,0.0,0.0,-0.01808565291281783,0.0,0.0
0.0,0.0,0.0,-0.02211122502075231,0.0,0.0
0.0,0.0,0.0,-0.016676867503028527,0.0,0.0
0.0,0.0,0.0,-0.02282509893070047,0.0,0.0
0.0,0.0,0.0,-0.019779200385990577,0.0,0.0
0.0,0.0,0.0,-0.025136023896053905,0.0,0.0
0.0,0.0,0.0,-0.016829567623515212,0.0,0.0
0.0,0.0,0.0,-0.018141474018046812,0.0,0.0
0.0,0.0,0.0,-0.020570030839397156,0.0,0.0
0.0,0.0,0.0,-0.020001209783190643,0.0,0.0
0.0,0.0,0.0,-0.016546372130432037,0.0,0.0
0.0,0.0,0.0,-0.01668388520493299,0.0,0.0
0.0,0.0,0.0,-0.013258853575991164,0.0,0.0
0.0,0.0,0.0,-0.013831943995778978,0.0,0.0
0.0,0.0,0.0,-0.012620979488873557,0.0,0.0
0.0,0.0,0.0,-0.01625495231035349,0.0,0.0
0.0,0.0,0.0,-0.01769490828094932,0.0,0.0
0.0,0.0,0.0,-0.02149771611735272,0.0,0.0
0.0,0.0,0.0,-0.020384136685031702,0.0,0.0
0.0,0.0,0.0,-0.020973750716454513,0.0,0.0
0.0,0.0,0.0,-0.02275965999429003,0.0,0.0
0.0,0.0,0.0,-0.01943079872657986,0.0,0.0
0.0,0.0,0.0,-0.01823406791791725,0.0,0.0
0.0,0.0,0.0,-0.02493917650955023,0.0,0.0
0.0,0.0,0.0,-0.022614875271986558,0.0,0.0
0.0,0.0,0.0,-0.03411951175052859,0.0,0.0
0.0,0.0,0.0,-0.028960139388609495,0.0,0.0
0.0,0.0,0.0,-0.029838717513159436,0.0,0.0
0.0,0.0,0.0,-0.020678949343751758,0.0,0.0
0.0,0.0,0.0,-0.017061476944517512,0.0,0.0
0.0,0.0,0.0,-0.018807840464289592,0.0,0.0
0.0,0.0,0.0,-0.017067621974759736,0.0,0.0
0.0,0.0,0.0,-0.017720434310663943,0.0,0.0
0.0,0.0,0.0,-0.019609018579493456,0.0,0.0
0.0,0.0,0.0,-0.021229592716365243,0.0,0.0
0.0,0.0,0.0,-0.019978553899379813,0.0,-6.475597321822099e-06
0.0,0.0,0.0,-0.017505723445071578,0.0,-0.00043229773756817467
0.0,0.0,0.0,-0.015458607387013967,0.0,-0.0015091255690761445
0.0,0.0,0.0,-0.016783730756707145,0.0,-0.0018820541252943866
0.0,0.0,0.0,-0.017774572940090293,0.0,0.0
0.0,0.0,0.0,-0.017408049527732557,0.0,-0.0007173105951051771
0.0,0.0,0.0,-0.017800785071966807,0.0,-0.0012893321806262733
0.0,0.0,0.0,-0.0201756844311989,0.0,-0.001568893831656927
0.0,0.0,0.0,-0.018284617398168113,0.0,-0.0031114837608675634
0.0,0.0,0.0,-0.02023224130929729,0.0,-0.002567654916441865
0.0,0.0,0.0,-0.014827551687363749,0.0,0.0
0.0,0.0,0.0,-0.017073935726762572,0.0,-0.00045879853188521134
0.0,0.0,0.0,-0.016129612888356366,0.0,0.0
0.0,0.0,0.0,-0.02246940434095867,0.0,0.0
0.0,0.0,0.0,-0.02582226089025367,0.0,-6.5838166285161575e-06
0.0,0.0,0.0,-0.026906451417541454,0.0,-0.0014500900032426481
0.0,0.0,0.0,-0.023991577795671508,0.0,-6.212754203211525e-05
0.0,0.0,0.0,-0.024327606946194683,0.0,0.0
0.0,0.0,0.0,-0.02541869891487363,0.0,-0.0014361847363590114
0.0,0.0,0.0,-0.025642614122755793,0.0,0.0
0.0,0.0,0.0,-0.02570174028772663,0.0,0.0
0.0,0.0,0.0,-0.026182977795077934,0.0,-0.00090024931651272
0.0,0.0,0.0,-0.02790817586882674,0.0,0.0
0.0,0.0,0.0,-0.023341245769564044,0.0,0.0
0.0,0.0,0.0,-0.024661141062851836,0.0,-0.0005711054551965041
0.0,0.0,0.0,-0.022779188899759006,0.0,-0.0006519622097932349
0.0,0.0,0.0,-0.022699187304949027,0.0,0.0
0.0,0.0,0.0,-0.0233036419491748,0.0,0.0
0.0,0.0,0.0,-0.020003404139562402,0.0,-0.0003058134384750917
0.0,0.0,0.0,-0.028198286072100853,0.0,0.0
0.0,0.0,0.0,-0.023242386771997792,0.0,-0.0003685308477228941
0.0,0.0,0.0,-0.02841053419831858,0.0,0.0
0.0,0.0,0.0,-0.027480560185413637,0.0,0.0
0.0,0.0,0.0,-0.026881932262602742,0.0,-0.0011060860380511868
0.0,0.0,0.0,-0.029538901730280946,0.0,-0.00012552429588364575
0.0,0.0,0.0,-0.029231258242310217,0.0,-0.001331727359185574
0.0,0.0,0.0,-0.023425654303151185,0.0,-0.0005642250794832449
0.0,0.0,0.0,-0.021219799472977932,0.0,0.0
0.0,0.0,0.0,-0.02617537314858215,0.0,0.0
0.0,0.0,0.0,-0.02324356475551436,0.0,-0.0011012655026912735
0.0,0.0,0.0,-0.025412322220838657,0.0,-0.001803814730615932
0.0,0.0,0.0,-0.02850538725912747,0.0,-0.0006283265084459594
0.0,0.0,0.0,-0.028212463860820276,0.0,0.0
0.0,0.0,0.0,-0.021142292268797287,0.0,0.0
0.0,0.0,0.0,-0.022178572281114712,0.0,0.0
0.0,0.0,0.0,-0.02325456543464815,0.0,-0.00018464881844320835
0.0,0.0,0.0,-0.020895076080078196,0.0,-0.0011269532880742732
0.0,0.0,0.0,-0.02236452023667722,0.0,0.0
0.0,0.0,0.0,-0.02402436968316645,0.0,-0.00018237206812795383
0.0,0.0,0.0,-0.021946337990445586,0.0,0.0
0.0,0.0,0.0,-0.025955565790645944,0.0,0.0
0.0,0.0,0.0,-0.019219100592341963,0.0,0.0
0.0,0.0,0.0,-0.020941501521051266,0.0,0.0
0.0,0.0,0.0,-0.023439996872022244,0.0,0.0
0.0,0.0,0.0,-0.02013019532208092,0.0,-0.0007663640368267101
0.0,0.0,0.0,-0.02724573621602432,0.0,0.0
0.0,0.0,0.0,-0.01985646575847131,0.0,-0.0012287732889903198
0.0,0.0,0.0,-0.020916948830847857,0.0,0.0
0.0,0.0,0.0,-0.020676871916179937,0.0,0.0
0.0,0.0,0.0,-0.025676519226276433,0.0,0.0
0.0,0.0,0.0,-0.02300255247367652,0.0,0.0
0.0,0.0,0.0,-0.02491144218493801,0.0,0.0
0.0,0.0,0.0,-0.024986909275572664,0.0,0.0
0.0,0.0,0.0,-0.023982769415217122,0.0,0.0
0.0,0.0,0.0,-0.024416348512155323,0.0,0.0
0.0,0.0,0.0,-0.019327505241723296,0.0,-0.0007090009114787755
0.0,0.0,0.0,-0.02620341263968547,0.0,0.0
0.0,0.0,0.0,-0.021753905653418917,0.0,0.0
0.0,0.0,0.0,-0.023368066140815914,0.0,0.0
0.0,0.0,0.0,-0.028817165026677923,0.0,0.0
0.0,0.0,0.0,-0.028025991039422892,0.0,0.0
0.0,0.0,0.0,-0.024520854459888358,0.0,0.0
0.0,0.0,0.0,-0.026340928897943167,0.0,-0.000884790465007714
0.0,0.0,0.0,-0.020216820527488445,0.0,0.0
0.0,0.0,0.0,-0.025880477641412953,0.0,0.0
0.0,0.0,0.0,-0.023185815117673574,0.0,-0.0005324627565928602
0.0,0.0,0.0,-0.026165789589619858,0.0,0.0
0.0,0.0,0.0,-0.026608535969886153,0.0,0.0
0.0,0.0,0.0,-0.026234064554568358,0.0,-0.00023417204660204334
0.0,0.0,0.0,-0.026094020447073384,0.0,-0.0010872257806834747
0.0,0.0,0.0,-0.023501025394770413,0.0,0.0
0.0,0.0,0.0,-0.020132829946573852,0.0,-4.1676472243855856e-05
0.0,0.0,0.0,-0.019882162267578125,0.0,0.0
0.0,0.0,0.0,-0.024297649416844265,0.0,0.0
0.0,0.0,0.0,-0.021789708139449377,0.0,0.0
0.0,0.0,0.0,-0.021550041272762787,0.0,0.0
0.0,0.0,0.0,-0.022454722453345375,0.0,-2.439408912210002e-05
0.0,0.0,0.0,-0.02252123637267709,0.0,0.0
0.0,0.0,0.0,-0.019623906539406585,0.0,0.0
0.0,0.0,0.0,-0.016681885128281414,0.0,-9.767518680469564e-05
0.0,0.0,0.0,-0.020267239566258827,0.0,0.0
0.0,0.0,0.0,-0.01600996636722405,0.0,0.0
0.0,0.0,0.0,-0.01594889440084612,0.0,0.0
0.0,0.0,0.0,-0.018212717529268934,0.0,-0.0006522103107882411
0.0,0.0,0.0,-0.016839214352071263,0.0,0.0
0.0,0.0,0.0,-0.0216855278554103,0.0,0.0
0.0,0.0,0.0,-0.015127106224901465,0.0,0.0
0.0,0.0,0.0,-0.01871182189033143,0.0,0.0
0.0,0.0,0.0,-0.01478876099129843,0.0,0.0
0.0,0.0,0.0,-0.017942667904583553,0.0,0.0
0.0,0.0,0.0,-0.017128321233936268,0.0,0.0
0.0,0.0,0.0,-0.020454019129722282,0.0,0.0
0.0,0.0,0.0,-0.02054544815780995,0.0,0.0
0.0,0.0,0.0,-0.019178420703205173,0.0,0.0
0.0,0.0,0.0,-0.021275435023437813,0.0,0.0
0.0,0.0,0.0,-0.016833109366147604,0.0,0.0
0.0,0.0,0.0,-0.01672382170653649,0.0,0.0
0.0,0.0,0.0,-0.017946737501900217,0.0,0.0
0.0,0.0,0.0,-0.020993030070889235,0.0,0.0
0.0,0.0,0.0,-0.027968063979830437,0.0,0.0
0.0,0.0,0.0,-0.0189212218909731,0.0,0.0
0.0,0.0,0.0,-0.019985569705983246,0.0,0.0
0.0,0.0,0.0,-0.018215945603905277,0.0,0.0
0.0,0.0,0.0,-0.014496506339902243,0.0,0.0
0.0,0.0,0.0,-0.015479111396881079,0.0,0.0
0.0,0.0,0.0,-0.017062823197563387,0.0,0.0
0.0,0.0,0.0,-0.015810196205131705,0.0,0.0
0.0,0.0,0.0,-0.018191437789035352,0.0,0.0
0.0,0.0,0.0,-0.02177850055554544,0.0,0.0
0.0,0.0,0.0,-0.020914679467106907,0.0,-0.0003903772820859245
0.0,0.0,0.0,-0.01967428590569597,0.0,0.0
0.0,0.0,0.0,-0.017687885802619548,0.0,-5.08433554582015e-05
0.0,0.0,0.0,-0.016184953091194436,0.0,0.0
0.0,0.0,0.0,-0.016092864149196296,0.0,0.0
0.0,0.0,0.0,-0.014245391614418934,0.0,0.0
0.0,0.0,0.0,-0.02599437362113874,0.0,-0.00024168463261019026
0.0,0.0,0.0,-0.024368801133208353,0.0,-9.026316041551107e-05
0.0,0.0,0.0,-0.02156952779567353,0.0,0.0
0.0,0.0,0.0,-0.022550498834079485,0.0,0.0
0.0,0.0,0.0,-0.018094317803877442,0.0,-0.00044098211096667446
0.0,0.0,0.0,-0.018606996880295844,0.0,-0.0004149412241847946
0.0,0.0,0.0,-0.019538892130280584,0.0,0.0
0.0,0.0,0.0,-0.026220315194022674,0.0,-0.0005248401965530126
0.0,0.0,0.0,-0.027777209825977207,0.0,-0.00039418974051723973
0.0,0.0,0.0,-0.028536076490593826,0.0,-0.0021020524361268092
0.0,0.0,0.0,-0.0262715616842084,0.0,0.0
0.0,0.0,0.0,-0.02684638599399658,0.0,-0.0014068099851458913
0.0,0.0,0.0,-0.022214781648962307,0.0,0.0
0.0,0.0,0.0,-0.02536529644753101,0.0,0.0
0.0,0.0,0.0,-0.022225483155258394,0.0,-3.532836527754928e-05
0.0,0.0,0.0,-0.02546779580151152,0.0,-0.001967827891248
0.0,0.0,0.0,-0.022170257038714603,0.0,-2.6781738130784786e-05
0.0,0.0,0.0,-0.024727990422519407,0.0,-0.001517399275715712
0.0,0.0,0.0,-0.023246083633069133,0.0,-0.000401348671313726
0.0,0.0,0.0,-0.018437506723834783,0.0,0.0
0.0,0.0,0.0,-0.023019928641408276,0.0,0.0
0.0,0.0,0.0,-0.020413786027337802,0.0,0.0
0.0,0.0,0.0,-0.02227688341498279,0.0,0.0
0.0,0.0,0.0,-0.014414178456799726,0.0,0.0
0.0,0.0,0.0,-0.0208780895445084,0.0,0.0
0.0,0.0,0.0,-0.01601951165954652,0.0,0.0
0.0,0.0,0.0,-0.017242176021791022,0.0,0.0
0.0,0.0,0.0,-0.020508976498137287,0.0,-0.00012514973865112504
0.0,0.0,0.0,-0.015667230749562566,0.0,0.0
0.0,0.0,0.0,-0.01576271224573623,0.0,0.0
0.0,0.0,0.0,-0.014992229939020042,0.0,0.0
0.0,0.0,0.0,-0.01884321168360015,0.0,0.0
0.0,0.0,0.0,-0.014273323780570774,0.0,0.0
0.0,0.0,0.0,-0.012568039144426038,0.0,0.0
0.0,0.0,0.0,-0.017359052306381243,0.0,0.0
0.0,0.0,0.0,-0.015364175179435086,0.0,-0.001073308919415163
0.0,0.0,0.0,-0.014575345633781609,0.0,0.0
0.0,0.0,0.0,-0.00827312822025926,0.0,0.0
0.0,0.0,0.0,-0.012093227327758124,0.0,0.0
0.0,0.0,0.0,-0.017711919228053312,0.0,-0.0002744659280366525
0.0,0.0,0.0,-0.014445673254578567,0.0,-0.001038781333281109
0.0,0.0,0.0,-0.014764541385969235,0.0,-0.0002119694069016884
0.0,0.0,0.0,-0.012668064994772193,0.0,0.0
0.0,0.0,0.0,-0.010537997736411557,0.0,-0.00022259108891788947
0.0,0.0,0.0,-0.011148863901787131,0.0,-0.0032638480885003535
0.0,0.0,0.0,-0.011499105247374242,0.0,-0.0017697428425003908
0.0,0.0,0.0,-0.009538077276768076,0.0,-0.0013267581859531332
0.0,0.0,0.0,-0.007105124780242153,0.0,-0.0029735797258249818
0.0,0.0,0.0,-0.011837714942120723,0.0,-0.0016388211295882793
0.0,0.0,0.0,-0.010210367732071329,0.0,-0.0003380491042878252
0.0,0.0,0.0,-0.009195229236067918,0.0,-0.0011453196073868545
0.0,0.0,0.0,-0.007875800506538527,0.0,-0.002933338699052064
0.0,0.0,0.0,-0.008080064390054568,0.0,-0.002994898784750513
0.0,0.0,0.0,-0.005724614558463353,0.0,-0.0026116089449909224
0.0,0.0,0.0,-0.005280424533571395,0.0,-0.002706958361093693
0.0,0.0,0.0,-0.00944439024563182,0.0,-0.0038017377227866447
0.0,0.0,0.0,-0.006410552237021467,0.0,-0.0025811477963202066
0.0,0.0,0.0,-0.008300625218626175,0.0,-0.003676808777014556
0.0,0.0,0.0,-0.004486250049653538,0.0,-0.00430656322400828
0.0,0.0,0.0,-0.007121278192962652,0.0,-0.00566809156154055
0.0,0.0,0.0,-0.005885822447546559,0.0,-0.003801243526030104
0.0,0.0,0.0,-0.007044586846228639,0.0,-0.003973841647076125
0.0,0.0,0.0,-0.009091470395949099,0.0,-0.007245970578165227
0.0,0.0,0.0,-0.008400134333444506,0.0,-0.004341502506550561
0.0,0.0,0.0,-0.008256065880883418,0.0,-0.003527232655312619
0.0,0.0,0.0,-0.011817958427590128,0.0,-0.004367219825648709
0.0,0.0,0.0,-0.008795108463480958,0.0,-0.003914958946643428
0.0,0.0,0.0,-0.010295135981249426,0.0,-0.00449789653222027
0.0,0.0,0.0,-0.007809166013452632,0.0,-0.004361995025254279
0.0,0.0,0.0,-0.010723231995919392,0.0,-0.00729774718689262
0.0,0.0,0.0,-0.00941257378061654,0.0,-0.004196530401294173
0.0,0.0,0.0,-0.009626656906635434,0.0,-0.0023881297152147088
0.0,0.0,0.0,-0.010188027244298436,0.0,-0.001753052380700453
0.0,0.0,0.0,-0.013215031047844878,0.0,-0.003496201207089461
0.0,0.0,0.0,-0.007935010071836616,0.0,-0.00508707998798145
0.0,0.0,0.0,-0.0069484189246978995,0.0,-0.003235025648011973
0.0,0.0,0.0,-0.00811900635171615,0.0,-0.002794220502148012
0.0,0.0,0.0,-0.009361480724006917,0.0,-0.004209008611821401
0.0,0.0,0.0,-0.0069763858119788165,0.0,-0.004530117768875566
0.0,0.0,0.0,-0.00830606744540739,0.0,-0.002512110729534435
0.0,0.0,0.0,-0.008074072237115886,0.0,-0.004229202327625195
0.0,0.0,0.0,-0.0031675727815008506,0.0,-0.0020710259154201618
0.0,0.0,0.0,-0.0038723809600014225,0.0,-0.0027171673280799837
0.0,0.0,0.0,-0.0017862714016999178,0.0,-0.0011924290395867044
0.0,0.0,0.0,-0.0071325640697775874,0.0,-0.0015574775246394311
0.0,0.0,0.0,0.0,0.0,-0.0016533375934333343
0.0,0.0,0.0,-0.007642774620874496,0.0,-0.004937327983582039
0.0,0.0,0.0,-0.004469943540602294,0.0,-0.0035727571616678867
0.0,0.0,0.0,-0.006323534581743459,0.0,-0.004195338634935584
0.0,0.0,0.0,-0.005876949699265397,0.0,-0.003957625159948492
0.0,0.0,0.0,-0.0028853553181541936,0.0,-0.005319723254511129
0.0,0.0,0.0,-0.002515814667394038,0.0,-0.0034041271339492482
0.0,0.0,0.0,0.0,0.0,-0.004874358090256573
0.0,0.0,0.0,0.0,0.0,-0.00536706737416935
0.0,0.0,0.0,-0.0006018085768180557,0.0,-0.0035680775834427644
0.0,0.0,0.0,-0.001246638024859808,0.0,-0.003957275050010675
0.0,0.0,0.0,-0.008889061066229576,0.0,-0.006680657976576245
0.0,0.0,0.0,-0.006835261339675045,0.0,-0.004781110468409208
0.0,0.0,0.0,-0.004094815220364879,0.0,-0.006622046753942662
0.0,0.0,0.0,-0.00212912285559601,0.0,-0.007192038892351116
0.0,0.0,0.0,0.0,0.0,-0.006750854674401047
0.0,0.0,0.0,0.0,0.0,-0.006680094807242044
0.0,0.0,0.0,0.0,0.0,-0.008681851860097217
0.0,0.0,0.0,-0.0017545842211742868,0.0,-0.009032147718899694
0.0,0.0,0.0,-0.002658878673898989,0.0,-0.008275780854069607
0.0,0.0,0.0,-0.0013671790453940323,0.0,-0.00937026634537415
0.0,0.0,0.0,-0.0019887776113070377,0.0,-0.012254215880466593
0.0,0.0,0.0,0.0,0.0,-0.010286273875050336
0.0,0.0,0.0,0.0,0.0,-0.008787532179219083
0.0,0.0,0.0,0.0,0.0,-0.009999681105697641
0.0,0.0,0.0,-9.484256178163801e-05,0.0,-0.009371688407346217
0.0,0.0,0.0,0.0,0.0,-0.010192896839031448
0.0,0.0,0.0,-0.002440326866774248,0.0,-0.01174838537856537
0.0,0.0,0.0,-0.0025484023534148035,0.0,-0.013493724991672975
0.0,0.0,0.0,-0.0018600146801169878,0.0,-0.010033568265666027
0.0,0.0,0.0,0.0,0.0,-0.010588877878701827
0.0,0.0,0.0,0.0,0.0,-0.010588877878701827
0.0,0.0,0.0,0.0,0.0,-0.012679048849061916
0.0,0.0,0.0,0.0,0.0,-0.012499510258024111
0.0,0.0,0.0,-6.963082650856208e-05,0.0,-0.0136677457872635
0.0,0.0,0.0,-0.003559447402239952,0.0,-0.014885172038490092
0.0,0.0,0.0,-0.0023057115719050205,0.0,-0.010839248188878877
0.0,0.0,0.0,-0.001316510205836776,0.0,-0.015578651366805557
0.0,0.0,0.0,-0.0009306607027821838,0.0,-0.013783211340178975
0.0,0.0,0.0,0.0,0.0,-0.01325730580752886
0.0,0.0,0.0,0.0,0.0,-0.013819081599676403
0.0,0.0,0.0,0.0,0.0,-0.013719590595596163
0.0,0.0,0.0,-0.0005540956999582744,0.0,-0.011175657377637602
0.0,0.0,0.0,-0.001007141368175642,0.0,-0.012333275873784466
0.0,0.0,0.0,0.0,0.0,-0.013824488407969454
0.0,0.0,0.0,0.0,0.0,-0.012572189618295034
0.0,0.0,0.0,0.0,0.0,-0.011745008854654274
0.0,0.0,0.0,0.0,0.0,-0.014614898552100014
0.0,0.0,0.0,0.0,0.0,-0.014634906345192216
0.0,0.0,0.0,0.0,0.0,-0.013225268541265331
0.0,0.0,0.0,0.0,0.0,-0.012988871416712794
0.0,0.0,0.0,0.0,0.0,-0.016155113095450438
0.0,0.0,0.0,0.0,0.0,-0.016297556747712015
0.0,0.0,0.0,0.0,0.0,-0.012842920468817728
0.0,0.0,0.0,0.0,0.0,-0.013132384886393247
0.0,0.0,0.0,0.0,0.0,-0.014376191773503277
0.0,0.0,0.0,0.0,0.0,-0.011477827873901383
0.0,0.0,0.0,0.0,0.0,-0.014018022403061683
0.0,0.0,0.0,0.0,0.0,-0.013608383957902046
0.0,0.0,0.0,0.0,0.0,-0.014222184144170383
0.0,0.0,0.0,0.0,0.0,-0.01086954529298316
0.0,0.0,0.0,-0.0005338276062638223,0.0,-0.013131219632617732
0.0,0.0,0.0,0.0,0.0,-0.01394696145592797
0.0,0.0,0.0,0.0,0.0,-0.011667772233016247
0.0,0.0,0.0,0.0,0.0,-0.011171621279110127
0.0,0.0,0.0,0.0,0.0,-0.01177563228896565
0.0,0.0,0.0,0.0,0.0,-0.012222977779889361
0.0,0.0,0.0,0.0,0.0,-0.011939918631922352
0.0,0.0,0.0,0.0,0.0,-0.011582591119248673
0.0,0.0,0.0,0.0,0.0,-0.011739999747934118
0.0,0.0,0.0,0.0,0.0,-0.01246982015836347
0.0,0.0,0.0,0.0,0.0,-0.010459972211930877
0.0,0.0,0.0,0.0,0.0,-0.010685954092916825
0.0,0.0,0.0,-0.0028975744128103033,0.0,-0.012982302540485857
0.0,0.0,0.0,-0.003669073410997252,0.0,-0.013875029008602269
0.0,0.0,0.0,-0.001981977500348597,0.0,-0.007561973099849001
0.0,0.0,0.0,-0.0053673238208576035,0.0,-0.010297948796585372
0.0,0.0,0.0,-0.0016642543089036969,0.0,-0.009129277357140534
0.0,0.0,0.0,-0.0033068539078067102,0.0,-0.010153208798555372
0.0,0.0,0.0,-0.0018577001894520173,0.0,-0.007243814892100633
0.0,0.0,0.0,-0.005239293457695854,0.0,-0.009886208409344639
0.0,0.0,0.0,-0.0020554896964993354,0.0,-0.006292357683479764
0.0,0.0,0.0,-0.004485702409421986,0.0,-0.007669627130679998
0.0,0.0,0.0,-0.0017520941451829228,0.0,-0.009777631231550317
0.0,0.0,0.0,-0.003933046879658532,0.0,-0.00554712031974061
0.0,0.0,0.0,-0.00024019869742035859,0.0,-0.0037049234962012274
0.0,0.0,0.0,-0.0007369556323147385,0.0,-0.007457404897166423
0.0,0.0,0.0,-0.0013731928125874343,0.0,-0.005268321031734049
0.0,0.0,0.0,-0.0013991952328445388,0.0,-0.005904906865730706
0.0,0.0,0.0,-0.0015221993513179774,0.0,-0.003495464260659966
0.0,0.0,0.0,-0.006579234824305018,0.0,-0.006073320357553237
0.0,0.0,0.0,-0.0017461774815258069,0.0,-0.004415373734960245
0.0,0.0,0.0,-0.005301385391248912,0.0,-0.004821960316355094
0.0,0.0,0.0,-0.0036245274749088564,0.0,-0.00186790603677901
0.0,0.0,0.0,-0.0013318503745682875,0.0,-0.0024883113039052664
0.0,0.0,0.0,-0.003098045117070415,0.0,-0.0014585308743083724
0.0,0.0,0.0,-0.00030052244765368957,0.0,-0.0025375686486959668
0.0,0.0,0.0,0.0,0.0,-0.0006060845418404694
0.0,0.0,0.0,-0.0007710907716636355,0.0,-0.001413600714718692
0.0,0.0,0.0,-0.0026753761146428006,0.0,-0.0005011951597659164
0.0,0.0,0.0,-0.0034974536330143876,0.0,0.0
0.0,0.0,0.0,-0.0012464325805154684,0.0,0.0
0.0,0.0,0.0,-0.0021923399906957747,0.0,0.0
0.0,0.0,0.0,-0.0016650025115457737,0.0,0.0
0.0,0.0,0.0,-0.003187676199337989,0.0,0.0
0.0,0.0,0.0,-0.0007238564324904154,0.0,0.0
0,0,0,0,0,0
0.0,0.0,0.0,-0.00041177689140039825,0.0,0.0
0.0,0.0,0.0,-0.00025000024036425466,0.0,0.0
0,0,0,0,0,0
0.0,0.0,0.0,-0.0034530540149261347,0.0,0.0
0.0,0.0,0.0,-0.00022012119267712967,0.0,0.0
0.0,0.0,0.0,-0.000988594227354838,0.0,0.0
0.0,0.0,0.0,-0.001008548717585492,0.0,0.0
0,0,0,0,0,0
0.0,0.0,0.0,-0.0012121422873474339,0.0,0.0
0.0,0.0,0.0,-0.00010614158884203534,0.0,0.0
0.0,0.0,0.0,-0.004280582169754508,0.0,0.0
0.0,0.0,0.0,-0.001977171367473283,0.0,0.0
0,0,0,0,0,0
0,0,0,0,0,0
0.0,0.0,0.0,-0.0024469692367609652,0.0,0.0
0,0,0,0,0,0
0,0,0,0,0,0
0.0,0.0,0.0,-6.433052271452111e-05,0.0,0.0
0.0,0.0,0.0,-2.2692076886956544e-05,0.0,0.0
0.0,0.0,0.0,-0.0022863785760744567,0.0,0.0
0.0,0.0,0.0,-0.0009255517839771632,0.0,0.0
0,0,0,0,0,0
0.0,0.0,0.0,-0.001255727873684927,0.0,0.0
0.0,0.0,0.0,-0.0008096458741958365,0.0,0.0
0,0,0,0,0,0
0.0,0.0,0.0,-0.0019398374096859592,0.0,0.0
0,0,0,0,0,0
0,0,0,0,0,0
0.0,0.0,0.0,-0.0006194093707272989,0.0,0.0
0.0,0.0,0.0,-0.003422675702364604,0.0,0.0
0.0,0.0,0.0,-0.0027861005940666454,0.0,0.0
0.0,0.0,0.0,-0.0003038084693553592,0.0,0.0
0.0,0.0,0.0,-0.0006311144951801131,0.0,0.0
0.0,0.0,0.0,-0.0009547523728520111,0.0,0.0
0.0,0.0,0.0,-0.0030138911418814453,0.0,0.0
0,0,0,0,0,0
0.0,0.0,0.0,-0.00030707176110723086,0.0,0.0
0.0,0.0,0.0,-0.003002502496713408,0.0,0.0
0.0,0.0,0.0,-0.004480642172973153,0.0,0.0
0.0,0.0,0.0,-0.003605445564859896,0.0,0.0
0.0,0.0,0.0,-0.00537259814661505,0.0,0.0
0.0,0.0,0.0,-0.001784807676380226,0.0,0.00012473255005515375
0.0,0.0,0.0,-0.0017196734511069674,0.0,0.0
0.0,0.0,0.0,-0.0015258699264478134,0.0,0.0
0.0,0.0,0.0,0.0,0.0,0.0004812345041276409
0.0,0.0,0.0,-0.0026562398808253583,0.0,0.0
0.0,0.0,0.0,-0.0009057216037232629,0.0,0.0
0.0,0.0,0.0,-0.0015474627146836704,0.0,0.0016528064736185516
0.0,0.0,0.0,-0.0032327121092942785,0.0,0.0032692891101456885
0.0,0.0,0.0,-0.0029435838329894817,0.0,0.0013160296211839429
0.0,0.0,0.0,-0.002351870316892025,0.0,0.0013816676918371224
0.0,0.0,0.0,-0.0011704008528862179,0.0,0.0046102301575044035
0.0,0.0,0.0,-0.0032050770873571534,0.0,0.004693501809189515
0.0,0.0,0.0,-0.001688791483129957,0.0,0.002580051887436503
0.0,0.0,0.0,-0.0005004877118307857,0.0,0.004935193915560919
0.0,0.0,0.0,-0.0016338104378792583,0.0,0.005952992855312868
0.0,0.0,0.0,-0.003652610569946195,0.0,0.005067795312041688
0.0,0.0,0.0,-0.0014480243949432244,0.0,0.0044785438022006425
0.0,0.0,0.0,-0.0036560905829522137,0.0,0.0061418725896483185
0.0,0.0,0.0,-0.002915371864351428,0.0,0.003323843565058244
0.0,0.0,0.0,-0.001526683307183947,0.0,0.004549225501324068
0.0,0.0,0.0,-0.0033274403206641047,0.0,0.004533445641958537
0.0,0.0,0.0,-0.0033769851222570646,0.0,0.005120585074857782
0.0,0.0,0.0,-0.003935404934041017,0.0,0.00317459786488057
0.0,0.0,0.0,-0.0021173697792681682,0.0,0.004364495811505892
0.0,0.0,0.0,-0.002380531025147969,0.0,0.0029277225637377707
0.0,0.0,0.0,-0.002756863752489896,0.0,0.003317719790608476
0.0,0.0,0.0,-0.0034546285475736092,0.0,0.004572900571730298
0.0,0.0,0.0,-0.006047366057818007,0.0,0.002340776773726456
0.0,0.0,0.0,-0.004926078374291927,0.0,0.005805543641991959
0.0,0.0,0.0,-0.001852551354194202,0.0,0.006047448622707266
0.0,0.0,0.0,-0.003206602136549269,0.0,0.0010958078973294287
0.0,0.0,0.0,-0.003453997380386678,0.0,0.005029646738718311
0.0,0.0,0.0,-0.003453997380386678,0.0,0.005029646738718311
0.0,0.0,0.0,-0.00449082858086682,0.0,0.004108011366450446
0.0,0.0,0.0,-0.002893417148416334,0.0,0.002072649539312376
0.0,0.0,0.0,-0.0026671232928229547,0.0,0.0037603767288571324
0.0,0.0,0.0,-0.0061842024159643304,0.0,0.0031084589587304016
0.0,0.0,0.0,-0.0042512305535016845,0.0,0.0015923494706728595
0.0,0.0,0.0,-0.0015252313870858824,0.0,0.0032008840561131235
0.0,0.0,0.0,-0.0022001481122487796,0.0,0.0031065569478370063
0.0,0.0,0.0,-0.003451062270968687,0.0,0.0024347575188605605
0.0,0.0,0.0,-0.004496708620616617,0.0,0.0005105976154503266
0.0,0.0,0.0,-0.0011296278123014787,0.0,0.003934444250750218
0.0,0.0,0.0,-0.006397441879607687,0.0,0.000702293626553352
0.0,0.0,0.0,-0.003798760575423561,0.0,0.001152672336785665
0.0,0.0,0.0,-0.0046277041122949406,0.0,0.0021644575555647178
0.0,0.0,0.0,-0.0024963607906956396,0.0,0.0002950946112383149
0.0,0.0,0.0,-0.0024579489103831336,0.0,0.0
0.0,0.0,0.0,-0.0046946470979237,0.0,0.0007197326939102527
0.0,0.0,0.0,-0.00420402644310821,0.0,0.0
0.0,0.0,0.0,-0.0017109011363940266,0.0,0.0
0.0,0.0,0.0,-0.004426437830219761,0.0,0.0
0.0,0.0,0.0,-0.005662115415018991,0.0,0.0
0.0,0.0,0.0,-0.0026973215626740496,0.0,0.00011102237368025502
0.0,0.0,0.0,-0.008827433043751196,0.0,0.0
0.0,0.0,0.0,-0.004012224266595568,0.0,0.0
0.0,0.0,0.0,-0.0027616595942922826,0.0,0.0
0.0,0.0,0.0,-0.003312333627230436,0.0,0.0
0.0,0.0,0.0,-0.003829027340547582,0.0,0.0
0.0,0.0,0.0,-0.0061518278245938475,0.0,0.0
0.0,0.0,0.0,-0.007683713593526734,0.0,0.0
0.0,0.0,0.0,-0.004382763851682525,0.0,0.0
0.0,0.0,0.0,-0.00907676361124123,0.0,0.0
0.0,0.0,0.0,-0.006445652556711176,0.0,0.0
0.0,0.0,0.0,-0.0047548553674627275,0.0,0.0
0.0,0.0,0.0,-0.006518096666122938,0.0,0.0
0.0,0.0,0.0,-0.0012092014464656123,0.0,0.0
0.0,0.0,0.0,-0.0026918102129041164,0.0,0.0
0.0,0.0,0.0,-0.002187314864123478,0.0,0.0
0.0,0.0,0.0,-0.004852003732960177,0.0,0.0
