0,0,0,0,0,0
0,0,0,0,0,0
0,0,0,0,0,0
0,0,0,0,0,0
0,0,0,0,0,0
0,0,0,0,0,0
0,0,0,0,0,0
0,0,0,0,0,0
0,0,0,0,0,0
0,0,0,0,0,0
0,0,0,0,0,0
0,0,0,0,0,0
0,0,0,0,0,0
0,0,0,0,0,0
0,0,0,0,0,0
0,0,0,0,0,0
0,0,0,0,0,0
0,0,0,0,0,0
0,0,0,0,0,0
0,0,0,0,0,0
0,0,0,0,0,0
0,0,0,0,0,0
0,0,0,0,0,0
0,0,0,0,0,0
0,0,0,0,0,0
0,0,0,0,0,0
0,0,0,0,0,0
0,0,0,0,0,0
0,0,0,0,0,0
0,0,0,0,0,0
0,0,0,0,0,0
0,0,0,0,0,0
0,0,0,0,0,0
0,0,0,0,0,0
0,0,0,0,0,0
0,0,0,0,0,0
0,0,0,0,0,0
0,0,0,0,0,0
0,0,0,0,0,0
0,0,0,0,0,0
0,0,0,0,0,0
0,0,0,0,0,0
0,0,0,0,0,0
0,0,0,0,0,0
0,0,0,0,0,0
0,0,0,0,0,0
0,0,0,0,0,0
0,0,0,0,0,0
0,0,0,0,0,0
0,0,0,0,0,0
0,0,0,0,0,0
0,0,0,0,0,0
0,0,0,0,0,0
0,0,0,0,0,0
0,0,0,0,0,0
0,0,0,0,0,0
0,0,0,0,0,0
0,0,0,0,0,0
0,0,0,0,0,0
0,0,0,0,0,0
0,0,0,0,0,0
0,0,0,0,0,0
0,0,0,0,0,0
0,0,0,0,0,0
0,0,0,0,0,0
0,0,0,0,0,0
0,0,0,0,0,0
0,0,0,0,0,0
0,0,0,0,0,0
0,0,0,0,0,0
0,0,0,0,0,0
0,0,0,0,0,0
0,0,0,0,0,0
0,0,0,0,0,0
0,0,0,0,0,0
0,0,0,0,0,0
0,0,0,0,0,0
0,0,0,0,0,0
0,0,0,0,0,0
0,0,0,0,0,0
0,0,0,0,0,0
0,0,0,0,0,0
0,0,0,0,0,0
0,0,0,0,0,0
0,0,0,0,0,0
0,0,0,0,0,0
0,0,0,0,0,0
0,0,0,0,0,0
0,0,0,0,0,0
0.0,0.0,0.0,0.0,0.0,0.00014558657799103395
0.0,0.0,0.0,0.0,0.0,0.001242215345869083
0.0,0.0,0.0,0.0,0.0,0.0018564761314418068
0.0,0.0,0.0,0.0,0.0,0.003317765267042043
0.0506654639726966,0.0,0.0,0.0,-0.00016417284224278867,0.005031311805545521
0.0974920886764942,0.0,0.0,0.0,0.0,0.005828672231228084
0.2855067066483599,0.0,0.0,0.0,0.0,0.006049681326173315
0.25370329926014035,0.0,0.0,0.0,0.0,0.00421817781805157
0.4215851502251171,0.0,0.0,0.0,0.0,0.0058413297008778065
0.27453078491603006,0.0,0.0,0.0,-0.0019315928824866681,0.006642895947927503
0.38936739871333576,0.0,0.0,0.0,-0.0012065177216254435,0.006587129286875134
0.48971314940847865,0.0,0.0,0.0,-0.0007403562150239317,0.008570214737315483
0.4135375812039769,0.0,0.0,0.0,-0.0015895626531223731,0.008582414180223777
0.2789505247336803,0.0,0.0,0.0,-0.0029337504699950947,0.007849214614025813
0.33620145938240603,0.0,0.0,0.0,0.0,0.011493702193083022
0.34775542654346614,0.0,0.0,0.0,0.0,0.01000649834843297
0.2131196747230734,0.0,0.0,0.0,0.0,0.008549015076597055
0.023910801620111156,0.0,0.0,0.0,0.0,0.010716810659469481
0.0,0.0,0.0,0.0,0.0,0.010103503432864262
0.0,0.0,0.0,0.0,0.0,0.009295038491822002
0.0,0.0,0.0,0.0,0.0,0.006527078887499538
0.0,0.0,0.04558573065965703,0.0,0.0,0.006928403823430065
0.0,0.0,0.19281492964514485,0.0,0.0,0.003441102752168802
0.0,0.0,0.1814359350989586,0.0,0.0,0.0031417406829605415
0.0,0.0,0.2508894368428745,0.0,0.0,0.0005136354885959297
0.0,0.0,0.40038531326141313,0.0,0.0,0.00031055749461797076
0.0,0.0,0.3592359796344984,0.0,0.0,0.0
0.0,0.0,0.5244472940619254,0.0,0.0,0.0
0.0,0.0,0.5599633284211627,0.0,0.0,0.0
0.0,0.0,0.6612050580836981,0.0,0.0,0.0
0.0,0.0,0.7728403195896576,-0.00010127212610198792,0.0,0.0
0.0,0.0,0.8824516323835525,-0.00024912346017067703,0.0,0.0
0.0,0.0,1.0305158975787456,-0.0015076748154660017,0.0,0.0
0.0,0.0,0.9554078328658164,-0.0015553466451267877,0.0,0.0
0.0,0.0,1.1114613028418683,0.0,0.0,0.0
0.0,0.0,1.2711502862264905,-2.8439831523014374e-05,0.0,0.0
0.0,0.0,1.4372015625886316,0.0,0.0,0.0
0.0,0.0,1.4631033410502605,0.0,0.0,0.0
0.0,0.0,1.634857612516695,0.0,0.0,0.0
0.0,0.0,1.6836336270835812,0.0,0.0,0.0
0.0,0.0,1.787273207123226,0.0,0.0,0.0
0.0,0.0,1.6660031759558442,-0.00047838326778734485,0.0,0.0
0.0,0.0,1.8548512275420546,-0.0016941266346014628,0.0,0.0
0.0,0.0,1.9072981454778102,0.0,0.0,0.0
0.0,0.0,2.0310790905160547,0.0,0.0,0.0
0.0,0.0,2.2058844636755524,0.0,0.0,0.0
0.0,0.0,2.3634490590155197,0.0,0.0005255276502039702,0.0
0.0,0.0,2.63402886617321,0.0,0.0057851867669310554,0.0
0.0,0.0,2.6935503793519824,0.0,0.0057848107211857,0.0
0.0,0.0,2.8651104243743815,-0.0018724654941885445,0.008264439901715964,0.0
0.0,0.0,3.104101160227028,-0.00018531344774872966,0.01221658818808379,0.0
0.0,0.0,3.3201206210598513,0.0,0.011819511315249456,0.0
0.0,0.0,3.3765891962065617,0.0,0.013548630336920109,0.0
0.0,0.0,3.565315589545387,0.0,0.009617007387365087,0.0
0.0,0.0,3.8121531033444294,0.0,0.008860655113253919,0.0
0.0,0.0,3.8898194913380806,-0.0007269515951166217,0.009634477209859878,0.0
0.0,0.0,4.101659131814391,-0.0021361612959954228,0.005837355040172034,0.0
0.0,0.0,4.381316251581167,-0.003745149668876964,0.004303420959080916,0.0
0.0,0.0,4.613361971102884,-0.0026187982192769402,0.0026979332129191077,0.0
0.0,0.0,4.941104320571932,-0.00815787376712733,0.002142361763240954,0.0
0.0,0.0,5.071112215832648,-0.008464720685559552,0.0006990850945707537,0.0
0.0,0.0,5.193077883240613,-0.007198004437419583,0.0033361109737572057,0.0
0.0,0.0,5.435774670500776,-0.009268147768612216,0.00373050833280983,0.0
0.0,0.0,5.755046925412687,-0.00892349551820941,0.002814445447886719,0.0
0.0,0.0,5.955078042833806,-0.01167508762493474,0.0038937315865793082,0.0
0.0,0.0,6.10556465675591,-0.009649358630026065,0.008318999841370993,0.0
0.0,0.0,6.483209035552503,-0.009413702322867075,0.006633099977967713,0.0
0.0,0.0,6.587177023906124,-0.010234881594281143,0.0072196943429604435,0.0
0.0,0.0,6.887073337670484,-0.008543090179106923,0.009057682095606676,0.0
0.0,0.0,6.996021785694945,-0.010236441908769498,0.009523552911151272,0.0
-0.06141032258027078,0.0,7.383165216190572,-0.012542581047664758,0.008665157582655613,0.0
0.0,0.0,7.445417058803869,-0.007531885495526762,0.015188156069136824,0.0
-0.1385758829634845,0.0,7.68203705923838,-0.010595908219414401,0.010774888789343436,0.0
-0.3050299655787757,0.0,7.7263287340971925,-0.010647876339678142,0.007993262964617071,0.0
-0.32982220681249597,0.0,7.8514231757384945,-0.00786073461447289,0.013136003467118657,0.0
-0.36856890169575596,0.0,7.955054446904325,-0.010566353325343222,0.016074418196258558,0.0
-0.33055566054056207,0.0,7.929016354642725,-0.010118859062002534,0.019327543163645364,0.0
-0.3508908617666273,0.0,8.244847750373939,-0.0029490953640943984,0.017052530102236847,0.0
-0.2541801063368308,0.0,8.265265236930158,-0.005216596632391125,0.019404270811333398,0.0
-0.30447417428281054,0.0,8.409039399033965,-0.005283510650919131,0.017927127175023826,0.0
-0.3871584629745375,0.0,8.811943258054324,-0.009142514901928429,0.014415893331610984,0.0
-0.36101569989513455,0.0,9.086836677530622,-0.008629652083137082,0.016977127135336452,0.0
-0.1227637360543958,0.0,9.449642485300064,-0.007866645706660411,0.015970834949645622,0.0
-0.1790751980373627,0.0,9.836596900041844,-0.014807228084582185,0.016031943547563723,0.0
-0.43530445642843973,-0.04905171905289797,9.833002192671334,-0.031344725664638785,0.023222800198260875,0.0
-0.6992277266352436,-0.22006837413143177,9.945404522646488,-0.043048157279239864,0.024491156026515352,0.0
-0.30019004661460236,-0.26130829748722684,10.27690726249153,-0.036691506524232004,0.023895959361022862,0.0
-0.08202288501528142,-0.036847782058210335,10.462297720155798,-0.033705112057719096,0.01706911424333136,0.0
0.0,0.0,10.287169445358268,-0.031220560909383206,0.01113687434933251,0.0
0.0,0.0,10.615176127494065,-0.021947678155847666,0.00669152707495997,0.0
0.0,0.0,10.704545723074542,-0.020170057031509432,0.003335216441801646,0.0
0.0,0.0,10.67780454790173,-0.019010112995752858,0.0004164364707247509,0.0
0.0,0.0,10.729452749339064,-0.02118342446783767,0.004357155150087041,0.0
0.0,0.0,10.736898356517154,-0.022970856169450774,0.009162191529014053,0.0
0.0,0.0,10.987881002977804,-0.02101857348247532,0.0033734943476655967,0.0
0.0,0.0,10.975649398265194,-0.02233590990561361,0.007168100490053966,0.0
0.0,0.0,11.298373511823485,-0.01981716263967093,0.006147274293246465,0.0
0.0,0.0,11.423680591715911,-0.020748483985763084,0.007850762855829498,0.0
0.0,0.0,11.435389917140704,-0.026386942525096397,0.008399074180879809,0.0
0.0,0.0,11.581349788212368,-0.024133369954385628,0.008184812223437256,0.00011600345853119035
0.0,0.0,11.936237298940982,-0.02902532260870881,0.0032935505722409587,0.0
0.0,0.0,11.700687695334167,-0.028198793741988554,0.004985960409910596,0.0
0.0,0.0,11.910842529783526,-0.026640255505731437,0.003620413392749004,0.0
0.0,0.0,12.195023328987139,-0.02184932456389437,0.005356873688823564,0.0
0.0,0.0,12.011587962913458,-0.02639187480802216,0.006423865755290371,0.0
0.0,0.0,11.95746857772323,-0.017614670742917612,0.00165783876313256,0.0
0.0,0.0,12.456241161284868,-0.01751010144950519,0.0,0.0
0.0,0.0,12.642222039362641,-0.024180840789125017,0.009264878295587689,0.0
0.0,-0.24160973010639958,12.77865628663673,-0.038901924556221136,0.01738704491434687,0.0
0.0,-0.5022193937863775,12.38054112389366,-0.05055144229129105,0.0285591881046413,0.0
0.0,-0.2592860694888299,12.414859408667695,-0.04545819136670044,0.0228338082031548,0.0012537159327649847
0.0,0.0,12.918638925988919,-0.01991190288955193,0.009220942098782206,0.00044282076111822174
0.0,0.0,12.918638925988919,-0.01991190288955193,0.009220942098782206,0.00044282076111822174
0.0,0.0,12.642988082046895,-0.024963873100893468,0.007331111608419663,0.0
0.0,-0.37655355803605245,12.865548713735603,-0.04632938848249034,0.021818560758534812,0.002406055546003641
0.0,-0.32566361025829993,12.99080896949406,-0.06073958439780016,0.025414375875170314,0.00031085794796932727
0.0,-0.5197341860692124,12.862043411764953,-0.06311359292605133,0.02816234747213132,0.0027183685068337226
0.0,-0.27776937530751195,12.713030001349434,-0.05671903122510284,0.018010268332125857,0.0014044376125401266
0.0,0.0,12.897092990985902,-0.03130754475588452,0.0017299573371275813,0.0001946288212910072
0.0,0.0,13.35529288693283,-0.007539249539178544,0.0,0.0030439342570070306
0.0,0.0,13.261137378710666,-0.014282867444094339,0.003420220554182358,0.003075169470406181
0.0,0.0,13.17118439515335,-0.02850774712831025,0.011237291965248785,0.00310706805366898
0.0,-0.015392209103531562,13.04469860893656,-0.04549952620258542,0.02601315290726599,0.002459864486645428
0.0,-0.05178560063815528,13.851530960500373,-0.04124869843446298,0.02080860054021522,0.004924032253279042
0.0,0.0,14.04756598055972,-0.03604633184451135,0.014709090733999262,0.00574217259325162
0.0,0.0,13.442813020396642,-0.035862551948729345,0.006851548971775187,0.007020003402966104
0.0,0.0,13.63719608041664,-0.018738676842966956,0.0014736400968254773,0.005901498537646508
0.0,0.0,13.930435915055941,-0.02269451488250216,0.00723074417124085,0.006876908632488052
0.0,0.0,13.733355355445166,-0.03757995681164937,0.010456879676712565,0.005672692962574828
0.0,-0.5624359786591174,13.06928576458219,-0.05737548918758539,0.024274185220153767,0.006103536627655131
0.0,-0.4768622619512953,12.802017822937575,-0.06052260015900297,0.010449579080623002,0.0037007202764345313
0.0,-0.15834936465939492,13.091027455771618,-0.038516562006149974,0.0,0.0037030538541574327
0.0,-0.10555878094242914,13.28452683689324,-0.035797889697400505,0.0,0.006967501014057023
0.0,-0.3480068124633457,12.547711684798216,-0.04844109741046511,0.0,0.004009323388655568
0.0,-0.4410409634204897,12.4814619725643,-0.051102151485926874,0.004498608416786907,0.0028062036638025916
0.0,-0.17536239573771378,12.793213295525092,-0.04561267391816696,0.006661388735866906,0.0029106953140388904
0.0,-0.4027087674466975,12.672775965860009,-0.0403272909647107,0.010166834813595323,0.005280674010767201
0.0,-0.31470785756576625,11.923105188954773,-0.044970634825928855,0.0016121972494895834,0.0039569646781075435
0.0,-0.04962818498891842,12.236982185126452,-0.04280675070286913,0.0,0.0030195759706775406
0.0,0.0,12.55049847570474,-0.03141653157464972,0.0,0.005784082120054725
0.0,0.0,12.376279068290348,-0.03627886657851696,0.0019681505216177547,0.0025205498431272394
0.0,0.0,11.759178695920522,-0.03733280933083645,0.0,0.0044857564844421665
0.0,0.0,11.885099037819664,-0.02847684001745667,0.0,0.003920099174750009
0.0,0.0,12.480427940072726,-0.020930915139741324,0.0,0.006284062874875243
0.0,-0.054226334386560285,12.250064067362228,-0.037232461864365976,0.0024281813232481246,0.004451397780305269
0.0,-0.40665122921970376,11.609549542753625,-0.057218629023082335,0.007629727926584527,0.006991914874512515
0.0,-0.32529522687821805,11.635646519050688,-0.05412777553925674,0.006864310803727278,0.005112668939956009
0.0,-0.1256003970729378,12.133933653465805,-0.042258649467345574,0.0016762746222071662,0.005866210491598971
0.0,-0.09517158430803592,12.078498019348405,-0.03803885992075031,0.0007704646844750221,0.005531445981652715
0.0,-0.2569470092675129,11.908137788477722,-0.04751887022655031,0.0035879349846985866,0.005242408207134687
0.0,-0.36689727022961177,11.312309340627701,-0.05551309469332668,0.009076478168548249,0.005139195242840847
0.0,-0.06137717087050758,11.43247920914497,-0.031806968897166464,0.0013576772745571514,0.007267626122132447
0.0,0.0,11.923472905417407,-0.014683653869440743,0.0,0.00741391147028789
0.0,0.0,11.364808897649468,-0.030278205178770258,0.006170259360544365,0.006598340750949767
0.0,-0.052468435522462574,10.46294815217397,-0.05443483821252774,0.021264245870149776,0.00664407400762069
0.0,-0.009332154100524955,10.428094208344268,-0.04001986308135222,0.013758079339609703,0.006182732143055704
0.0,0.0,10.671790889376245,-0.02174812400382034,0.0008758180435753266,0.00710230725911438
0.0,0.0,10.975464197350954,-0.012156566912583332,0.0,0.00717805607195778
0.0,0.0,10.911176937964402,-0.025403622432209262,0.0049002094044731615,0.0054149182497303236
0.0,-0.03254177861009393,9.937200433997754,-0.033857833356861634,0.015262648821449811,0.005534713389694244
0.0,0.0,10.705836955407568,-0.02177534181485831,0.004425515512227436,0.006155670034647933
0.0,0.0,11.415820558885565,-0.017251278271024354,0.007540871960504648,0.008486591905157477
0.0,-0.12500466705720392,11.35728378383647,-0.03292306582630781,0.01482474156936282,0.0041933519718252025
0.0,-0.4321680652003585,10.675229112485635,-0.05263032878462133,0.01712982704688659,0.0024651521106791212
0.0,-0.302088993499965,11.023611570509571,-0.03172509501104746,0.00781437195517323,0.004750426505854783
0.0,-0.1142148877081394,11.758652801405796,-0.02842751401287138,0.01720893842328302,0.007845003304651346
0.0,-0.12998890130410776,11.32671711055124,-0.05063612319613816,0.022245872349035915,0.0037787262933863842
0.0,-0.578932307747823,10.4686120328488,-0.05859307889040768,0.03213738634531492,0.003508697139599351
0.0,-0.11004455445688419,10.736225647585567,-0.034341578247951476,0.01513004975877617,0.005023865523115989
0.0,0.0,11.599881980645321,-0.02011998472038182,0.008449792707383188,0.004197356396222195
0.0,-0.16459460250839222,11.587463366274843,-0.033630589684921885,0.026829078944813088,0.008575793744064877
0.0,-0.6222572384287074,10.479355186268785,-0.06207547612900517,0.032435687434565805,0.004068708864427218
0.0,-0.552486582882026,10.415616384992173,-0.052688362314454576,0.025266450706028377,0.0013441954753162402
0.0,-0.08208320028516794,10.92469741006465,-0.04106079221915522,0.029665192528444007,0.005376023825219709
0.0,0.0,11.268923119816296,-0.03192061523048064,0.018286956605779812,0.005675080107679999
0.0,-0.3810314362263301,10.194057314909955,-0.0463618565185471,0.01594288651657063,0.0022032903492998266
0.0,-0.21445773153559228,9.940607712229596,-0.05308802852717964,0.0161306394677901,0.002476772857525058
0.0,0.0,10.645245835809153,-0.0247811721276373,0.013401470883051348,0.003905297258839141
0.0,0.0,11.13706953791194,-0.0065377463263048274,0.011328228958548889,0.00351944232999777
0.0,0.0,10.086472849581225,-0.024255955774253813,0.008595127223522701,0.005688400657277718
0.0,0.0,10.086592163102837,-0.025100175575373036,0.005815510844704252,0.005485338784388387
0.0,0.0,11.651584126062932,-0.015840523836619554,0.004336089522937338,0.005750291762430205
0.0,-0.08809600118279838,11.04064774401157,-0.03173139803548873,0.01895020917593945,0.00783405832620604
0.0,-0.4018189730274053,10.081860776847801,-0.05161920486633442,0.01674861338029878,0.0022288388595112234
0.0,-0.14547595310491096,10.313742449260118,-0.03265931106869061,0.011112669345812346,0.006264882447845654
0.0,0.0,11.464198025902688,-0.008971147279343047,0.0,0.00723205849787773
0.0,0.0,11.039610412505263,-0.006586417987877095,0.00015760068500994241,0.0087269066986327
0.0,0.0,10.684998211047127,-0.020904603706643005,0.0,0.005058419083040947
0.0,-0.1903201863785547,10.824375390305539,-0.039357150665637844,0.017571758092792482,0.006819895408879071
0.0,-0.613680514318278,10.770279914024076,-0.055509789808647216,0.039341123488041536,0.008343008126852233
0.0,-0.7395520899464652,10.291445742095537,-0.0630372135756036,0.040688471514505276,0.005683574064286547
0.0,-0.39431552409881654,10.317571742377227,-0.04306128359786527,0.025642742476882724,0.008455380867597572
0.0,-0.1198461039498353,10.34810001464514,-0.03477155134869349,0.022511753695453766,0.003650923230206086
0.0,0.0,9.779538430680013,-0.024974940668822703,0.01534520903475076,0.007270970887540884
0.0,0.0,10.11924689841002,-0.004848750748033749,0.004191908303685109,0.005934050040083934
0.0,0.0,10.080671137720618,-0.0018301340694091416,0.013821949158324218,0.006472797964539795
0.0,0.0,9.620729113856974,-0.017657364777750834,0.02272052124766745,0.0032847025239674727
0.0,0.0,9.784088075644782,-0.014237193065052847,0.021882789812605392,0.006426787630377113
0.0,-0.0046789807235639155,10.155758027033874,-0.025791794833655336,0.039587646635806883,0.0029782833186295524
-0.2037817614393802,-0.4988553070770501,9.800202353185634,-0.048151294154043546,0.059354377384590484,0.0026640365183465695
0.0,-0.3566705804020286,9.313947331424579,-0.048190480818895175,0.04720326842425611,0.0032110009002480843
0.0,0.0,10.090684746566886,-0.029843771213899396,0.03002532087984327,0.0010713925229438252
0.0,0.0,9.856298104597002,-0.025896656892093427,0.0420253887189929,0.002016936450421354
0.0,0.0,9.195592888472142,-0.023557633671872833,0.030483062560005485,0.0022471684663055128
0.0,0.0,9.17102742938983,-0.014396329456860622,0.017516444714006162,0.0
0.0,0.0,9.486754321325067,-0.000510858486496695,0.014982096179529803,0.0030903097871093827
0.0,0.0,9.262056671282062,0.0,0.014684357945542875,0.002538464126939307
0.0,0.0,9.08873138044127,-0.0061733600157710955,0.023944169651868057,0.0
0.0,0.0,8.961120399590142,-0.013366529678849465,0.03001076687147767,0.0
0.0,0.0,8.946896381446265,-0.012596501226284945,0.04093961136188272,0.0018318391620710112
0.0,0.0,9.288831160706085,-0.005356615636892893,0.02608195361380027,0.001394009660120188
0.0,0.0,9.605774916600136,-0.009352976199491353,0.014019488261451926,0.00044336777257156554
0.0,0.0,9.54994090987739,-0.019183811761633966,0.023377155129082405,0.0002162120293734948
0.0,-0.016559729677317878,9.184849105087746,-0.022641503893628085,0.026838063749918477,0.0006874283836405214
0.0,0.0,9.273744542147826,-0.025481544425915204,0.02304869571458701,0.0
0.0,0.0,9.049307296050896,-0.029839037937835468,0.02266800548691268,0.0
0.0,0.0,9.367877579639265,-0.014306856923450902,0.019311783941104173,0.0
0.0,0.0,8.74422916355271,-0.027825978393449156,0.030605861994690186,0.0
0.0,0.0,8.13119716434021,-0.03822700499324083,0.03269547945233212,0.0
0.0,0.0,8.393732702303286,-0.01947104479505856,0.022875246570858775,0.0
0.0,0.0,8.934016328194083,-0.01435415287880421,0.023021788204384767,0.0
0.0,-0.0401596071294095,8.35126065670501,-0.03024923031194087,0.03934593518259423,0.0
-0.0560038814586963,0.0,7.890498388832273,-0.03641445451926854,0.035210863776349764,0.0
0.0,0.0,9.218948541497495,-0.023214540761329484,0.028226431970732636,0.0
0.0,0.0,9.31863000521504,-0.020277768268941683,0.03991643055360687,0.0
0.0,0.0,9.593883180673071,-0.014355208931543698,0.029757236660642096,0.0
-0.10456599373182647,0.0,9.437258909726484,-0.028859040178229895,0.04285218589071668,0.0
-0.12878844735707615,-0.027253821817926537,8.94208193087908,-0.04475429777998701,0.05203766874208819,0.0
0.0,0.0,9.134882872565049,-0.026345070225121232,0.029921546047239744,0.0
0.0,0.0,9.819168489022886,-0.01259421024435815,0.02632209008915339,0.0
0.0,0.0,8.978805828482026,-0.021502687171607054,0.03516638705000619,0.0
0.0,0.0,8.689041772106107,-0.019914089005604596,0.031239961154225903,0.0
0.0,0.0,9.124263435511843,-0.015380312765614496,0.032606511858976964,0.0
0.0,0.0,9.153626699416314,-0.014372184494415362,0.04136412049724192,0.0
0.0,0.0,8.831576065710411,-0.02980253019264531,0.03740711150279582,0.0
0.0,-0.04927551680161261,8.339165405547359,-0.04073679170544587,0.04230389710770534,0.0
0.0,0.0,8.72427980925745,-0.02562447705058929,0.022568174450595647,0.0
0.0,0.0,8.511755742070493,-0.013685473330677203,0.016712432402743938,0.0
0.0,0.0,7.889949903264042,-0.023223123537807304,0.02745672787180743,0.0
0.0,0.0,7.953613714343274,-0.02220409356790669,0.030010147904849384,0.0
0.0,0.0,7.705452483960104,-0.02572618450471085,0.03303299612274204,0.0
0.0,0.0,7.802254861044327,-0.016661040702887018,0.026198180419909716,0.0
0.0,0.0,7.2822573295332145,-0.011021515937861695,0.01571999226975991,0.0
0.0,0.0,7.737160911175472,-0.0043650909926097265,0.011850696745741612,0.0
0.0,0.0,7.902717768833223,-0.00539612029539512,0.014985449273458814,0.0
0.0,0.0,7.4444818629957155,-0.01912214411739133,0.02282521473382451,0.0
0.0,0.0,7.703329358301784,-0.009279549655742864,0.008625539783042025,0.0
0.0,0.0,8.418121043314109,-0.008585405437981131,0.015695695067510534,0.0
0.0,0.0,8.72325175196514,-0.013659131035843455,0.017125262594084,0.0001224749242272318
0.0,0.0,8.29735793920674,-0.027300293472857673,0.028800497858513692,0.0
0.0,0.0,8.460197719749383,-0.031537188037797495,0.030472429439346034,0.0
0.0,0.0,8.798761515420816,-0.018402951798501252,0.01928067220682011,0.0
0.0,0.0,9.218792034558609,-0.019390212961813886,0.024583420491530224,0.0
0.0,0.0,8.608663705055461,-0.029127986682298008,0.028665787874830668,0.00027511150297552026
0.0,0.0,8.183403670283727,-0.02160089429716418,0.019924234626569944,0.0
0.0,0.0,9.246628007671974,-0.010628987591741069,0.029323909003622937,0.0
0.0,0.0,9.09935538069578,-0.018986445992343465,0.03365025337199375,0.0021615563233819885
0.0,0.0,8.822513274529923,-0.022329718834539523,0.029529213841591195,0.0
0.0,0.0,8.719725519294608,-0.03710492491597203,0.030897161934934626,0.0
0.0,0.0,8.283141596729514,-0.040098112057405086,0.0351566747657051,0.0
0.0,0.0,7.722749289748208,-0.04550391386182143,0.03034856171611757,0.0
0.0,0.0,7.1748530045898935,-0.03359477050506106,0.03464093679526428,0.0
0.0,0.0,7.27324701517238,-0.0051291811563939195,0.01094300054888379,0.00045695667826224146
0.0,0.0,7.335719265341292,0.0,0.0008066096226663066,0.004776351821770571
0.0,0.0,7.130963237243222,0.0,0.0,0.005376174465007259
0.0,0.0,7.292595651535206,0.0,0.0,0.0024640354630396802
0.0,0.0,7.337059867157639,0.0,0.0,0.006019980480241366
0.0,0.0,6.93335083743582,-0.002569577481774472,0.004234148831723141,0.008095956956868712
0.0,0.0,7.570389283626978,-0.0067398443211587195,0.0,0.006056957482337755
0.0,0.0,7.270059252622245,-0.019521272726710857,0.008351822527291634,0.008136006127199577
0.0,0.0,7.308520076822059,-0.017688797061095832,0.012067461773309907,0.011658615704188982
0.0,0.0,7.484074002879832,-0.007909531717093988,0.0021728909999510436,0.008391408018892774
0.0,0.0,7.836210567981881,-0.004169887683784349,0.0044287376295302164,0.009696588856999925
0.0,0.0,7.7353228096783155,-0.01662373213802779,0.00830352523644988,0.013031118610946229
0.0,0.0,7.6819913632153725,-0.02903783968462049,0.00946234998537097,0.008423326069904804
0.0,-0.010717111254362772,7.813107257031345,-0.037684798906444814,0.010513310274877511,0.0072604601459180535
0.0,-0.09745074679470385,7.931399479598606,-0.04470186294984084,0.014727543928201758,0.00901458647240329
0.0,-0.3622125099798238,7.890571508299132,-0.05328014337450314,0.027952846350742466,0.004953776771770104
0.0,-0.460870934487111,7.124936972117858,-0.06740537318021655,0.03078987535153006,0.003654081245258474
0.0,0.0,7.279254629680423,-0.04356697285909853,0.01748370376916069,0.003588599097954551
0.0,0.0,7.410357705043009,-0.03091548962221846,0.024667108669468734,0.0012126922303236562
0.0,0.0,6.545435859359576,-0.026499804119056187,0.022207524370695526,0.0010217906103191412
0.0,0.0,6.644572975688502,-0.007486848116405295,0.013646213658790953,0.002066516334838544
0.0,0.0,6.885309079006733,0.0,0.0011733407857553821,0.0008994265023358507
0.0,0.0,6.758160727266116,0.0,0.0026691582534927936,0.0003969977631133487
0.0,0.0,6.474792026665635,-0.007087962557144731,0.008441781964063342,0.0016974264841385484
0.0,0.0,6.258073353946215,-0.015079557620609354,0.006969674491227236,0.0
0.0,0.0,6.088741571935507,-0.019210124442447053,0.010627002561368773,0.003634163778103168
0.0,0.0,6.431088540344066,-0.008970262736417975,0.002250058260694473,0.0028301320543130106
0.0,0.0,6.744841899945596,-0.007637341242464758,0.0030012952322693207,0.0006346433675323213
0.0,0.0,6.354387063443568,-0.014322473323628442,0.004330103738886067,0.0014200558921727414
0.0,0.0,6.204205098708223,-0.010073539514119368,0.0016894398850731823,0.0
0.0,0.0,6.692361473652379,-0.0030097380581182295,0.0014187726356529485,0.002742972216611578
0.0,0.0,6.630374785517385,-1.4977708430819367e-05,0.0,0.0028256063084714845
0.0,0.0,6.862897290959242,0.0,0.0,0.0007671176850529514
0.0,0.0,6.849507073949111,-0.01677637039853158,0.0043780035087674285,0.0006519227429563103
0.0,0.0,6.517408124372156,-0.03658169506472183,0.023024739180936615,0.002126890989481826
0.0,0.0,7.198725018020076,-0.024962569091460086,0.015545345441446447,0.0
0.0,0.0,7.036081991453247,-0.038476478761175915,0.027231259898620963,0.0
0.0,0.0,7.0023119833286005,-0.041656210105452,0.027442534037335497,0.003338415444321001
0.0,0.0,7.196729214477704,-0.02992899888485149,0.013881516747393408,0.0
0.0,0.0,6.442857022579934,-0.028036131218805254,0.015326590481236742,0.0
0.0,0.0,6.874322383425491,-0.015166229110212367,0.005556104187482408,0.0023494386956169596
0.0,0.0,7.172297431024591,-0.00662707610914848,0.0011965572053363109,0.0014027528911500988
0.0,0.0,6.483011824690368,-0.025896380293928316,0.003729919561144106,0.0
0.0,0.0,6.656458298201445,-0.028027189759456412,0.00837453324711031,0.0008845085269040722
0.0,-0.03957792369743188,6.818360673637668,-0.04505993024129866,0.026715937031647614,0.003211477611025045
0.0,-0.10411187610964504,6.065976884023445,-0.05813608466361682,0.026118504746857275,0.0011760483149049655
0.0,0.0,6.155720155767933,-0.03946627623823956,0.027571615710986586,0.0
0.0,0.0,6.435630216155086,-0.012364800194420966,0.01274159135348584,0.00514769893959433
0.0,0.0,6.326962824405861,-0.005988407372847676,0.008535232099824179,0.002036931645354579
0.0,0.0,5.669715249391046,0.0,0.0,0.007478979818654091
0.0,0.0,6.117428584795525,0.0,0.0,0.006216333127384612
0.0,0.0,6.761434221369422,0.0,0.0,0.009119947862525938
0.0,0.0,6.581585657355762,0.0,0.0,0.00787594872314882
0.0,0.0,6.192340451858262,-0.0010597837916195244,3.440774159068737e-05,0.010599798993145833
0.0,0.0,6.10784012188938,-0.014893503695768038,0.011286283417204732,0.008716973634966103
0.0,0.0,6.046267745792372,-0.029390841723563054,0.01464246434745406,0.010793540292049129
0.0,0.0,6.050024794152331,-0.022076408855996075,0.013817185281410568,0.008051962529484934
0.0,0.0,6.515197364197549,0.0,0.0,0.009736129517217387
0.0,0.0,6.498188634169415,0.0,0.0,0.00907611875381238
0.0,0.0,6.349265899060418,-0.009981924012256085,0.000262628932610763,0.009096581619642665
0.0,0.0,6.473946283013801,-0.01849146147496194,0.0,0.009318702978209888
0.0,-0.00553216872901235,6.704565470944165,-0.049157416284339873,0.009548351081076985,0.005083511317434253
0.0,-0.9659022367162919,6.126681278232044,-0.07147770689096761,0.02928751794592897,0.0069938647726712514
0.0,-0.6382384276035323,5.830905296047062,-0.07472674518230149,0.033423293604285295,0.004992399373085392
0.0,0.0,5.7447101983916005,-0.047913592752475254,0.020690086994280717,0.005419154929351798
0.0,0.0,5.685574612564786,-0.021467814522087885,0.011981274756810737,0.005552547561898554
0.0,0.0,5.60151577245993,-0.009910308430271351,0.010828654576358883,0.006787675594209702
0.0,0.0,5.366691475843693,-0.00030284639865564464,0.008725804383498516,0.008450575878026126
0.0,0.0,5.4069847296114055,0.0,0.0,0.006143217105723884
0.0,0.0,5.328507121748715,-0.0027827654448476817,1.6187265380559175e-05,0.006433078906348337
0.0,0.0,5.245183091022005,-0.014218366401526739,0.005160883434548731,0.007660216987748614
0.0,0.0,5.112903879245259,-0.02491221780067305,0.009063095258770193,0.005664551166512958
0.0,0.0,5.097469468218803,-0.023730609922569448,0.005667051238469042,0.006148939703402949
0.0,0.0,5.254143532351554,-0.02423477749305263,0.02149285586420383,0.00970640334725864
0.0,0.0,5.186715824147786,-0.016449788593141855,0.016913715503189642,0.009559871178228195
0.0,0.0,5.190805806133108,-0.0030103467393747855,8.696873536814876e-05,0.004651684809473436
0.0,0.0,5.141529254493252,0.0,0.0,0.009806767475887148
0.0,0.0,5.81604488852909,0.0,0.0,0.009211827261837259
0.0,0.0,5.646295990702857,-0.007985932879155902,0.0,0.005755032054936686
0.0,0.0,5.3413163526968805,-0.024757686498042546,0.007211128621894188,0.007735781484223714
0.0,0.0,5.576849781363227,-0.023712860637489445,0.00577283761879245,0.007878575147666806
0.0,0.0,5.962677916467656,-0.02149955647678306,0.006393831966460829,0.009542791609394672
0.0,0.0,5.575457906758501,-0.02574153421252513,0.009488216555162656,0.009777595770314097
0.0,0.0,5.559460944175101,-0.018175642939835625,0.010810023475900678,0.00919487866861399
0.0,0.0,5.511776518719849,-0.012207305384669864,0.01478241773646343,0.005648581699313994
0.0,0.0,5.424567214223417,-0.00786262139392992,0.003800684584513924,0.009744508030520727
0.0,0.0,6.39133810239893,0.0,0.0,0.008040098163466828
0.0,0.0,5.9456813603355965,-0.024134006914750445,0.012157786099463549,0.006943890745797291
0.0,-0.3840474205876852,5.218798747045524,-0.06813163973567717,0.01852438748313682,0.005889456291546067
0.0,-0.30173508201957056,5.467761360103687,-0.06385396262857525,0.019681343977381617,0.007018843523134437
0.0,-0.0699050202852107,5.223634917567929,-0.052427979821244385,0.01920487685312846,0.009123406828514705
0.0,0.0,5.025780038651775,-0.02689560808112047,0.008310650937086557,0.0073925885438724855
0.0,0.0,4.679598938808762,-0.01120578838571769,0.0014291305509585577,0.005395963055041357
0.0,0.0,4.481552414005909,-0.0019826741314115286,0.0,0.008426912644421088
0.0,0.0,4.848999578268518,0.0,0.0,0.009418871838463603
0.0,0.0,4.606736725931733,0.0,0.0,0.007418950241052697
0.0,0.0,3.9197087540316504,-0.0057367050627697,0.0,0.011363404747350092
0.0,0.0,4.143287703937071,-0.004994272185710637,0.0,0.008486478080061175
0.0,0.0,4.4239920707200495,-0.0054993184280422176,0.0,0.005591620345520134
0.0,0.0,4.477313303098072,-0.01550273313966433,0.013013333641285638,0.009650613304635744
0.0,0.0,4.317007053733104,-0.0009779079121198012,0.005502693252097992,0.009660958897924024
0.0,0.0,4.926570069485533,0.0,0.0,0.0053427610275778355
0.0,0.0,5.0953628678729315,0.0,0.0,0.007262604490264321
0.0,0.0,5.297237187298997,0.0,0.0,0.00900512517851742
0.0,0.0,5.141832014828142,-0.009326777912651872,0.0,0.0020796051309290298
0.0,0.0,4.7147855697087575,-0.03847338695940396,0.0026762260462301186,0.0033882310375305163
0.0,0.0,4.966691347419017,-0.04080454037842694,0.013136153532938016,0.0022092178015775134
0.0,0.0,4.688428069926259,-0.03372979714252425,0.011012105378440485,0.002981066132243258
0.0,0.0,4.387208569912047,-0.011718241921331349,0.0,0.00446106759357197
0.0,0.0,4.560278976016846,-0.002304341811431347,0.0,0.002128389176773071
0.0,0.0,4.915131581398367,0.0,0.0,0.0035074662713641134
0.0,0.0,4.375606804046557,-0.00277276279793574,0.0,0.0031635723744146463
0.0,0.0,4.393445396724851,-0.0074583271356817,0.0,0.003629476083857038
0.0,0.0,4.150929386948411,-0.02608472864368335,0.006410513896693573,0.002521494641082109
0.0,0.0,4.27293722370626,-0.03721063095783349,0.004044664085127356,0.0044896052061330245
0.0,0.0,4.3327854574300595,-0.03115412875004316,0.010498280064200902,0.0004531732423171484
0.0,0.0,3.7982728350762884,-0.033526133010671595,0.011576516258499028,0.0046482782186246015
0.0,0.0,4.083501879237117,-0.011295925418186999,0.0025450873574407906,0.0030348405346854
0.0,0.0,4.165576936760374,0.0,0.0,0.004698729142378363
0.0,0.0,4.1169397376586145,-0.0008294212220293524,0.0,0.006221813643026571
0.0,0.0,3.8702719783121737,-0.0001156916570372452,0.0,0.005205071823928521
0.0,0.0,3.985900520320329,-0.0072768514098748485,0.0,0.006678213544249007
0.0,0.0,4.1414443191139165,-0.016129871427759877,0.0,0.008100540675352808
0.0,0.0,3.9756668456938042,-0.027461341338039662,0.0,0.0037019104538058172
0.0,0.0,3.8265007804467572,-0.03251623686905192,0.0030961076050173048,0.004906739822537662
0.0,0.0,4.030579546983828,-0.020816039529886265,0.005915625159888168,0.007909354562639305
0.0,0.0,3.870294739144314,-0.007996386243207091,0.0,0.006208404543763939
0.0,0.0,4.210429698410274,0.0,0.0,0.008070810035054148
0.0,0.0,4.5239116761650875,0.0,0.0,0.006813383660302855
0.0,0.0,4.105482425073875,-0.0040680691182613405,0.0,0.008087670580833714
0.0,0.0,4.330764395228094,-0.015895746284414675,0.0006586288696601749,0.005017490644682504
0.0,0.0,4.050328338525373,-0.03573098236881127,0.00917272203970251,0.00466871059779612
0.0,0.0,3.697882461946379,-0.015952172669839337,0.00020121087010740768,0.005819347278184712
0.0,0.0,3.697882461946379,-0.015952172669839337,0.00020121087010740768,0.005819347278184712
0.10696481729140055,0.0,3.2163946314407306,0.0,0.0,0.01280557827995269
0.4988944002828542,0.0,3.867032379723068,0.0,0.0,0.009293030076702341
0.4988944002828542,0.0,3.867032379723068,0.0,0.0,0.009293030076702341
0.3198149066287503,0.0,3.4507545186001907,0.0,0.0,0.013359941223484264
0.0,0.0,3.729386815145621,-0.017704902167374158,0.0,0.007750296004351206
0.0,0.0,3.729386815145621,-0.017704902167374158,0.0,0.007750296004351206
0.0,0.0,3.6547446920760494,-0.031070998749472934,0.0,0.010471851685705694
0.0,0.0,4.308977982004863,-0.017319779383096492,0.0,0.012923384434865215
0.0,0.0,4.0541294610282375,-0.016913278541628513,0.0,0.011069577541018557
0.0,0.0,4.490561234551346,-0.010020129521306879,0.0,0.009125339652324472
0.0,0.0,4.490561234551346,-0.010020129521306879,0.0,0.009125339652324472
0.0,-0.1414895006975999,3.92108181807835,-0.05166144891969564,0.0,0.011823087465051705
0.0,-0.23981822442327175,4.151951399378093,-0.04613274479141137,0.0,0.009276479290209156
0.0,-0.23969002867131786,4.267093279455355,-0.042348185901242605,0.0,0.0077278697169402225
0.0,-0.04089276832837857,3.6785601149746534,-0.04487015586456804,0.0001475485741383343,0.0096840596832918
0.0,0.0,3.83460737881653,-0.014864213260192332,0.0,0.00751886695442702
0.0,0.0,4.184659835057454,0.0,0.0,0.00985119238344443
0.0,0.0,4.145951048989831,0.0,0.0,0.010013940107635146
0.0,0.0,3.534218535394369,-0.008261888939197342,0.0,0.011513551643019726
0.0,0.0,3.7254538592101847,-0.010063779185113563,0.0,0.010242776790104
0.0,0.0,3.5169846114564107,-0.016342067915931353,0.0,0.011562536034274113
0.0,0.0,3.172925374427295,-0.02397670983807821,0.0032827681830678683,0.014192341932919197
0.0,0.0,3.4505763113722665,-0.016018965422524938,0.0,0.006318689188789353
0.0,0.0,3.2859662948914283,-0.017851554900719876,0.0042092659100932805,0.008885352431872832
0.0,0.0,3.328075212487382,-0.009248365800307844,0.0,0.010509899422879157
0.0,0.0,3.7091878373713163,-0.005194068924890042,0.0,0.0101141362634577
0.0,0.0,3.6727272317975888,-0.006859029543420733,0.0,0.00882951177924311
0.0,0.0,3.225564483471012,-0.016549291914590886,0.0,0.01111229226874874
0.0,0.0,4.231174978222058,-0.008522007848184372,0.0,0.009683870649815835
0.0,0.0,3.8862050440304072,-0.03354361104844241,0.0,0.009167870747529535
0.0,-0.175331192941418,3.211154635336835,-0.0573480910238157,0.0160064307340173,0.008415710584349959
0.0,0.0,3.6721624436913265,-0.032947968676344856,0.0,0.010167043494899334
0.0,0.0,4.181967050733947,-0.02356550439435124,0.011600712262191667,0.00912508900951802
0.0,0.0,3.887271111997266,-0.02523391628038767,0.0027221692053450977,0.013916320115099485
0.0,0.0,4.229435040867682,-0.021109779106023147,0.0,0.0032866245751156037
0.0,0.0,4.543897937287667,-0.02552467276426934,0.0,0.0069664476876503305
0.0,0.0,3.8889021904484466,-0.04820181580583337,0.0065983160676451715,0.006593531985503441
0.0,0.0,3.7404197028558466,-0.05330990009081752,0.00707909407299997,0.005577470181347508
0.0,-0.08209236847868098,3.4399800672949126,-0.05718815812764577,0.014752629821610085,0.006763800232176305
0.0,0.0,3.1144561427405293,-0.049988916619600754,0.015686935793171455,0.007575763463546112
0.0,0.0,3.1636034418354955,-0.011454184697010738,0.0,0.006920098643552951
0.0,0.0,3.1440460970453517,0.0,0.0,0.010217614392086691
0.0,0.0,2.956520148026405,0.0,0.0,0.008406944457169316
0.0,0.0,2.91935424670912,-0.0004566683900428598,0.0,0.005760731954163778
0.0,0.0,2.930825778018358,-0.0024023571275021602,0.0,0.007550028701781927
0.0,0.0,2.7959111511068793,-0.003590307882484282,0.0,0.0048406664833620505
0.0,0.0,2.561321483646582,-0.017328358382730967,0.0,0.00847485202168268
0.0,0.0,2.39198521096358,-0.016697286856302514,0.0,0.00675675463470958
0.0,0.0,3.2351266153232485,0.0,0.0,0.009734654779308436
0.0,0.0,3.3293561744918856,-0.001327931518596615,0.0,0.007798404800484225
0.0,0.0,2.823608880430549,-0.010396807537403643,0.0,0.00833844565837886
0.0,0.0,3.1656241678931822,-0.009524994995882888,0.0,0.004626281357260132
0.0,0.0,3.1187561205776353,-0.030623042867839928,0.0,0.005686219722537187
0.0,0.0,2.599892837446598,-0.044214536465006025,0.0,0.005383264857975452
0.0,0.0,2.6375332075485183,-0.04293571179073373,0.0,0.0024985943600914205
0.0,0.0,2.8032649461739503,-0.02698812883522208,0.00036692301564944985,0.004369048854800903
0.0,0.0,2.4809904564300362,-0.02332148194762717,0.0,0.0022343037895197555
0.0,0.0,2.68897173242887,0.0,0.0,0.0027026851087905987
0.0,0.0,2.765669345271509,0.0,0.0,0.003825817034900498
0.0,0.0,2.510198706946707,-0.0059931607547312835,0.0,0.004061964525020583
0.0,0.0,2.5202734499752033,-0.013884064408143118,0.0,0.0007521330094260582
0.0,0.0,2.9095055002048174,-0.023232810315463013,0.0,0.004528298192150939
0.0,0.0,2.6818844715765344,-0.0439765903058873,0.0062537495718990544,0.0008009070994394723
0.0,0.0,2.4857064532734414,-0.04683746524525375,0.003238791991810061,0.0
0.0,0.0,2.694921891826087,-0.0276254259371247,0.0,0.00031834083428004453
0.0,0.0,3.043878550952186,-0.014182910091248346,0.0,0.0009605992890814157
0.0,0.0,2.8457534614446947,-0.01159297827164886,0.0,0.0027707947529993877
0.0,0.0,2.917139465661895,-0.004034534197188185,0.0,0.002002099113627482
0.0,0.0,3.282589566293633,-0.0023282045470310337,0.0,0.0009466523272249075
0.0,0.0,2.9152776578459316,-0.03209479187139745,0.0018170567764681108,0.001257656178468306
0.0,0.0,2.655724914928217,-0.033358536241954215,0.0,0.0
0.0,0.0,2.788155574645295,-0.029615222553305502,0.004695799276477638,0.0
0.0,0.0,2.7149162491892116,-0.039363347857654565,0.007836657035376119,0.0007760532329913111
0.0,0.0,2.445554900120407,-0.03351310279373643,0.0019897311328358888,0.0
0.0,0.0,2.633048262753987,-6.525248735006692e-05,0.0,0.00015295580277103148
0.0,0.0,2.8117691208681035,0.0,0.0,0.0006258271207171015
0.0,0.0,3.080500921512071,0.0,0.0,0.002336994611887558
0.0,0.0,2.8214922920967416,-0.014163439842383916,0.0,0.0
0.0,0.0,2.37897859362496,-0.026654395985785544,0.0,0.0
0.0,0.0,2.6956484538993144,-0.019525272234878946,0.0,0.0
0.0,0.0,2.5197799480990293,-0.031219945391371396,5.664611940848516e-05,0.0
0.0,0.0,2.2675242779593527,-0.019167226978395874,0.0,0.0
0.0,0.0,2.531991872307377,-0.0020253827491889787,0.0,0.0
0.0,0.0,2.4426663808233373,0.0,0.0,0.004073045845649688
0.0,0.0,2.4188651235356855,0.0,0.0,0.005703725205973849
0.0,0.0,2.2554081100138923,-0.008530568098186354,0.0,0.00034992269695077575
0.0,0.0,2.2109834288781087,-0.022533281680343697,0.0,0.001930691373802165
0.0,0.0,2.211939706717343,-0.010875750649939984,0.0,0.0012417389962244608
0.0,0.0,2.0964356016070633,-0.011848243509611707,0.0,0.0038415691880388943
0.0,0.0,2.3771094752030053,-0.004693872725323904,0.0,0.00422070279919731
0.0,0.0,2.4553439754021182,-0.006696903478312389,0.0,0.001701498945352177
0.0,0.0,2.531438396344002,-0.009120695550075185,0.0,0.003478613242971261
0.0,0.0,2.8630201108324815,-0.013314312061716665,0.0,0.004459092211811
0.0,0.0,2.741317877826492,-0.04012682735357288,0.0,0.0010515743464304878
0.0,0.0,2.316638210142711,-0.06530449383346278,0.0,0.0027578426403117523
0.0,0.0,2.467813132627836,-0.0596348906259046,0.0,0.003410549094691366
0.0,0.0,2.7226623401913734,-0.04874890946696958,0.0,0.0036909309802143743
0.0,0.0,2.390397459065739,-0.03928491253323402,0.0,0.0023089840808046013
0.0,0.0,2.4508411945347115,-0.012297986245990178,0.0,0.004147833902017495
0.0,0.0,2.855032209236531,0.0,0.0,0.00606072078218687
0.0,0.0,2.93479981673195,-0.0016569031892014168,0.0,0.009230032635482754
0.0,0.0,2.535601777862982,-0.015269945315919162,0.0,0.005733052562598923
0.0,0.0,2.437491028471994,-0.02259159464876203,0.0,0.006312775869160311
0.0,0.0,2.641092400335992,-0.026764800633227885,0.0,0.009818896597030825
0.0,0.0,2.5507038061994947,-0.03732148171134157,0.0,0.009612729459452535
0.0,0.0,2.2350089687872314,-0.03932850709042239,0.0,0.006830308375787018
0.0,0.0,2.367946778275633,-0.01946244202883029,0.0,0.007464092721056236
0.0,0.0,2.671710397956226,-0.0018153676272702431,0.0,0.012466763298122813
0.0,0.0,2.4637364385156326,0.0,0.0,0.014339231428275517
0.0,0.0,2.6711570875209025,-0.00492744566232533,0.0,0.008694629287564528
0.0,0.0,2.618845401154235,-0.02196822313574763,0.0,0.011141279967924555
0.0,0.0,2.617995420960054,-0.04028774631323179,0.0,0.01446738423941461
0.0,0.0,2.5940211080297337,-0.06318630394743009,0.0,0.010205297935077554
0.0,0.0,2.1506041281056096,-0.07484971658190574,0.0,0.011259436899569968
0.0,0.0,2.2935030150908284,-0.05042701082234957,0.0,0.01020431429378987
0.0,0.0,2.465217555824369,-0.021619456656497754,0.0,0.013686649347514224
0.0,0.0,2.3497333066048123,-0.019703948886081173,0.0,0.011815822659355355
0.0,0.0,2.4114481277215933,-0.007677904045783772,0.0,0.009790916410545483
0.0,0.0,2.9081260453644178,-0.0131839003870005,0.0,0.0104977555707273
0.0,0.0,2.7453801203995423,-0.02989705503996326,0.0,0.013033624857518184
0.0,-0.02091689505514488,2.4023306450919923,-0.07074815223475957,0.0,0.010020256472067599
0.0,-0.12913282641830506,1.840180401713226,-0.08512629050480128,0.0,0.00948285400891285
0.0,0.0,2.2612141971168933,-0.04959399626734189,0.0,0.009172012772816247
0.0,0.0,2.3627624912800753,-0.028794314132957178,0.0,0.012683237355500898
0.0,0.0,1.9099248557233792,-0.014692153326619778,0.0,0.011652566203496813
0.015444913059560814,0.0,2.0734728944691976,-0.002253249205883559,0.0,0.009450284078812817
0.314951282756873,0.0,2.577708782461861,0.0,0.0,0.01361201092605981
0.07160780801162504,0.0,2.6314469106899496,-0.01103847434033464,0.0,0.01416705134698815
0.0,0.0,2.0400478969562563,-0.045952612204757624,0.0,0.011957668602884778
0.0,-0.06662580327347213,2.0166937690322904,-0.07266120316944231,0.0,0.01194997781357671
0.0,0.0,2.0911786031582213,-0.07505735068975598,0.0,0.015079373393414804
0.0,0.0,2.4653778375983277,-0.04936382156405811,0.0,0.009773068479446917
0.0,0.0,2.2526570158099983,-0.04364016700133495,0.0,0.010041595355340344
0.0,0.0,2.1074614227604127,-0.026355085202190886,0.0,0.009355044432764298
0.0,0.0,2.7025611349507437,0.0,0.0,0.013925581831967427
0.0,0.0,2.961972635732971,-0.005507788115295972,0.0,0.014655310883646447
0.0,0.0,2.46774042911522,-0.036971418051458795,0.0,0.008413392732458573
0.0,0.0,2.3456727411008846,-0.06612331307515508,0.0,0.007745630631677655
0.0,-0.042254304721358216,2.442980124508318,-0.064866690601052,0.0,0.009914270202356365
0.0,-0.3079724710716141,2.1430277274346192,-0.08646974459333752,0.0021740218478332176,0.009216738109280833
0.0,-0.390581618607796,1.8846867867746444,-0.08211618901499775,0.0018392153410845533,0.007042115013793279
0.0,0.0,1.4559466744889282,-0.06479918329258169,0.0,0.007205717623872091
0.0,0.0,1.7748716046763913,-0.011490679730702311,0.0,0.011503211387216805
0.0,0.0,1.975978980304681,0.0,0.0,0.01328873302563339
0.01249004494714972,0.0,1.6266990846157483,0.0,0.0,0.012330936228269546
0.0,0.0,1.8322105837754243,0.0,0.0,0.011411790068118726
0.0,0.0,1.957979414920684,-0.016429198130041282,0.0,0.011309740599283247
0.0,0.0,1.7683786633266663,-0.0571926947708966,0.0,0.010289423068740899
0.0,0.0,1.2702911805923296,-0.0789601646239915,0.000295821468902088,0.009899813427909193
0.0,0.0,1.9254878842965764,-0.06071292999185327,0.0,0.008882208442189236
0.0,0.0,1.876219321349176,-0.04174480568413673,0.0,0.014286489751659085
0.0,0.0,2.1246127351380495,-0.016755660824324094,0.0,0.013442635069334347
0.0,0.0,2.058441731438526,-0.015149059533766444,0.0,0.01436507072597451
0.0,0.0,2.1578552540487097,-0.033405772719681995,0.0,0.010021148885095301
0.0,0.0,2.227154846731191,-0.044236866339276835,0.0,0.014883864864610127
0.0,0.0,2.6427836743409463,-0.059654639130912755,0.0,0.012696604744586653
0.0,-0.06647893756288671,2.2624570503109496,-0.08016691968373939,0.0,0.008355973444535354
0.0,0.0,2.1571761376795036,-0.07933569037341259,0.0,0.011806149048463695
0.0,0.0,1.8327673764698649,-0.0673581473048965,0.0,0.009829306939044168
0.0,0.0,1.7929285021223857,-0.03954248621304625,0.0,0.011416454195613834
0.0,0.0,1.9633524735496362,-0.015106021560994281,0.0,0.016665473581535476
0.0,0.0,1.9096708005874554,-0.012594807386808973,0.0,0.012007202940642161
0.0,0.0,1.795111499711597,-0.02012107297327878,0.0,0.015116528675511462
0.0,0.0,1.7753051955217458,-0.04009897787432722,0.0,0.011840411493351648
0.0,0.0,1.6345757305394035,-0.05007994905284778,0.0,0.014724558482102607
0.0,0.0,1.8657456886887864,-0.06989504365067445,0.0,0.013673805636717898
0.0,0.0,1.7671900497588389,-0.07901369159487592,0.0,0.012656289172928076
0.0,0.0,1.4664129924043494,-0.07917748927655797,0.0,0.01591285459483685
0.0,0.0,1.9061664605334059,-0.054170928021132526,0.0,0.01355104096052498
0.0,0.0,1.7981590153072964,-0.03478794207262666,0.0,0.014574205087434266
0.0,0.0,1.5896142279139471,-0.036034079158428094,0.0,0.01904303970107577
0.0,0.0,1.6406828334805716,-0.0384452473891853,0.0,0.015947247449259013
0.0,0.0,1.56180570281277,-0.04678603919648707,0.0,0.015563438560941101
0.0,0.0,1.7316970386165411,-0.03175455892914595,0.0,0.0183529032172143
0.0,0.0,1.8743660331354381,-0.030300740446920445,0.0,0.01715987043547704
0.0,0.0,1.4439964777771415,-0.051204784773891565,0.0,0.01575311448831227
0.0,0.0,1.3759770769527975,-0.051920431002014454,0.0,0.015101089007367813
0.0,0.0,1.6590470044426144,-0.03658151947243292,0.0,0.016639866706383306
0.0,0.0,1.3896058226677943,-0.02851764607757793,0.0,0.0214235769438145
0.0,0.0,1.4498571046764988,-0.03312436216371572,0.0,0.0208662220178533
0.0,0.0,1.4253362629274136,-0.03316865927787703,0.0,0.01590425060323145
0.0,0.0,1.5042404292169387,-0.02756701399855586,0.0,0.019231815500043253
0.0,0.0,1.728244694058994,-0.019790157375982213,0.0,0.019786226993653972
0.0,0.0,1.93052084834865,-0.02016963154288449,0.0,0.019827790592068534
0.0,0.0,1.7989429644497101,-0.042586823259822236,0.0,0.01971972428613277
0.0,0.0,1.7318604671640667,-0.05414926309861422,0.0,0.02056698936549542
0.0,0.0,1.8374063352857064,-0.06369458975436121,0.0,0.018712856693329345
0.0,0.0,1.7987657333054892,-0.06831548822208186,0.0,0.019364484140807187
0.0,0.0,1.564649398349732,-0.06583360427180077,0.00039864120398991316,0.01672505275114718
0.0,0.0,1.6368731234455836,-0.051317915388537236,0.0,0.016765527132623567
0.0,0.0,1.4138869781861163,-0.0334592681517641,0.0,0.017362929409461804
0.0,0.0,1.5078172575760111,-0.02383594886958513,0.0,0.02003131529343734
0.0,0.0,1.536199008775031,-0.015311378471837268,0.0,0.019690019679440167
0.0,0.0,1.4941030525873924,-0.018790892993786633,0.0,0.019505602230960834
0.0,0.0,1.4470512537992888,-0.0295074659332273,0.0,0.018918540521980966
0.0,0.0,1.5105530709964734,-0.042132006504310524,0.0,0.017958899072650955
0.0,0.0,1.396660715665042,-0.047255472421362264,0.0,0.019656939549458668
0.0,0.0,1.4334162435777453,-0.052578043174049696,0.0,0.018285565354191367
0.0,0.0,1.21518665173335,-0.052629849236516604,0.0,0.021151725385670644
0.0,0.0,1.3353619534899015,-0.04361543259397685,0.0,0.02118875598900284
0.0,0.0,1.318917718753089,-0.0431853711693528,0.0,0.02175443894851641
0.0,0.0,1.329343841475881,-0.027696357161634887,0.0,0.024633886778963315
0.0,0.0,1.730683873134593,-0.014951372454067432,0.0,0.02461656582147505
0.0,0.0,1.4957044369519665,-0.026828980116802854,0.0,0.02514402788965625
0.0,0.0,1.4038682401570204,-0.03145454074915813,0.0,0.025390288031764446
0.0,0.0,1.5982649286217172,-0.026382833584099354,0.0,0.022081207114113856
0.0,0.0,1.4907116620334322,-0.02916307835872476,0.0,0.0259081289972167
0.0,0.0,1.4171084963513818,-0.03386973594382648,0.0,0.027942003462777826
0.0,0.0,1.6893993104224243,-0.03551266324846552,0.0,0.02866565681276164
0.0,0.0,1.542338244772473,-0.050096910386006055,0.0,0.026871865895832698
0.0,0.0,1.4375790049143196,-0.05384329972924966,0.0,0.026265212287529184
0.0,0.0,1.5202710772882255,-0.04189424868396916,0.0,0.027846636705955673
0.0,0.0,1.472306116337255,-0.04009414595494222,0.0,0.0290817188770659
0.0,0.0,1.4273000701554894,-0.03162825361850413,0.0,0.026777064929946897
0.0,0.0,1.5543366203167188,-0.022721884504204218,0.0,0.027262669339169775
0.0,0.0,1.5873897122465248,-0.026553772588475653,0.0,0.02968600650879366
0.0,0.0,1.531815979802946,-0.033463864369356146,0.0,0.031313418573972594
0.0,0.0,1.5393284838535013,-0.047296918981557926,0.0,0.027666712248773297
0.0,0.0,1.5115314764800667,-0.049965112187926264,0.0,0.02855142115261607
0.0,0.0,1.4720146408630677,-0.04742196271833911,0.0,0.02776567609626765
0.0,0.0,1.4439859112368505,-0.04194079057177095,0.0,0.02608902241750734
0.0,0.0,1.2776092986981527,-0.04546687296631579,0.0,0.027604347518772398
0.0,0.0,1.0188944359676269,-0.0453608196440488,0.0021202673066349387,0.030147815118716982
0.0,0.0,0.8090538675093051,-0.030420171033651255,0.0,0.02619191313818267
0.0,0.0,0.8179104031531026,-0.012064161905232084,0.0,0.029974232760732668
0.0,0.0,0.8601378696016365,-0.003669827864016567,0.0,0.03478387659594072
0.0,0.0,0.7080940437548201,-0.007980598208117754,0.0,0.02912193054558939
0.0,0.0,0.7701388457894662,-0.016067533972027686,0.0,0.029825047732951505
0.0,0.0,0.6450113233968976,-0.034972935685758565,0.0,0.029169410426435984
0.0,0.0,0.650601564197375,-0.04436987721366248,0.0,0.029026864620989568
0.0,0.0,0.5170875003161964,-0.04819675327459784,0.0,0.028367227092084956
0.0,0.0,0.4500433458528411,-0.048084794662183884,0.0,0.03176648125557803
0.0,0.0,0.4552570739599314,-0.04334558983688871,0.0,0.02999900370901861
0.0,0.0,0.48749517018201605,-0.0446277465480401,0.0,0.027204351949136747
0.0,0.0,0.4352021530552531,-0.04424609241778989,0.0,0.028775542879120375
0.0,0.0,0.4082029632406762,-0.034668609382015866,0.0,0.028357117299421676
0.0,0.0,0.6751062954801553,-0.024286160915703778,0.0,0.028278407358397917
0.0,0.0,0.632825672272606,-0.02923051984357828,0.0,0.0332722556497098
0.0,0.0,0.7136363577366864,-0.03362256026562202,0.0,0.03080073061151592
0.0,0.0,0.7537304156399898,-0.05537806709022347,0.0,0.02811166374143927
0.0,0.0,0.6952795059748184,-0.07430603245016436,0.0,0.028008243908093523
0.0,0.0,0.7138858212166695,-0.06431044745531958,0.0,0.026552918996263285
0.0,0.0,0.687267753522087,-0.04942246273230526,0.0,0.02901292623738449
0.0,0.0,0.6952780542971595,-0.04381370356356443,0.0,0.03123303025881915
0.0,0.0,0.6606589890352562,-0.04620657477158153,0.0,0.0300500262997145
0.0,0.0,0.5840853536565567,-0.035428808043152904,0.0,0.02734107364396466
0.0,0.0,0.5575047563504163,-0.03211629569838551,0.0,0.032903706374286926
0.0,0.0,0.5064576271527378,-0.025297048024878054,0.0,0.03126765615350117
0.0,0.0,0.5046274335539584,-0.023561512603895156,0.0,0.0333373873641714
0.0,0.0,0.4748856572007288,-0.02127049987222252,0.0,0.03184970033427618
0.0,0.0,0.4829905100381512,-0.024520768409417488,0.0,0.030700447292805605
0.0,0.0,0.4732840609353445,-0.02719749547493654,0.0,0.03530704933954094
0.0,0.0,0.7445587045784555,-0.028945327891045952,0.0,0.03382205429221815
0.0,0.0,0.6648152324635391,-0.041415820579891155,0.0008340353053025494,0.034700249164158314
0.0,0.0,0.6333533100428694,-0.03941432332541489,0.0,0.03145751455448335
0.0,0.0,0.7128867828238015,-0.0344183208212362,0.0,0.03452484402963489
0.0,0.0,0.7070475115055814,-0.031848687647776056,0.0,0.035680167335820454
0.0,0.0,0.657330625712849,-0.04369387948836033,0.0,0.033174593815269285
0.0,0.0,0.5540462492776317,-0.041361041231682064,0.0,0.033796290287583984
0.0,0.0,0.5014087061871165,-0.04019751661760897,0.00041501100915284077,0.03803283649162837
0.0,0.0,0.5901624067176396,-0.03352647181578254,0.0,0.03395696526443531
0.0,0.0,0.7680080213957626,-0.02389291678272698,0.0,0.03729113787612922
0.0,0.0,0.644588572930358,-0.03171021952130265,0.0,0.036115744416981434
0.0,0.0,0.5824074182019057,-0.03442775355390922,0.0,0.03510551274713035
0.0,0.0,0.559092728592231,-0.03689273703363048,0.0,0.03697061194119229
0.0,0.0,0.5598204522058075,-0.05419093847520712,0.0,0.0333996476954741
0.0,0.0,0.585585722929489,-0.06339569593138336,0.0,0.036547862194375516
0.0,0.0,0.48313115815336183,-0.06549352817680815,0.0,0.03501943178783761
0.0,0.0,0.6334617772510439,-0.053938066562620034,0.0,0.034844944659258414
0.0,0.0,0.6193670855850878,-0.04580871115398712,0.0,0.037880032340543476
0.0,0.0,0.6566205034852193,-0.04055701667090239,0.0,0.03493987151702854
0.0,0.0,0.38941817122443195,-0.04050371817127815,0.0,0.04013702511135559
0.0,0.0,0.43867800522947864,-0.0375661111266883,0.0,0.03885088889449552
0.0,0.0,0.4286687409379545,-0.048324926214531966,0.0,0.037566986323594294
0.0,0.0,0.35139288912186867,-0.04209122259758364,0.0,0.03396135991870626
0.0,0.0,0.4553691021258558,-0.03737788888601238,0.0,0.03734341536923684
0.0,0.0,0.5280558192805321,-0.034907320236511476,0.0,0.03285900956578801
0.0,0.0,0.5929505103843385,-0.03392369872686909,0.0,0.03323931259147045
0.0,0.0,0.5882038724833186,-0.043542430900640014,0.0,0.03573093444351466
0.0,0.0,0.5189127632642748,-0.047401576209739206,0.0,0.03724644406657161
0.0,0.0,0.543086130097786,-0.04986383822951425,0.0,0.033649139661223265
0.0,0.0,0.49354445240592015,-0.05445722462460504,0.0,0.034537614273488094
0.0,0.0,0.36165348930301533,-0.061658732343708236,0.0,0.034430614355118704
0.0,0.0,0.3309793374090383,-0.044003389531932266,0.0,0.03519888971808506
0.0,0.0,0.330282155722756,-0.036189960851904006,0.0,0.034340049356717986
0.0,0.0,0.3965790478462943,-0.025276541246452684,0.0,0.03340341190370655
0.0,0.0,0.18211529723107106,-0.02009115271332583,0.0,0.031305445929581024
0.0,0.0,0.25408616308749676,-0.019119784248567757,0.0,0.033991514632116505
0.0,0.0,0.08093374834106595,-0.02920258234643226,0.0020749151026171757,0.03554040994126487
0.0,0.0,0.08641542864898058,-0.03252955634156337,0.0015384262424959485,0.029792146763872197
0.0,0.0,0.14017040562685681,-0.03523667727326968,0.0,0.03265708502413632
0.0,0.0,0.21223556861028134,-0.03380957782238021,0.0,0.031537400113090384
0.0,0.0,0.12638158011023198,-0.03153565231686373,0.0,0.03585567126412754
0.0,0.0,0.2184806163666353,-0.0271763831203632,0.0,0.03208918770298918
0.0,0.0,0.0837602397706586,-0.039027376998477505,0.0,0.032492531916592245
0.0,0.0,0.10213474650145629,-0.040943407312069864,0.0,0.030445537659327747
0.0,0.0,0.013138856892749485,-0.05178208700788249,0.0,0.03191413369923305
0.0,0.0,0.0,-0.053767472789171454,0.0,0.03146402048339311
0.0,0.0,0.0,-0.05315069083245316,0.0,0.032194686507165046
0.0,0.0,0.0,-0.05079466745578343,0.0,0.03452183553244724
0.0,0.0,0.0,-0.03415409842539889,0.0,0.03326822252282184
0.0,0.0,0.0,-0.022055392459476224,0.0,0.03433250671641773
0.0,0.0,0.0,-0.017679990836453323,0.0,0.03317566228277588
0.0,0.0,0.045748666524908846,-0.02522653056021002,0.0,0.03281869213335863
0.0,0.0,0.0,-0.02948850070951468,0.0,0.03326963903086287
0.0,0.0,0.07896546701778875,-0.05371898835127518,0.0,0.02999718366730092
0.0,0.0,0.15187374079534133,-0.0629339609945829,0.0002584835707021446,0.03142576597135743
0.0,0.0,0.28333289441598314,-0.05966487147355652,0.0,0.029590152151918864
0.0,0.0,0.28333289441598314,-0.05966487147355652,0.0,0.029590152151918864
0.0,0.0,0.3412651229732455,-0.0319269343768958,0.0,0.031194336638222426
0.0,0.0,0.42942618610435124,-0.02213290802882386,0.0,0.03325855972210391
0.0,0.0,0.3198676170816849,-0.02682266151146232,0.0,0.03547279389390613
0.0,0.0,0.24947543173835512,-0.043308985650145695,0.0,0.02857452820152841
0.0,0.0,0.15330336339714584,-0.05669938940459616,0.0,0.030782021464185245
0.0,0.0,0.11444573686959203,-0.061485619976031816,0.002506390867692874,0.02732485859318674
0.0,0.0,0.22314596964722955,-0.05182119378905574,0.0,0.026399344316317262
0.0,0.0,0.2149927647455694,-0.034792758534141405,0.0,0.027023581342374647
0.0,0.0,0.24890926040515798,-0.014037550375852557,0.0,0.026672178591462897
0.0,0.0,0.16968546758449046,-0.0015758744121734819,0.0,0.03232715247167235
0.0,0.0,0.17559932739290707,0.0,0.0,0.0278051875399414
0.0,0.0,0.10144580428569054,-0.005851787288747443,0.0,0.029767787174767614
0.0,0.0,0.15271338840866988,-0.01717602494475598,0.0,0.0290980689291226
0.0,0.0,0.25567972380696047,-0.04069057644118963,0.005430388456481777,0.027212221325977698
0.0,0.0,0.2209379052100104,-0.061650960707423305,0.007470440693272874,0.02538738146298548
0.0,0.0,0.20523543815065323,-0.05594149342204312,0.004256207320790003,0.026329068732180588
0.0,0.0,0.44602128302467287,-0.040125031037335765,0.0,0.025077034603686033
0.0,0.0,0.3731530766185083,-0.040927407268821596,0.0,0.022908851521900593
0.0,0.0,0.43522467940714166,-0.025760388286396846,0.0,0.021920196367068524
0.0,0.0,0.36816505090523005,-0.027113767057508557,0.0,0.022384533811324887
0.0,0.0,0.289561797588355,-0.03504400895971539,0.0,0.02088084621188226
0.0,0.0,0.24451204572410798,-0.03966296557069866,0.0,0.01937066178703296
0.0,0.0,0.03476473990761255,-0.04308097442384682,0.0,0.016465972033210746
0.0,0.0,0.05539489831861984,-0.05351069676617298,0.0,0.01893179659237538
0.0,0.0,0.016838416105033043,-0.038227987344456794,0.0,0.020337234828509243
0.0,0.0,0.0,-0.03259997919335352,0.0,0.01730399024499392
0.0,0.0,0.0,-0.019320953606064367,0.0,0.018509845760211616
0.0,0.0,0.05322686656414839,-0.0055827894831060095,0.0,0.020843165142633256
0.0,0.0,0.03729769464833081,-0.0020388979730588336,0.0,0.019788383984029025
0.0,0.0,0.0,-0.00932486777952567,0.0,0.019685526439778875
0.0,0.0,0.015172976236333947,-0.015951675779704175,0.0,0.015648929886455328
0.0,0.0,0.0,-0.029831035079465152,0.0,0.01733936052892403
0.0,0.0,0.0,-0.043007788203235364,0.0,0.013300425370710689
0.0,0.0,0.011451345190448109,-0.035201958846121886,0.0,0.013981260533301773
0.0,0.0,0.07709652397355124,-0.02930070412015771,0.0,0.012964034947669244
0.0,0.0,0.14060580890093002,-0.021569538319576264,0.0,0.013733031326051984
0.0,0.0,0.1775911855818411,-0.018683499115012814,0.0,0.014108780107301535
0.0,0.0,0.2271229377633038,-0.02412454291085133,0.0,0.013966668390698994
0.0,0.0,0.40394911229187364,-0.032756104303409854,0.0033681736529221134,0.009698657272288398
0.0,0.0,0.29242746405052017,-0.039506786892512455,0.008852931146662083,0.006290965326748318
0.0,0.0,0.18704665742476623,-0.0329160899083017,0.008007458758686256,0.010529139185852457
0.0,0.0,0.10330347364315977,-0.024468119894950284,0.001318298697087511,0.008608310331059545
0.0,0.0,0.08994897074598039,-0.011147636345529696,0.0017974603433744303,0.007449749360302108
0.0,0.0,0.0,-0.006914313390886792,0.0,0.0077916852559330885
0.0,0.0,0.0,-0.004506793444233538,0.0,0.006348459149452421
0.0,0.0,0.0,-0.003770577913997176,0.0009357862867010741,0.007807201051305629
0.0,0.0,0.0,-0.00037995807672301055,0.0006968081986221253,0.007374421357756897
0.0,0.0,0.0,-0.0062634763980360855,0.0,0.0077156784472511035
0.0,0.0,0.0,-0.010200318007193381,0.0,0.006903853240182731
0.0,0.0,0.0,-0.012880674012669305,0.0,0.005183203714042494
0.0,0.0,0.0,-0.015330977621375749,0.0,0.004386042635289951
0.0,0.0,0.0,-0.02047539977405747,0.0,0.006076966535181376
0.0,0.0,0.0,-0.019884169910693528,0.0,0.003822271722639091
0.0,0.0,0.0,-0.02166408673698103,0.0,0.0054904440866995
0.0,0.0,0.0,-0.015958827595361345,0.0,0.007434867442738304
0.0,0.0,0.0,-0.020878237185205796,0.0,0.0037700831946851686
0.0,0.0,0.0,-0.025381120018766752,0.0,0.003999171323580615
0.0,0.0,0.0,-0.027946211518705338,0.0,0.00471106371023453
0.0,0.0,0.0,-0.028139494903405705,0.0,0.001902698819941747
0.0,0.0,0.0,-0.03339454383136422,0.0,0.002767158987942349
0.0,0.0,0.0,-0.037117358792259976,0.0009870575283673416,0.0011598640054966993
0.0,0.0,0.0,-0.026805111068471277,0.0008009322403770001,0.001437207854110658
0.0,0.0,0.0,-0.013868397640171965,0.0,0.0035560852264744742
0.0,0.0,0.0,-0.007080343166569768,0.0,0.004170017549134947
0.0,0.0,0.0,-0.0075546187313867575,0.0,0.0021734645906995665
0.0,0.0,0.0,-0.003921358479601677,0.0,0.0034820473160187453
0.0,0.0,0.0,-0.0018185072051503492,0.0,0.0024787346389700204
0.0,0.0,0.0,-0.0053014020632722435,0.0,0.0019934977159693484
0.0,0.0,0.0,-0.008230317010673852,0.0,0.0023361870412926954
0.0,0.0,0.0,-0.0063498785893651224,0.0,0.0017838311613077508
0.0,0.0,0.0,-0.011942548267876548,0.0,0.0015738388359565474
0.0,0.0,0.0,-0.011368943339260099,0.0,0.0034774339954173625
0.0,0.0,0.0,-0.013916288469031698,0.0,0.0024242616540492623
0.0,0.0,0.0,-0.015309949579295518,4.6440538372230574e-05,0.0006141971338287795
0.0,0.0,0.0,-0.02474453404406654,0.0034024675425767792,0.0007431160063004633
0.0,0.0,0.0,-0.023365451658059495,0.0018266376594963333,0.0022794772105477197
0.0,0.0,0.0,-0.01612947043714074,0.0006802314894536962,5.212207895551719e-05
0.0,0.0,0.0,-0.01100402131710487,0.0,0.001199794185432013
0.0,0.0,0.0,-0.0076138139200852455,0.0,0.0021653097248195744
0.0,0.0,0.0,-0.006389348172902168,0.00024570806604805464,0.0009094219447488506
0.0,0.0,0.0,-0.008051546378698222,0.0034384619108241447,0.0037948463208320785
0.0,0.0,0.0,-0.012203688643470004,0.0051439432951312465,0.003910614896077453
0.0,0.0,0.0,-0.0126538875359179,0.0018370073956575847,0.0020049459048815644
0.0,0.0,0.0,-0.00915055128686455,0.00018689198336207163,0.002665332230678469
0.0,0.0,0.0,-0.005288018396367581,0.0,0.003139391716716229
0.0,0.0,0.0,-0.004459186008430623,0.0,0.005650850224605285
0.0,0.0,0.0,-0.0005232703008363569,0.0,0.006664685584614574
0.0,0.0,0.0,-0.0026033849768446514,0.0,0.005642949370590407
0.0,0.0,0.0,-0.0056158163068381105,0.0,0.0054395572760300515
0.0,0.0,0.0,-0.011613503202805448,0.0,0.005786757759363782
0.0,0.0,0.0,-0.019889856630423346,0.0,0.006152383548776903
0.0,0.0,0.0,-0.019529870676551386,0.0,0.0057993620887487095
0.0,0.0,0.0,-0.021177831665925885,0.0,0.004527197983502788
0.0,0.0,0.0,-0.020215267873410818,0.0,0.005997944462828994
0.0,0.0,0.0,-0.016922806915733918,0.0,0.007025142255098283
0.0,0.0,0.0,-0.02084338472621882,0.0,0.004859819170693878
0.0,0.0,0.0,-0.017364131665407158,0.0,0.005361671548694258
0.0,0.0,0.0,-0.022501117860623025,0.0,0.005314251249666132
0.0,0.0,0.0,-0.01622798059586989,0.0,0.008064079357988621
0.0,0.0,0.0,-0.01401604696809991,0.0,0.00934072236512937
0.0,0.0,0.0,-0.019952287524051777,0.0,0.006339228761081911
0.0,0.0,0.0,-0.02164447870037376,0.0,0.006952392209890695
0.0,0.0,0.0,-0.01784337995786393,0.0,0.006796186167715337
0.0,0.0,0.0,-0.011776463433735887,0.0,0.008244594670431689
0.0,0.0,0.0,-0.011899703452045395,0.0,0.007620568645594285
0.0,0.0,0.0,-0.009485962667138147,0.0,0.005451650423686449
0.0,0.0,0.0,-0.008243541526146514,0.0,0.006675293600034496
0.0,0.0,0.0,-0.008117912099482807,0.0,0.008328493165351048
0.0,0.0,0.0,-0.006244854741373738,0.0,0.008551319354446727
0.0,0.0,0.0,-0.003628206764488695,0.0,0.008568803908034469
0.0,0.0,0.0,-0.005066326227399663,0.0,0.008437842680005445
0.0,0.0,0.0,-0.005321059899531427,0.0,0.007192022674215003
0.0,0.0,0.0,-0.006486065286687918,0.0,0.0075615884756788
0.0,0.0,0.0,-0.008010918008375865,0.0,0.005001236815369474
0.0,0.0,0.0,-0.00879959120392294,0.0,0.005089819435361296
0.0,0.0,0.0,-0.013127744968676108,0.0,0.005898874810617559
0.0,0.0,0.0,-0.01582516678215356,0.0,0.005514032459186075
0.0,0.0,0.0,-0.019900739583542847,0.0,0.00675798502906416
0.0,0.0,0.0,-0.025454766184973936,0.0,0.00328738158654414
0.0,0.0,0.0,-0.027283992085820753,0.0,0.002339081257617656
0.0,0.0,0.0,-0.025408552015278797,0.0,0.0030877447048005898
0.0,0.0,0.0,-0.022776320835574584,0.0,0.0035201625561511207
0.0,0.0,0.0,-0.019737010768983234,0.0,0.002284157699712466
0.0,0.0,0.0,-0.014808240964443425,0.0,0.003945706519881652
0.0,0.0,0.0,-0.014252230916619263,0.0,0.0032166482473706013
0.0,0.0,0.0,-0.011910780228481495,0.0,0.001509311438209188
0.0,0.0,0.0,-0.011971205928418622,0.0,0.00251080771443806
0.0,0.0,0.0,-0.0135639063826118,0.0,0.005012643560011493
0.0,0.0,0.0,-0.012637050540791436,0.0,0.0005216977900096632
0.0,0.0,0.0,-0.013334597949541371,0.0,0.0031024750470950166
0.0,0.0,0.0,-0.008411060742115343,0.0,0.004158417243654599
0.0,0.0,0.0,-0.006860602038398599,0.0,0.003338288981018367
0.0,0.0,0.0,-0.010565405430232364,0.0,0.001953392421819743
0.0,0.0,0.0,-0.009753411465207326,0.0,0.00224034523670456
0.0,0.0,0.0,-0.009599995953884345,0.0,0.0019769038456596668
0.0,0.0,0.0,-0.015062618218097684,0.0,0.0027687761181000616
0.0,0.0,0.0,-0.019462379688750336,0.0,0.0010029092784395986
0.0,0.0,0.0,-0.022053205478843343,0.00023901424863878207,0.0026559574407563746
0.0,0.0,0.0,-0.020488831219930732,0.0,0.0009619709086054792
0.0,0.0,0.0,-0.019839607599576807,0.0,0.001229940505594811
0.0,0.0,0.0,-0.01751079445942859,0.0,0.000788764694998977
0.0,0.0,0.0,-0.018444870416250838,0.0,0.004527690594569521
0.0,0.0,0.0,-0.010161426754701216,0.0,0.0004497526646220592
0.0,0.0,0.0,-0.010161426754701216,0.0,0.0004497526646220592
0.0,0.0,0.0,-0.008913267798877519,0.0,0.0010894319056768634
0.0,0.0,0.0,-0.010536636728967172,0.0,0.001640210326448251
0.0,0.0,0.0,-0.011692757193120976,0.0,0.0
0.0,0.0,0.0,-0.012287142209389803,0.0,0.0018589470767505095
0.0,0.0,0.0,-0.01206456863333232,0.0,0.0007392110316063361
0.0,0.0,0.0,-0.011799449265008203,0.0,0.002003106158874158
0.0,0.0,0.0,-0.011876990009807905,0.0,0.0010815192582325052
0.0,0.0,0.0,-0.01715540960206397,0.0,0.0
0.0,0.0,0.0,-0.019795775920330896,0.0,0.00038968535326911233
0.0,0.0,0.0,-0.02691182871824923,0.0,0.0
0.0,0.0,0.0,-0.02645238049011186,0.0,0.00043466741494977486
0.0,0.0,0.0,-0.02670688988919622,0.0,0.0
0.0,0.0,0.0,-0.027824652352387437,0.0,0.0002363319648320406
0.0,0.0,0.0,-0.020035935257992944,0.0,0.0010030472191822854
0.0,0.0,0.0,-0.025163973076004088,0.0,0.0
0.0,0.0,0.0,-0.018676855699726127,0.0,0.0
0.0,0.0,0.0,-0.012838701087657608,0.0,8.565786812652551e-05
0.0,0.0,0.0,-0.007827229921187112,0.0,0.0009050684921294525
0.0,0.0,0.0,-0.0049134614451399865,0.0,0.0
0.0,0.0,0.0,-0.006725264818106366,0.0,0.0
0.0,0.0,0.0,-0.0035427978189669653,0.0,0.0015661820522934237
0.0,0.0,0.0,-0.00671454059066901,0.0,0.0009859437186485653
0.0,0.0,0.0,-0.0059002966665975334,0.0,0.0
0.0,0.0,0.0,-0.004928895653631003,0.0,0.0005806844040023215
0.0,0.0,0.0,-0.006907157582447007,0.0,0.000482650818860422
0.0,0.0,0.0,-0.0039414850152688875,0.0,0.0
0.0,0.0,0.0,-0.01035278234692973,0.0,0.0
0.0,0.0,0.0,-0.013203114382434596,0.0,0.0
0.0,0.0,0.0,-0.013188170501507501,0.0,0.0
0.0,0.0,0.0,-0.018509669061145803,0.0,0.0
0.0,0.0,0.0,-0.01894574672626926,0.0,0.0
0.0,0.0,0.0,-0.022349212444094952,0.0,0.0
0.0,0.0,0.0,-0.02120483834290735,0.0,0.0
0.0,0.0,0.0,-0.018110205356072724,0.0,0.0
0.0,0.0,0.0,-0.016126085222348558,0.0,0.0
0.0,0.0,0.0,-0.0149182133800414,0.0,0.0
0.0,0.0,0.0,-0.013383635572445946,0.0,0.0
0.0,0.0,0.0,-0.014457890980665059,0.0,0.0
0.0,0.0,0.0,-0.016896325820911887,0.0,0.0
0.0,0.0,0.0,-0.011499763810122816,0.0,0.0
0.0,0.0,0.0,-0.010373649680139397,0.0,0.0
0.0,0.0,0.0,-0.0123777141386996,0.0,0.0
0.0,0.0,0.0,-0.008716335019576412,0.0,0.0
0.0,0.0,0.0,-0.009091210155775261,0.0,0.0
0.0,0.0,0.0,-0.008663414179376777,0.0,0.0
0.0,0.0,0.0,-0.011166481833772238,0.0,0.0
0.0,0.0,0.0,-0.014388073241127433,0.0,0.0
0.0,0.0,0.0,-0.014248751244334529,0.0,0.0
0.0,0.0,0.0,-0.011458174908312083,0.0,0.0
0.0,0.0,0.0,-0.012694021648137738,0.0,0.0
0.0,0.0,0.0,-0.014211641923961136,0.0,0.0
0.0,0.0,0.0,-0.01861662119629401,0.0,0.0
0.0,0.0,0.0,-0.019090099119831453,0.0,0.0
0.0,0.0,0.0,-0.02206741550407259,0.0,0.0
0.0,0.0,0.0,-0.023271929568274383,0.0,0.0
0.0,0.0,0.0,-0.018309907634184327,0.0,0.0
0.0,0.0,0.0,-0.022365895773166996,0.0,0.0
0.0,0.0,0.0,-0.019028755357189016,0.0,0.0
0.0,0.0,0.0,-0.011831388217950604,0.0,0.0
0.0,0.0,0.0,-0.011829348887912974,0.0,0.0
0.0,0.0,0.0,-0.01090386006014185,0.0,0.0
0.0,0.0,0.0,-0.014585147262072282,0.0,0.0
0.0,0.0,0.0,-0.009549549834281457,0.0,0.0
0.0,0.0,0.0,-0.007800006261960339,0.0,0.0
0.0,0.0,0.0,-0.013040078464028765,0.0,0.0
0.0,0.0,0.0,-0.010383101648867502,0.0,0.0
0.0,0.0,0.0,-0.009258018708040367,0.0,0.0
0.0,0.0,0.0,-0.006438531147715329,0.0,0.0
0.0,0.0,0.0,-0.005107193962523375,0.0,0.0
0.0,0.0,0.0,-0.008074624291268626,0.0,0.0
0.0,0.0,0.0,-0.009890993181736734,0.0,0.0
0.0,0.0,0.0,-0.013113564753189259,0.0,0.0
0.0,0.0,0.0,-0.012253298213569066,0.0,0.0
0.0,0.0,0.0,-0.01602458090193384,0.0,0.0
0.0,0.0,0.0,-0.011230202055729967,0.0,0.0
0.0,0.0,0.0,-0.014948766353797388,0.0,0.0
0.0,0.0,0.0,-0.012818338228910186,0.0,0.0
0.0,0.0,0.0,-0.013522372744786137,0.0,0.0
0.0,0.0,0.0,-0.014005918138320458,0.0,0.0
0.0,0.0,0.0,-0.01057448980766965,0.0,0.0
0.0,0.0,0.0,-0.019301788034230057,0.0,0.0
0.0,0.0,0.0,-0.014272377179193486,0.0,0.0
0.0,0.0,0.0,-0.01719625125022762,0.0,0.0
0.0,0.0,0.0,-0.010887232703789088,0.0,0.0
0.0,0.0,0.0,-0.013519163317817629,0.0,0.0
0.0,0.0,0.0,-0.007700310507159296,0.0,0.0
0.0,0.0,0.0,-0.01154401970737136,0.0,0.0
0.0,0.0,0.0,-0.012020879578129513,0.0,0.0
0.0,0.0,0.0,-0.013215651272430937,0.0,0.0
0.0,0.0,0.0,-0.012463726722817384,0.0,0.0
0.0,0.0,0.0,-0.014668483582383842,0.0,0.0
0.0,0.0,0.0,-0.009343098563703777,0.0,0.0
0.0,0.0,0.0,-0.009890442769217769,0.0,0.0
0.0,0.0,0.0,-0.010448982618334142,0.0,0.0
0.0,0.0,0.0,-0.0033150422472987976,0.0,0.0
0.0,0.0,0.0,-0.0017523554071777563,0.0,0.0
0.0,0.0,-0.0374124790500259,-0.002874941117804974,0.0,0.0
0.0,0.0,-0.041691583098105334,-0.007776977139811523,0.0,0.0
0.0,0.0,0.0,-0.00988279692636099,0.0,0.0
0.0,0.0,-0.0436434097467097,-0.008208134232142093,0.0,0.0
0.0,0.0,-0.09319553205461195,-0.0057176776296106345,0.0,0.0
0.0,0.0,-0.0927213441982652,-0.008811449143153691,0.0,0.0
0.0,0.0,0.0,-0.005684663720070532,0.0,0.0
0.0,0.0,-0.1251061843414631,-0.006531116140926882,0.0,0.0
0.0,0.0,-0.15475998990690978,-0.0046603357298085945,0.0,0.0
0.0,0.0,-0.1037749732570374,-0.006836519039017709,0.0,0.0
0.0,0.0,-0.21060952527310484,-0.010891622965256578,0.0,0.0
0.0,0.0,-0.12097956450016438,-0.013930775325607039,0.0,0.0
0.0,0.0,-0.11471471088208066,-0.011235022368555104,0.0,0.0
0.0,0.0,-0.18433056640994477,-0.007864162532907734,0.0,0.0
0.0,0.0,-0.16162392604507408,-0.004619561736303267,0.0,0.0
0.0,0.0,-0.16978417499654505,-0.00027724556711133827,0.0,0.0
0.0,0.0,-0.24529417026718217,-0.0029394161589704057,0.0,0.0
0.0,0.0,-0.14664740078536473,-0.002453579263093639,0.0,0.0
0.0,0.0,-0.19664644196816666,-0.008392949062056277,0.0,0.0
0.0,0.0,-0.14059912257940865,-0.007027262609018638,0.0,0.0
0.0,0.0,-0.06138717238118289,-0.0047006822573165494,0.0,0.0
0.0,0.0,-0.11910328379823236,-0.004184278471495033,0.0,0.0
0.0,0.0,-0.09979107377243719,-0.003433573674763434,0.0,0.0
0.0,0.0,-0.07765773231545302,-0.003101420239651658,0.0,0.0
0.0,0.0,-0.12193543871539776,-0.003461289875563954,0.0,0.0
0.0,0.0,-0.08793394399321283,-0.007811954289935978,0.0,0.0
0.0,0.0,-0.08534420267488091,-0.010070329361625663,0.0,0.0
0.0,0.0,-0.08306725779884783,-0.007075422070236964,0.0,0.0
0.0,0.0,-0.07990566521752993,-0.006701037701632715,0.0,0.0
0.0,0.0,-0.08530470117747643,-0.004874436937893927,0.0,0.0
0.0,0.0,-0.07479617986297868,-0.002132240829133257,0.0,0.0
0.0,0.0,-0.13070949097741963,0.0,0.0,0.0
0.0,0.0,-0.1829675756536814,-0.005021069044913945,0.0,0.0
0.0,0.0,-0.11396503865363102,-0.0037398303661538555,0.0,0.0
0.0,0.0,-0.21249227576074925,-0.0036983108547029493,0.0,0.0
0.0,0.0,-0.09035355867368086,-0.008067280862822193,0.0,0.0
0.0,0.0,-0.06971541884090977,-0.0018205829913744617,0.0,0.0
0.0,0.0,-0.12539070156417825,-0.001064659588758473,0.0,0.0
0.0,0.0,-0.07125520460446384,0.0,0.0,0.0
0.0,0.0,-0.16758735165196317,-0.002741257482191247,0.0,0.0
0.0,0.0,-0.1549426237163765,-0.0022706545037188258,0.0,0.0
0.0,0.0,-0.24908838050610496,-0.003528591680821345,0.0,0.0
0.0,0.0,-0.22737631321724625,-0.0021690910295851023,0.0,0.0
0.0,0.0,-0.26157027161147994,-0.0054503077552420665,0.0,0.0
0.0,0.0,-0.21972750553521117,-0.0011504685131313373,0.0,0.0
0.0,0.0,-0.13164910575414374,-0.0015934903107573777,0.0,0.0
0.0,0.0,-0.22555792833007313,-0.00042877447381240146,0.0,0.0
0.0,0.0,-0.1301950733770047,-0.0012031349526430936,0.0,0.0
0.0,0.0,-0.2757779486477754,-0.0003705949155276587,0.0,0.0
0.0,0.0,-0.18312341317381464,-0.003464153120676752,0.0,0.0
0.0,0.0,-0.2839659521086533,-0.0020099865942279803,0.0,0.0
0.0,0.0,-0.17192131712258923,-0.0022674874415064827,0.0,0.0
0.0,0.0,-0.2460675532252719,-0.002283190284456078,0.0,0.0
0.0,0.0,-0.27788654130989016,0.0,0.0,0.0
0.0,0.0,-0.20742362514022883,-0.0011323863338331464,0.0,0.0
0.0,0.0,-0.2743063433207303,0.0,0.0,0.0
0.0,0.0,-0.327345034740852,-0.00042071015101997715,0.0,0.0
0.0,0.0,-0.3064817796675391,-0.0011711475031562996,0.0,0.0
0.0,0.0,-0.2734978430901606,0.0,0.0,0.0
0.0,0.0,-0.38918228180940984,-0.002713132297440158,0.0,0.0
0.0,0.0,-0.3131140559349596,-0.0014786111382912314,0.0,0.0
0.0,0.0,-0.3872236751198112,-0.002873600420000554,0.0,0.0
0.0,0.0,-0.46323031654365404,0.0,0.0,0.0
0.0,0.0,-0.335383407997356,0.0,0.0,0.0
0.0,0.0,-0.35130437003912335,0.0,0.0,0.0
0.0,0.0,-0.43113864371042154,-0.0011003922924473111,0.0,0.0
0.0,0.0,-0.33847489612667936,-0.0023113121838629464,0.0,0.0
0.0,0.0,-0.3994545288263835,-0.0006279857002758761,0.0,0.0
0.0,0.0,-0.3745160424960249,0.0,0.0,0.0
0.0,0.0,-0.34830941161946477,-0.002801108117759483,0.0,0.0
0.0,0.0,-0.3822400040111557,-0.0033108497012876506,0.0,0.0
0.0,0.0,-0.3376560597589522,-0.0008971358245092736,0.0,0.0
0.0,0.0,-0.3412659811772516,-0.0015584118645997375,0.0,0.0
0.0,0.0,-0.27587868808355676,-0.0007626247466355013,0.0,0.0
0.0,0.0,-0.3362440513965176,-0.0024487629677975345,0.0,0.0
0.0,0.0,-0.2441527313785914,-5.957811911046448e-05,0.0,0.0
0.0,0.0,-0.2857269269027981,-0.0017393491767567655,0.0,0.0
0.0,0.0,-0.3049893398518189,0.0,0.0,0.0
0.0,0.0,-0.3237810334152694,0.0,0.0,0.0
0.0,0.0,-0.2902760959622483,0.0,0.0,0.0
0.0,0.0,-0.3426798759063952,0.0,0.0,0.0
0.0,0.0,-0.36288175459425587,0.0,0.0,0.0
0.0,0.0,-0.40321576231346584,0.0,0.0,0.0
0.0,0.0,-0.26917615104274495,0.0,0.0,0.0
0.0,0.0,-0.3269427476550195,0.0,0.0,0.0
0.0,0.0,-0.3948252766398774,-0.0012423510147995653,0.0,0.0
0.0,0.0,-0.3474514036102186,0.0,0.0,0.0
0.0,0.0,-0.31234002130222344,0.0,0.0,0.0
0.0,0.0,-0.2613422791802341,0.0,0.0,0.0
0.0,0.0,-0.1899763177448314,0.0,0.0,0.0
0.0,0.0,-0.1899763177448314,0.0,0.0,0.0
0.0,0.0,-0.19416893359287118,0.0,0.0,0.0
0.0,0.0,-0.2646883701229879,0.0,0.0,0.0
0.0,0.0,-0.16623514519049343,-0.0007737685231296053,0.0,0.0
0.0,0.0,-0.1516849297079727,-0.001111463838911645,0.0,0.0
0.0,0.0,-0.2685264344144146,-0.0018640823025973606,0.0,0.0
0.0,0.0,-0.17215004348481552,0.0,0.0,0.0
0.0,0.0,-0.20793385462509728,-0.001790524076675993,0.0,0.0
0.0,0.0,-0.23905465898121872,-0.0010036214610762268,0.0,0.0
0.0,0.0,-0.21683754714567893,-0.0002375013361639523,0.0,0.0
0.0,0.0,-0.10642339742188389,-0.0011637228738311707,0.0,0.0
0.0,0.0,-0.20330142312224134,-0.0026908209525696152,0.0,0.0
0.0,0.0,-0.17824838100919668,-0.0030883626589582594,0.0,0.0
0.0,0.0,-0.235364236839933,-0.006148873531364457,0.0,0.0
0.0,0.0,-0.18227977083295846,0.0,0.0,0.0
0.0,0.0,-0.2469723134442366,0.0,0.0,0.0
0.0,0.0,-0.17396092052449344,0.0,0.0,0.0
0.0,0.0,-0.2526915076886806,-0.0012553631812898516,0.0,0.0
0.0,0.0,-0.1822826326023366,-0.00130287330440419,0.0,0.0
0.0,0.0,-0.19080877677389746,0.0,0.0,0.0
0.0,0.0,-0.23921945804545372,-0.003535642277043167,0.0,0.0
0.0,0.0,-0.19686173925408973,0.0,0.0,0.0
0.0,0.0,-0.23429555724200943,-0.0024679678375825837,0.0,0.0
0.0,0.0,-0.21122703065435547,0.0,0.0,0.0
0.0,0.0,-0.13013799646544538,-0.002122966210768732,0.0,0.0
0.0,0.0,-0.15861678114286415,-0.002231649040487087,0.0,0.0
0.0,0.0,-0.14669505695306484,-0.0019466552141596551,0.0,0.0
0.0,0.0,-0.17799423499872039,-0.00458500232897812,0.0,0.0
0.0,0.0,-0.1363633571524695,-0.006321678718095804,0.0,0.0
0.0,0.0,-0.14834055599978196,-0.004886113156078922,0.0,0.0
0.0,0.0,-0.13201824451131125,-0.005183326803632433,0.0,0.0
0.0,0.0,-0.09030294401334536,-0.005236109725876273,0.0,0.0
0.0,0.0,-0.08679894865787413,-0.006115757274632974,0.0,0.0
0.0,0.0,-0.08050411087581924,-0.006952379894414962,0.0,0.0
0.0,0.0,-0.07558160786468153,-0.011313950792704815,0.0,0.0
0.0,0.0,-0.06488725667948682,-0.011726272775627837,0.0,0.0
0.0,0.0,0.0,-0.008717827827397235,0.0,0.0
0.0,0.0,0.0,-0.010217136902115167,0.0,0.0
0.0,0.0,0.0,-0.009410416177619339,0.0,0.0
0.0,0.0,0.0,-0.007302033544513467,0.0,0.0
0.0,0.0,0.0,-0.009727946110537362,0.0,0.0
0.0,0.0,0.0,-0.011024194120580718,0.0,0.0
0.0,0.0,0.0,-0.009043122247201153,0.0,0.0
0.0,0.0,0.0,-0.008643601581940177,0.0,0.0
0.0,0.0,0.0,-0.00770470734520106,0.0,0.0
0.0,0.0,0.0,-0.009565325941294124,0.0,0.0
0.0,0.0,0.0,-0.011339092014886929,0.0,0.0
0.0,0.0,0.0,-0.007078210167213344,0.0,0.0
0.0,0.0,0.0,-0.009835536681096841,0.0,0.0
0.0,0.0,0.0,-0.007514585319027424,0.0,0.0
0.0,0.0,0.0,-0.008034673851353301,0.0,0.0
0.0,0.0,0.0,-0.009317876701914902,0.0,0.0
0.0,0.0,0.0,-0.010472234136987146,0.0,0.0
0.0,0.0,0.0,-0.0031408738626034416,0.0,0.0
0.0,0.0,0.0,-0.005332646454066919,0.0,0.0
0.0,0.0,0.0,-0.0073445748617321695,0.0,0.0
0.0,0.0,0.0,-0.005685094123224469,0.0,0.0
0.0,0.0,0.0,-0.004402519088073448,0.0,0.0
0.0,0.0,0.0,-0.003653163232095315,0.0,0.0
0.0,0.0,0.0,-0.006301469393859174,0.0,0.0
0.0,0.0,0.0,-0.0026840010471564724,0.0,0.0
0.0,0.0,0.0,-0.004053486789115225,0.0,0.0
0.0,0.0,0.0,-0.005508792996895688,0.0,0.0
0.0,0.0,0.0,-0.005531922970958082,0.0,0.0
0.0,0.0,0.0,-0.0017735958667859976,0.0,0.0
0,0,0,0,0,0
0,0,0,0,0,0
0,0,0,0,0,0
0,0,0,0,0,0
0,0,0,0,0,0
0,0,0,0,0,0
0,0,0,0,0,0
0,0,0,0,0,0
0,0,0,0,0,0
0,0,0,0,0,0
0,0,0,0,0,0
0,0,0,0,0,0
0,0,0,0,0,0
0,0,0,0,0,0
0,0,0,0,0,0
0,0,0,0,0,0
0,0,0,0,0,0
0,0,0,0,0,0
0,0,0,0,0,0
0,0,0,0,0,0
0,0,0,0,0,0
0,0,0,0,0,0
0,0,0,0,0,0
0,0,0,0,0,0
0,0,0,0,0,0
0,0,0,0,0,0
0,0,0,0,0,0
0,0,0,0,0,0
0,0,0,0,0,0
0,0,0,0,0,0
0,0,0,0,0,0
0,0,0,0,0,0
0,0,0,0,0,0
0,0,0,0,0,0
0,0,0,0,0,0
0,0,0,0,0,0
0,0,0,0,0,0
0,0,0,0,0,0
0,0,0,0,0,0
0,0,0,0,0,0
0,0,0,0,0,0
0,0,0,0,0,0
0,0,0,0,0,0
0,0,0,0,0,0
0,0,0,0,0,0
0,0,0,0,0,0
0,0,0,0,0,0
0,0,0,0,0,0
0,0,0,0,0,0
0,0,0,0,0,0
0,0,0,0,0,0
0,0,0,0,0,0
0,0,0,0,0,0
0,0,0,0,0,0
0,0,0,0,0,0
0,0,0,0,0,0
0,0,0,0,0,0
0,0,0,0,0,0
0,0,0,0,0,0
0,0,0,0,0,0
0,0,0,0,0,0
0,0,0,0,0,0
0,0,0,0,0,0
0,0,0,0,0,0
0,0,0,0,0,0
0,0,0,0,0,0
0,0,0,0,0,0
0,0,0,0,0,0
0,0,0,0,0,0
0,0,0,0,0,0
0,0,0,0,0,0
0,0,0,0,0,0
0,0,0,0,0,0
0,0,0,0,0,0
0,0,0,0,0,0
0,0,0,0,0,0
0,0,0,0,0,0
0,0,0,0,0,0
0,0,0,0,0,0
0,0,0,0,0,0
0,0,0,0,0,0
0,0,0,0,0,0
0,0,0,0,0,0
0,0,0,0,0,0
0,0,0,0,0,0
0,0,0,0,0,0
0,0,0,0,0,0
0,0,0,0,0,0
0,0,0,0,0,0
0,0,0,0,0,0
0,0,0,0,0,0
0,0,0,0,0,0
0,0,0,0,0,0
0,0,0,0,0,0
0,0,0,0,0,0
0,0,0,0,0,0
0,0,0,0,0,0
0,0,0,0,0,0
0,0,0,0,0,0
0,0,0,0,0,0
0,0,0,0,0,0
0,0,0,0,0,0
0,0,0,0,0,0
0,0,0,0,0,0
0,0,0,0,0,0
0,0,0,0,0,0
0,0,0,0,0,0
0,0,0,0,0,0
0,0,0,0,0,0
0,0,0,0,0,0
0,0,0,0,0,0
0,0,0,0,0,0
0,0,0,0,0,0
0,0,0,0,0,0
0,0,0,0,0,0
0,0,0,0,0,0
0,0,0,0,0,0
0,0,0,0,0,0
0,0,0,0,0,0
0,0,0,0,0,0
0,0,0,0,0,0
0,0,0,0,0,0
0,0,0,0,0,0
0,0,0,0,0,0
0,0,0,0,0,0
0,0,0,0,0,0
0,0,0,0,0,0
0,0,0,0,0,0
0,0,0,0,0,0
0,0,0,0,0,0
0,0,0,0,0,0
0,0,0,0,0,0
0,0,0,0,0,0
0,0,0,0,0,0
0,0,0,0,0,0
0,0,0,0,0,0
0,0,0,0,0,0
0,0,0,0,0,0
0,0,0,0,0,0
0,0,0,0,0,0
0,0,0,0,0,0
0,0,0,0,0,0
0,0,0,0,0,0
0,0,0,0,0,0
0,0,0,0,0,0
0,0,0,0,0,0
0,0,0,0,0,0
0,0,0,0,0,0
0,0,0,0,0,0
0,0,0,0,0,0
0,0,0,0,0,0
0,0,0,0,0,0
0,0,0,0,0,0
0,0,0,0,0,0
0,0,0,0,0,0
0,0,0,0,0,0
0,0,0,0,0,0
0,0,0,0,0,0
0,0,0,0,0,0
0,0,0,0,0,0
0,0,0,0,0,0
0,0,0,0,0,0
0,0,0,0,0,0
0,0,0,0,0,0
0,0,0,0,0,0
0,0,0,0,0,0
0,0,0,0,0,0
0,0,0,0,0,0
0,0,0,0,0,0
0,0,0,0,0,0
0,0,0,0,0,0
0,0,0,0,0,0
0,0,0,0,0,0
0,0,0,0,0,0
0,0,0,0,0,0
0,0,0,0,0,0
0,0,0,0,0,0
0,0,0,0,0,0
0,0,0,0,0,0
0,0,0,0,0,0
0,0,0,0,0,0
0,0,0,0,0,0
0,0,0,0,0,0
0,0,0,0,0,0
0,0,0,0,0,0
0,0,0,0,0,0
0,0,0,0,0,0
0,0,0,0,0,0
0,0,0,0,0,0
0,0,0,0,0,0
0,0,0,0,0,0
0,0,0,0,0,0
0,0,0,0,0,0
0,0,0,0,0,0
0,0,0,0,0,0
0,0,0,0,0,0
0,0,0,0,0,0
0,0,0,0,0,0
0,0,0,0,0,0
0,0,0,0,0,0
0,0,0,0,0,0
0,0,0,0,0,0
0,0,0,0,0,0
0,0,0,0,0,0
0,0,0,0,0,0
0,0,0,0,0,0
0,0,0,0,0,0
0,0,0,0,0,0
0,0,0,0,0,0
0,0,0,0,0,0
0,0,0,0,0,0
0,0,0,0,0,0
0,0,0,0,0,0
0,0,0,0,0,0
0,0,0,0,0,0
0,0,0,0,0,0
0,0,0,0,0,0
0,0,0,0,0,0
0,0,0,0,0,0
0,0,0,0,0,0
0,0,0,0,0,0
0,0,0,0,0,0
0,0,0,0,0,0
0,0,0,0,0,0
0,0,0,0,0,0
0,0,0,0,0,0
0,0,0,0,0,0
0,0,0,0,0,0
0,0,0,0,0,0
0,0,0,0,0,0
0,0,0,0,0,0
0,0,0,0,0,0
0,0,0,0,0,0
0,0,0,0,0,0
0,0,0,0,0,0
0,0,0,0,0,0
0,0,0,0,0,0
0,0,0,0,0,0
0,0,0,0,0,0
0,0,0,0,0,0
0,0,0,0,0,0
0,0,0,0,0,0
0,0,0,0,0,0
0,0,0,0,0,0
0,0,0,0,0,0
0,0,0,0,0,0
0,0,0,0,0,0
0,0,0,0,0,0
0,0,0,0,0,0
0,0,0,0,0,0
0,0,0,0,0,0
0,0,0,0,0,0
0,0,0,0,0,0
0,0,0,0,0,0
0,0,0,0,0,0
0,0,0,0,0,0
0,0,0,0,0,0
0,0,0,0,0,0
0,0,0,0,0,0
0,0,0,0,0,0
0,0,0,0,0,0
0,0,0,0,0,0
0,0,0,0,0,0
0,0,0,0,0,0
0,0,0,0,0,0
0,0,0,0,0,0
0,0,0,0,0,0
0,0,0,0,0,0
0,0,0,0,0,0
0,0,0,0,0,0
0,0,0,0,0,0
0,0,0,0,0,0
0,0,0,0,0,0
0,0,0,0,0,0
0,0,0,0,0,0
0,0,0,0,0,0
0,0,0,0,0,0
0,0,0,0,0,0
0,0,0,0,0,0
0,0,0,0,0,0
0,0,0,0,0,0
0,0,0,0,0,0
0,0,0,0,0,0
0,0,0,0,0,0
0,0,0,0,0,0
0,0,0,0,0,0
0,0,0,0,0,0
0,0,0,0,0,0
0,0,0,0,0,0
0,0,0,0,0,0
0,0,0,0,0,0
0,0,0,0,0,0
0,0,0,0,0,0
0,0,0,0,0,0
0,0,0,0,0,0
0,0,0,0,0,0
0,0,0,0,0,0
0,0,0,0,0,0
0,0,0,0,0,0
0,0,0,0,0,0
0,0,0,0,0,0
0,0,0,0,0,0
0,0,0,0,0,0
0,0,0,0,0,0
0,0,0,0,0,0
0,0,0,0,0,0
0,0,0,0,0,0
0,0,0,0,0,0
0,0,0,0,0,0
0,0,0,0,0,0
0,0,0,0,0,0
0,0,0,0,0,0
