0,0,0,0,0,0
0,0,0,0,0,0
0,0,0,0,0,0
0,0,0,0,0,0
0,0,0,0,0,0
0,0,0,0,0,0
0,0,0,0,0,0
0,0,0,0,0,0
0,0,0,0,0,0
0,0,0,0,0,0
0,0,0,0,0,0
0,0,0,0,0,0
0,0,0,0,0,0
0,0,0,0,0,0
0.0,0.0,0.0,-0.0015695700377502386,0.0,0.0
0,0,0,0,0,0
0.0,0.0,0.031002317155559567,-0.0029451806941621994,0.0,0.0
0.0,0.0,0.059554539308463286,-0.0033230377336607706,0.0,0.0
0.0,0.0,0.07630174323802409,0.0,0.0,0.0
0.0,0.0,0.2008365145197372,-0.004733530142048821,0.0,0.0
0.0,0.0,0.32705918044609034,-0.0004213972870613967,0.0,0.0
0.0,0.0,0.35334574291067544,-0.005092145515742928,0.0,0.0
0.0,0.0,0.5929028600933163,-0.005597431720761259,0.0,0.0
0.0,0.0,0.5933669111042916,-0.0062485925010600536,0.0,0.0
0.0,0.0,0.7056302852898478,-0.007168852059343975,0.0,0.0
0.0,0.0,0.8229556774234128,-0.005443203724936653,0.0,0.0
0.0,0.0,0.9103010702954213,-0.007794310033025428,0.0,0.0
0.0,0.0,0.9513874572258114,-0.009503574381545579,0.0,0.0
0.0,0.0,1.0173310185909283,-0.01017231226765129,0.0,0.0
0.0,0.0,1.31073693221095,-0.012099255190372265,0.0,0.0
0.0,0.0,1.3612686561837413,-0.009594635586401416,0.0,0.0
0.0,0.0,1.6142516113444032,-0.00862098796643929,0.0,0.0
0.0,0.0,1.8455636792902959,-0.010967581148759627,0.0,0.0
0.0,0.0,1.889805822746439,-0.008321682024140267,0.0,0.0
0.0,0.0,2.061975400649018,-0.010236354541018747,0.0,0.0
0.0,0.0,2.2605966640433057,-0.01327579016950329,0.0,0.0
0.0,0.0,2.3267124391472502,-0.012135780778357428,0.0,0.0
0.0,0.0,2.354177056459635,-0.016979863457460758,0.0,0.0
0.0,0.0,2.5541118575852666,-0.015080279802149923,0.0,0.0
0.0,0.0,2.6670403981180617,-0.01729347209786804,0.0,0.0
0.0,0.0,2.783957226223808,-0.013939114373086042,0.0,0.0
0.0,0.0,2.761849155987421,-0.013856241951604134,0.0,0.0
0.0,0.0,2.96435554499019,-0.013231605116268311,0.0,5.6299325275495304e-05
0.0,0.0,2.9105876166738054,-0.01710084532415152,0.0,0.0
0.0,0.0,3.1439565986101803,-0.013660689624278488,0.0,0.0
0.0,0.0,3.2310023994435255,-0.014240168964978341,0.0,0.0
0.0,0.0,3.1584373755884028,-0.010939090903370339,0.0,0.00039941078437518134
0.0,0.0,3.3394658695905655,-0.012605385500526284,0.0,0.0003642891568089898
0.0,0.0,3.3885758180516143,-0.013257315829053939,0.0,0.0
0.0,0.0,3.6392919615779915,-0.012631825112338093,0.0,0.0
0.0,0.0,3.6960917220040876,-0.013952224388773854,0.0,0.0
0.0,0.0,3.926028912187917,-0.01490817514659804,0.0,0.0
0.0,0.0,4.242109873317146,-0.01309755067638448,0.0,0.0
0.0,0.0,4.430973620225559,-0.013862282390290765,0.0,0.0
0.0,0.0,4.575009673244076,-0.023345781747937312,0.0,0.0
0.0,0.0,4.4323147744754,-0.027912551890782213,0.0,0.0
0.0,0.0,4.799096015062884,-0.02711341443100358,0.0,0.0
0.0,0.0,4.829423903822932,-0.03014675036912683,0.0,0.0
0.0,0.0,4.959020066719782,-0.023912479560188583,0.0,0.0
0.0,0.0,4.861983961438399,-0.03375902225278488,0.0,0.0
0.0,0.0,5.049536401894168,-0.03003745767724869,0.0,0.0
0.0,0.0,5.0720132195213985,-0.028622024695054905,0.0,0.0
0.0,0.0,5.1234899478485545,-0.03212397818240512,0.0,0.0
0.0,0.0,5.243259987115628,-0.027271447305457115,0.0,0.0
0.0,0.0,5.342414679718364,-0.03048648561535674,0.0,0.0
0.0,0.0,5.345260091264792,-0.03293090009841039,0.0,0.0
0.0,0.0,5.30215427595858,-0.03062570628615894,0.0,0.0
0.0,0.0,5.500458655350027,-0.027060520933895472,0.0,0.0
0.0,0.0,5.574484629231815,-0.031919479101620615,0.0,0.0
0.0,0.0,5.5945706890752716,-0.026763246759540192,0.0,0.0
0.0,0.0,5.666307805204417,-0.02635539492193434,0.0,0.0
0.0,0.0,5.679602683713664,-0.03569645523553876,0.0,0.0
0.0,0.0,5.9163857534525235,-0.03383421538520196,0.0,0.0
0.0,0.0,5.923519596420922,-0.03338150579318648,0.0,0.0
0.0,0.0,6.220685372223713,-0.03470707396432931,0.0,0.0
0.0,0.0,6.1971463256307375,-0.02999511277277861,0.0,0.0
0.0,0.0,6.170638129858785,-0.031386188721482515,0.0,0.0
0.0,0.0,6.356361069569683,-0.034442502782615576,0.0,0.0
0.0,0.0,6.413934858669992,-0.037215682633717675,0.0,0.0
0.0,0.0,6.68016780081292,-0.0425040453648246,0.0,0.0
0.0,0.0,6.513909731107501,-0.05260758387001078,0.0,0.0
0.0,0.0,6.613998052337969,-0.055242314563038186,0.0,0.0
0.0,0.0,6.659899530572302,-0.05881394870409227,0.0,0.0
0.0,0.0,6.748854828757937,-0.050947354177341996,0.0,0.0
0.0,0.0,6.853307397336539,-0.05242559902504614,0.0,0.0
0.0,0.0,6.709064159732627,-0.046113507092430436,0.0,0.0
0.0,0.0,6.853489262570472,-0.04908853408397168,0.0,0.0
0.0,0.0,6.8761323880102525,-0.05528937773593712,0.0,0.0
0.0,0.0,6.817809263616057,-0.05658273097422265,0.0,0.0
0.0,0.0,6.794613871260992,-0.05386218434971057,0.0,0.0
0.0,0.0,7.003779366840378,-0.04638704526927949,0.0,0.0
0.0,0.0,7.003779366840378,-0.04638704526927949,0.0,0.0
0.0,0.0,7.058116126467707,-0.03430251139479247,0.0,0.0
0.0,0.0,7.15401579653018,-0.03585350668717711,0.0,0.0
0.0,0.0,6.9751257042124735,-0.03702453573161074,0.0,0.0
0.0,0.0,7.138953830949522,-0.03618950351019497,0.0,0.0
0.0,0.0,7.000086755197526,-0.03362153065010579,0.0,0.0
0.0,0.0,7.234857637153293,-0.04324537233287346,0.0,0.0
0.0,0.0,7.260706481833749,-0.04526339658519835,0.0,0.0
0.0,0.0,7.543695146699248,-0.040688292163386285,0.0,0.0
0.0,0.0,8.022903565780862,-0.044343912499490656,0.0,0.0
0.0,0.0,8.360955936303483,-0.04528608418154896,0.0,0.0
0.0,0.0,7.986287299434073,-0.057993574668811235,0.0,0.0
0.0,0.0,8.300776725898597,-0.061605382420398105,0.0,0.0
0.0,0.0,8.184980830639299,-0.04771053648329201,0.0,0.0
0.0,0.0,8.230287482768045,-0.04753344021123934,0.0,0.0
0.0,0.0,8.026121270760225,-0.039991819376531956,0.0,0.0
0.0,0.0,8.027972758664133,-0.03700310871504916,0.0,0.0
0.0,0.0,7.855515754727856,-0.032199955242102035,0.0,0.0
0.0,0.0,7.758358624895659,-0.03652918440605438,0.0,0.0
0.0,0.0,7.7159614894904935,-0.030714204227508396,0.0,0.0
0.0,0.0,7.873040764798373,-0.03322265774831011,0.0,0.0
0.0,0.0,7.767947909279286,-0.044546985369211464,0.0,0.0
0.0,0.0,7.634621173415629,-0.05247332363803272,0.0,0.0
0.0,0.0,7.544837029898671,-0.058542388093714925,0.0,0.0
0.0,0.0,7.431202754730864,-0.05451438072572791,0.0,0.0
0.0,0.0,7.476746066428315,-0.04171776146484379,0.0,0.0
0.0,0.0,7.587098076020797,-0.035808763425528314,0.0,0.0
0.0,0.0,7.429936702479074,-0.03439389054721414,0.0,0.0
0.0,0.0,7.460478006874962,-0.04043614419735052,0.0,0.0
0.0,0.0,7.331509273936248,-0.04969976295988353,0.0,0.0
0.0,0.0,7.21601424038064,-0.05584943163597587,0.0,0.0
0.0,0.0,7.573288559520478,-0.06686462292242526,0.0,0.0
0.0,0.0,7.370902039357216,-0.06512666856731279,0.0,0.0
0.0,0.0,7.4644688355012665,-0.05481139637250576,0.0,0.0
0.0,0.0,7.542567545741813,-0.04800154673529737,0.0,0.0
0.0,0.0,7.514097115091832,-0.0308124755512032,0.0,0.0
0.0,0.0,7.469832402096476,-0.0207915558089233,0.0,0.0
0.0,0.0,7.485997576134632,-0.015902721944818787,0.0,0.0
0.0,0.0,7.495383126705441,-0.022496662124515916,0.0,0.0
0.0,0.0,7.472405031156926,-0.03340002783874437,0.0,0.0
0.0,0.0,7.321643067936139,-0.0482449955784777,0.0,0.0
0.0,0.0,7.460364492546181,-0.05787843351942086,0.0,0.0
0.0,0.0,7.255742604377163,-0.0638143146185148,0.0,0.0
0.0,0.0,7.122911876001299,-0.05642807280640971,0.0,0.0
0.0,0.0,7.173108630563027,-0.046526356059092125,0.0,0.0
0.0,0.0,6.801434194853895,-0.03025125144768358,-0.0006339669931656165,0.0
0.2089725785823156,0.0,6.664690370632044,-0.015926797016245657,-0.004438909165677848,0.0
0.19998624547732965,0.0,6.397098729171888,-0.021745378105020675,-0.004706183312433538,0.0
0.0,0.0,6.428782127298829,-0.03680519737797995,0.0,0.0
0.0,0.0,6.105470319502798,-0.06065988004820777,0.0,0.0
0.0,0.0,6.065884679140168,-0.06298494021181889,0.0,0.0
0.0,0.0,6.039733480917047,-0.055391291050828254,0.0,0.0
0.0,0.0,5.9544830340148795,-0.034436063421349555,0.0,0.0
0.27755833757150183,0.0,5.838056809156294,-0.014636152513413608,-0.004748034239634753,0.0
0.28918406033725313,0.0,5.80432094682739,-0.002499585096791755,-0.011814488369943452,0.0
0.3260595186732794,0.0,5.973411948475997,-0.0051087349747732085,-0.007994186859164958,0.0
0.11550478217792456,0.0,6.071557071875413,-0.017568538314906623,0.0,0.0
0.0,0.0,5.9239954484433515,-0.03724551064085986,0.0,0.0
0.0,0.0,5.983896643273355,-0.05432661732479559,0.0,0.0
0.0,0.0,5.787627183686628,-0.04523174292522711,0.0,0.0
0.0,0.0,6.047783706021019,-0.03513528402027002,0.0,0.0
0.0,0.0,5.884396530128994,-0.026505265044321814,0.0,0.0
0.0,0.0,6.213600989955777,-0.012689420906381175,-0.0013986643666888839,0.0
0.0,0.0,6.261963868080756,-0.015973823003977893,-0.003161474335378796,0.0
0.0,0.0,6.058164183608541,-0.022540126316193333,0.0,0.0
0.0,0.0,6.054213365347138,-0.04806725651302139,0.0,0.0
0.0,-0.21841779780431875,6.259510461767681,-0.06282539448773698,0.0,0.0
0.0,-0.1214022335741017,6.314182956939407,-0.0735859843068771,0.0,0.0
0.0,-0.22931860127370554,6.115666207808671,-0.06645896061526853,0.0,0.0
0.0,-0.05917181554571201,6.1665307117091706,-0.05031200593556082,0.0,0.0
0.0,0.0,6.253772355993074,-0.0360138152941336,0.0,0.0
0.0,0.0,6.132329057494462,-0.026588851751547855,-0.003331207924194564,0.0
0.0,0.0,6.188174790360744,-0.026158176152589113,-0.0005556508366671342,0.0
0.0,0.0,6.200606277677987,-0.039321356938054795,0.0,0.0
0.0,0.0,5.94670589769222,-0.03556270603387588,0.0,0.0
0.0,0.0,6.095790962423765,-0.040540068529613844,0.0,0.0
0.0,0.0,6.05590171320774,-0.03629390143012971,0.0,0.0
0.0,0.0,5.8612874176430605,-0.03960431539622361,0.0,0.0
0.0,0.0,5.988787702132962,-0.027997041697085563,0.0,0.0
0.0,0.0,6.02122139309016,-0.02229503185799265,0.0,0.0
0.0,0.0,5.866783206801684,-0.022650136521033877,0.0,0.0
0.24158801495249665,0.0,5.792816341670188,-0.01897551744205984,-0.004835862927049033,0.0
0.6222647052934579,0.0,5.9612900476606425,-0.016249151810519124,-0.012677553683515494,0.0
0.48067009044396336,0.0,6.183203655474255,-0.021918906393236976,-0.00420723466727936,0.0
0.0,0.0,6.037408820569222,-0.03855442777336004,0.0,0.0
0.0,0.0,5.753615411847959,-0.04872405064334132,0.0,0.0
0.0,0.0,6.063887139349682,-0.04502074899620813,0.0,0.0
0.0,0.0,6.334733145174833,-0.030049648892563573,0.0,0.0
0.13844826257296797,0.0,6.320717806859089,-0.015229464816704744,-0.00021588745609108246,0.0
0.19362811798415175,0.0,6.112917794911397,-0.015592482994730062,-0.0020370285871543032,0.0
0.0,0.0,6.336178462506242,-0.031082234151039046,0.0,0.0
0.0,0.0,6.073765748989201,-0.04483910338646562,0.0,0.0
0.0,-0.09402877347777547,6.067543495387015,-0.05298637593118035,0.0,0.0
0.0,0.0,5.989790221797371,-0.05612974364304596,0.0,0.0
0.0,0.0,6.001794620688371,-0.030288619441061787,0.0,0.0
0.0,0.0,6.179965680644238,-0.02391917308075724,0.0,0.0
0.0,0.0,6.070304990188573,-0.02489349365038775,0.0,0.0
0.0,0.0,5.718987448903888,-0.03042862165149967,0.0,0.0
0.0,0.0,5.734294650030095,-0.027350710469357387,0.0,0.0
0.03692813299782545,0.0,5.950125246326351,-0.032732055206489905,-0.00016874128970381495,0.0
0.32678976309235447,0.0,6.057509583631857,-0.030716214645174305,-0.0016171322605973298,0.0
0.14132824641911887,0.0,6.0298665867570795,-0.04324556646995289,-0.000328590167283871,0.0
0.0,0.0,5.695448141259738,-0.054443602542198835,0.0,0.0
0.0,0.0,5.95153692140558,-0.05373168188169645,0.0,0.0
0.030677936924863446,0.0,6.164033980182326,-0.04242582230875944,0.0,0.0
0.1411814014074291,0.0,5.6467401318018196,-0.03766952371551144,-0.002047439142285165,0.0
0.4778759907515142,0.0,5.894030635653715,-0.03123112264934897,-0.01102938177876444,0.0
0.5571502767775951,0.0,6.377962996751628,-0.027094913108856467,-0.01126584391185891,0.0
0.32593469113533124,0.0,6.763010348250155,-0.03849007306488482,-0.0012771366730386364,0.0
0.013764130667527793,-0.043800115526036805,6.102222123357176,-0.05436383342533509,0.0,0.0
0.0027199144817470064,0.0,6.250286414253206,-0.06178695881255582,0.0,0.0
0.299375922517204,0.0,6.429268673832856,-0.03901487796728791,-0.003231982858177311,0.0
0.6791941603391396,0.0,6.697086710525743,-0.02965032320884291,-0.007898281010071966,0.0
0.6068443987853263,0.0,6.415626545654909,-0.03081704990261721,-0.0025933321764057523,0.0
0.385849425750171,0.0,6.185801436494964,-0.03598983020031116,-0.002477156359065187,0.0
0.3405939241267637,0.0,6.698332263639889,-0.032631765842762346,-0.0011987629837032295,0.0
0.32595364551629197,0.0,6.907319241302121,-0.03035151673874866,0.0,0.0
0.27313351082827386,0.0,6.9302298955412995,-0.033901792940542706,-0.0014832057827912765,0.0
0.41430565141097625,0.0,6.508181942920278,-0.035260914936623165,0.0,0.0
0.23069316793374303,0.0,6.235327569631233,-0.04180075921259189,-0.0005032435078559586,0.0
0.2667109013408437,0.0,6.699459836074003,-0.03814454117452816,0.0,0.0
0.0,0.0,6.471329455306377,-0.04101055259380562,0.0,0.0
0.2322137311206342,0.0,5.984208145257538,-0.03523655321217927,0.0,0.0
0.26454904512530864,0.0,6.0428059545853445,-0.032968510120899214,0.0,0.0
0.21961789075291413,0.0,6.204548100568875,-0.024238594219781327,0.0,0.0
0.0,0.0,5.98233355244711,-0.04380588525791274,0.0,0.0
0.0,0.0,5.95442973420069,-0.03771963834583959,0.0,0.0
0.40395506597677866,0.0,6.429792911147675,-0.016285444964903046,0.0,0.0
0.14113393411582187,0.0,6.494745630208833,-0.014384497658212892,0.0,0.0
0.0,0.0,6.091063697730988,-0.017224568638670848,0.0,0.0
0.0,0.0,6.293562623742544,-0.014321841088864187,0.0,0.0
0.0,0.0,6.4013030735381236,-0.01891164698113116,0.0,0.0
0.028457844266890443,0.0,6.187210601923797,-0.01449304058407631,0.0,0.0
0.0,0.0,6.63207599030414,-0.017131651854343555,0.0,0.0
0.0,0.0,6.682990802766783,-0.040968538613835016,0.0,-0.0015745395544622316
0.0,0.0,6.391179861709256,-0.054357297093239186,0.0,0.0
0.0,0.0,6.543213112157504,-0.03949554078979378,0.0,-0.0002625635242375701
0.0,0.0,6.745659070568822,-0.01930999985016722,0.0,0.0
0.0,0.0,6.9959482069425265,-0.00761334630923087,0.0,0.0
0.0,0.0,6.708767372128743,-0.011434645562725252,0.0,-0.0003286451860081238
0.0,0.0,6.562506456704439,-0.023731319745850542,0.0,-0.00014167953617575397
0.0,0.0,6.457400090688731,-0.039124053583373924,0.0,0.0
0.0,0.0,6.748957726862781,-0.0330880630927963,0.0,-0.0022941433466843993
0.0,0.0,6.794044653367797,-0.042166782543168045,0.0,-0.0027748354301553556
0.0,0.0,6.767176984006786,-0.04658724129844732,0.0,-0.004108785938445407
0.0,0.0,6.973732930593966,-0.042278384974301086,0.0,-0.0049098004674753585
0.0,0.0,6.812995616050135,-0.03173949310125773,0.0,-0.0032256689821693095
0.0,0.0,7.482024998598793,-0.018137858191888796,0.0,-0.003662923044577971
0.0,0.0,7.5353267976520995,-0.0233592619616599,0.0,-0.004606374058087488
0.0,0.0,7.181496500863413,-0.03802952224409829,0.0,-0.0057632788146725605
0.0,0.0,7.455041215491905,-0.048836183039252065,0.0,-0.006984235441268119
0.0,0.0,7.2273799390867,-0.0445136421760888,0.0,-0.004905997562348331
0.0,0.0,7.325128950977176,-0.03949853833479018,0.0,-0.005438701557668144
0.0,0.0,7.489022360522061,-0.03447047994548499,0.0,-0.006010833554949735
0.0,0.0,7.152629858298328,-0.0408911938327093,0.0,-0.0051815724458225375
0.0,0.0,6.689622185759809,-0.030128573274369158,0.0,-0.009309480605745582
0.0,0.0,7.09287653394549,-0.005918276409429215,0.0,-0.0052753930531159714
0.28526352212000944,0.0,7.303423986119034,0.0,0.0,-0.0034312296721675504
0.0,0.0,6.914589724452279,-0.003122145428356828,-0.0037314670974875584,-0.004018753202521686
0.0,0.0,6.428989679208864,-0.009759325621955212,0.0,-0.003706339891637873
0.0,0.0,6.761762977479107,-0.011940023489529725,0.0,-0.005070468344766941
0.0,0.0,6.8605795988458835,-0.008394686810901993,0.0,-0.001082129013520399
0.0,0.0,6.548832101151329,-0.019267716138349218,0.0,-0.0025514492226657924
0.0,0.0,6.430018377284526,-0.01448875189068887,0.0,-0.0020199053878473703
0.0,0.0,6.890203495858126,-0.009156120553372542,0.0,-0.0016251272780123814
0.0,0.0,7.2284865235086695,-0.004712346532034167,0.0,-0.00012879680665080917
0.0,0.0,6.688533139403539,-0.0033807707894184546,0.0,0.0
0.0,0.0,6.928411207935102,-0.009918689161480141,0.0,-0.0023567613940005346
0.0,0.0,7.089412398149979,-0.019161876400585906,0.0,-0.0007060128603150016
0.0,0.0,7.098517676594675,-0.028651207983364076,0.0,-0.0009038164395665012
0.0,0.0,6.961308510451867,-0.029747659468664738,0.0,-0.00031288890272554844
0.0,0.0,6.952819839840612,-0.03828413779905059,0.0,-0.0009377189701231598
0.0,0.0,7.190104344363787,-0.02393032973074998,0.0,-0.0027017487438199023
0.0,0.0,7.593444389528301,-0.013205645016831916,0.0,-0.0008625285804314278
0.3420858184858656,0.0,7.316368735089897,-0.002413585757047448,0.0,0.0
0.5662110071794825,0.0,7.540730380361071,0.0,-0.003816447321273962,0.0
0.22500449230678873,0.0,7.588220874044805,-0.0015009120183638294,0.0,0.0
0.0,0.0,7.690305487352369,-0.013336493810019789,0.0,-0.0008616693208525799
0.0,0.0,7.530510883585878,-0.02667131365981736,0.0,-0.0009432329807723978
0.0,0.0,7.445040451165776,-0.0360515417453786,0.0,0.0
0.0,0.0,7.735942973666264,-0.03915614311540454,0.0,0.0
0.0,0.0,7.566804694910601,-0.048740666305157235,0.0,-0.000648585279185059
0.0,0.0,7.316699111818894,-0.04493624502297096,0.0,-0.002504227460314463
0.0,0.0,7.889999112388064,-0.02446898623759724,0.0,0.0
0.0,0.0,8.191511534548585,-0.01709242887923613,0.0,0.0
0.0,0.0,7.51183761099616,-0.03982088331039023,0.0,-0.0011036819288098216
0.0,0.0,7.498745855682199,-0.04361596442654882,0.0,-0.002620211435049636
0.0,0.0,7.727568366344508,-0.03968497942724209,0.0,-0.0029140163937328304
0.0,0.0,7.610493397773709,-0.043826437545457814,0.0,-0.0017950255315071855
0.0,0.0,7.083539365801623,-0.05365852169967187,0.0,-0.001646756527298416
0.0,0.0,6.606639802505599,-0.05018127913104305,0.0,-0.004585102904399187
0.0,0.0,7.0156217193432795,-0.018587663351379773,0.0,-0.003110388042968956
0.0,0.0,7.032615602289972,-0.004553056311309427,0.0,-0.002006714450271606
0.027964276138217736,0.0,6.391573850454805,-0.002487611748129593,0.0,0.0
0.43814890825922176,0.0,6.398183027737113,0.0,-0.003837727518573046,-0.0011188939581291562
0.48901286397872223,0.0,6.681101400491817,-0.004850466845043281,0.0,0.0
0.22030461043412264,0.0,6.436669657835675,-0.017612060396106282,0.0,0.0
0.006827382647540882,0.0,6.132050025162883,-0.03322112604222198,0.0,-0.0050880472788070175
0.0,0.0,6.421939513295118,-0.038509169855195154,0.0,-0.0010694801634256504
0.059023177425206894,0.0,6.814432921809773,-0.020774282653506254,0.0,-0.0003213243449958846
0.0,0.0,7.063949174637438,-0.013964833427713342,0.0,-0.0008342117127008355
0.0,0.0,6.625563438458025,-0.01844789477273488,0.0,-0.0016240552350892507
0.0,0.0,6.750513892838586,-0.013041559882148626,0.0,-0.001385670482526414
0.10418930543853586,0.0,7.71501154678136,-0.004981485863944866,-0.00029451083593037846,0.0
0.0,0.0,7.475040344110864,-0.021338266283297276,0.0,0.0
0.0,0.0,6.9369819868008635,-0.054454973933878506,0.0,-0.001021083558967422
0.0,0.0,7.161736618383637,-0.057054698532479506,0.0,-0.004258712738182029
0.0,0.0,7.502673689330305,-0.03113869851346195,0.0,-0.001908264830534501
0.03215395973626867,0.0,7.511184083596563,-0.017110785796118175,0.0,0.0
0.4120648993364104,0.0,6.937686807363818,-0.007822495536625593,-0.0019906914847299807,0.0
0.3933377865692469,0.0,7.429384845890747,0.0,-0.007355478928542577,-0.0011539239297992648
0.30959079496208164,0.0,7.574693142096348,0.0,0.0,-0.0004377500426845601
0.0,0.0,7.0428801144810915,-0.0238872138460723,0.0,-0.003744660593032631
0.0,0.0,6.931693513483,-0.04007612465070173,0.0,-0.0027171295352354445
0.0,0.0,7.341953228072207,-0.032988652450875046,0.0,-0.00012033202306724602
0.0,0.0,7.409739120100168,-0.041885905173333425,0.0,-0.002983970078970737
0.0,0.0,7.04945842432128,-0.056773561706990196,0.0,-0.002768639150915175
0.0,0.0,7.0432622429141585,-0.046129647969119496,0.0,-0.0032316410721897385
0.0,0.0,7.138374928188403,-0.0340378550098689,0.0,-0.002921862929640342
0.0,0.0,7.388866061180275,-0.032500824423920355,0.0,-0.004345697723761884
0.0,0.0,6.989825457247695,-0.03420300907942329,0.0,-0.00412613982364072
0.0,0.0,6.503977117202058,-0.037387141473656474,0.0,-0.006450506288587139
0.0,0.0,6.451271309725021,-0.04842456829640187,0.0,-0.0054349184633447
0.0,0.0,6.2512297144327515,-0.045344275842483,0.0,-0.006863237982530794
0.0,0.0,6.000555284354702,-0.026100135901528543,0.0,-0.00308458230505606
0.0,0.0,6.102942908796477,-0.020084779216152388,0.0,-0.004446682977298265
0.0,0.0,5.937193641819043,-0.0077058389803937154,0.0,-0.004037283945736029
0.0,0.0,6.05892689329742,0.0,0.0,-0.0024728065471879045
0.11126031706166514,0.0,6.715239249481971,0.0,-0.004532875250357909,-0.00320659434777817
0.002311307617779247,0.0,6.33856407737761,0.0,0.0,-0.0030862311562351577
0.0,0.0,6.311022928587613,-0.00017878543967707645,0.0,-0.00297544901388764
0.0,0.0,6.803694881259308,-0.0210230036945323,0.0,-0.004483547057991059
0.0,0.0,6.740593508894645,-0.04821584608879933,0.0,-0.003636062407309363
0.0,0.0,6.169444817285714,-0.060233612244110724,0.0,-0.0051946685349782765
0.0,0.0,6.361669239454758,-0.05553396532710251,0.0,-0.00536997095813723
0.0,0.0,6.242672279572147,-0.03283061079114189,0.0,-0.0035802256329552544
0.0,0.0,5.9467533650572975,-0.015156062114511638,0.0,-0.004236359832054522
0.0,0.0,5.936018689963162,0.0,-0.0007399859401137746,-0.003331984999487868
0.030161371876901228,0.0,6.083000051743726,0.0,0.0,-0.0010198271788228938
0.0,0.0,5.482560507052655,-0.0016298848908970493,0.0,-1.0814188806313035e-05
0.0,0.0,4.977772334397134,-0.008818400326422123,0.0,-0.0015154251909026862
0.0,0.0,5.317208797993321,-0.015569525258551509,0.0,-0.003368353548142757
0.0,0.0,4.7201564051930305,-0.01504384240001969,0.0,-0.005362057155910714
0.0,0.0,4.732558136611753,-0.008092243975818161,0.0,-0.004603673430130905
0.0,0.0,4.884293151331672,-0.0004173601001116656,0.0,-0.0015089296215028965
0.0,0.0,4.9621718601960705,0.0,0.0,-0.002295143136637673
0.0,0.0,4.557807248613498,-0.0010034891605774862,0.0,-0.008465602346885655
0.0,0.0,4.708712654807583,-0.006047105097559117,0.0,-0.0021294209211077573
0.0,0.0,5.044265939270566,-0.012710794267305318,0.0,-0.006548844760013538
0.0,0.0,4.804777491768115,-0.02177682039468985,0.0,-0.00744963494749831
0.0,0.0,4.887501170992143,-0.024627899425744275,0.0,-0.007910742579211408
0.0,0.0,4.988051897396705,-0.02238647080167715,0.0,-0.0060204537030214165
0.0,0.0,5.3789152899918715,-0.016234651851694565,0.0,-0.00869772398166786
0.0,0.0,4.946026342239755,-0.015438504270998327,0.0,-0.007649247443214222
0.0,0.0,5.311999566232392,-0.020156319701942538,0.0,-0.007531858270426897
0.0,0.0,5.466508171791294,-0.01693386908465584,0.0,-0.009450407418172607
0.0,0.0,5.367987421041294,-0.02119876371786349,0.0,-0.008919215101094061
0.0,0.0,5.489898520511779,-0.028271592030411373,0.0,-0.009667667742499973
0.0,0.0,5.394015391802329,-0.04370922058593597,0.0,-0.012251931475102892
0.0,0.0,5.05935431996083,-0.04043301799881803,0.0,-0.014322313067955098
0.0,0.0,5.130143088610884,-0.03139804865402457,0.0,-0.01640738916261772
0.0,0.0,5.257463947007087,-0.01584411687017024,0.0,-0.010823975790062798
0.0,0.0,5.11285825931826,-0.008063476294359176,0.0,-0.014845985920157387
0.0,0.0,4.969702047509177,0.0,0.0,-0.013821752150877225
0.0,0.0,5.021422799169025,0.0,0.0,-0.010513577633036253
0.0,0.0,4.990496309595236,-0.0035203188091814733,0.0,-0.014578404954745269
0.0,0.0,5.238418382149752,-0.006006899756144128,0.0,-0.01498722380107503
0.0,0.0,4.834453284562266,-0.022437401300734638,0.0,-0.010601782047003286
0.0,0.0,4.667152487859897,-0.034496193584783195,0.0,-0.01696450059991817
0.0,0.0,5.109965452375144,-0.020553761639856345,0.0,-0.014295896555010257
0.0,0.0,4.809405074337021,-0.02140751070577637,0.0,-0.014698815035527068
0.0,0.0,4.624996522630118,-0.013557132491407262,0.0,-0.009909106057418824
0.0,0.0,4.747901988818125,-0.0049640717090856466,0.0,-0.013997716144538281
0.0,0.0,4.816112888697859,-0.001379333094574473,0.0,-0.010565735740236771
0.0,0.0,4.539925360143432,-0.005045670512776853,0.0,-0.008225823825944605
0.0,0.0,4.059844603459003,-0.008578998980068846,0.0,-0.013274536045571144
0.0,0.0,4.108643036301361,-0.008030098217677783,0.0,-0.011823279688372823
0.0,0.0,3.911889344283959,-0.016608513446120278,0.0,-0.008424666303703424
0.0,0.0,3.8014161094044434,-0.014841762056533153,0.0,-0.010783383616378435
0.0,0.0,3.723839766011158,-0.005820837822978963,0.0,-0.008030091889616823
0.0,0.0,3.8680288175818704,-0.004549965558249775,0.0,-0.009188987970844664
0.0,0.0,3.9331291226410903,-0.008126926174920304,0.0,-0.006123942815658704
0.0,0.0,3.950406565557568,-0.01391140966425139,0.0,-0.005390001557949936
0.0,0.0,4.1554697302485755,-0.02025072128083595,0.0,-0.00923837538612084
0.0,0.0,4.1554697302485755,-0.02025072128083595,0.0,-0.00923837538612084
0.0,0.0,4.3524745048455875,-0.00838385366889776,0.0,-0.007428066648852813
0.0,0.0,4.057719176612615,-0.011295412394272234,0.0,-0.004084459336192821
0.0,0.0,4.057719176612615,-0.011295412394272234,0.0,-0.004084459336192821
0.0,0.0,4.344306265766403,-0.00210341972970362,0.0,-0.003979651449953829
0.0,0.0,4.445495474720878,0.0,0.0,-0.003452128031534589
0.0,0.0,4.13535251679795,-0.000811344610103867,0.0,-0.0008882751236504651
0.0,0.0,4.536194189159962,-0.0011138805901809313,0.0,-0.0024134716699635234
0.0,0.0,4.668246814057921,-0.0017723288553901542,0.0,-0.0016815806994411697
0.0,0.0,4.206104449274371,-0.01977508764967919,0.0,-0.0009994790958586463
0.0,0.0,4.206104449274371,-0.01977508764967919,0.0,-0.0009994790958586463
0.0,0.0,4.288653282501685,-0.02712756016677672,0.0,-0.0012215203189272742
0.0,0.0,4.356348499076492,-0.035502876954780674,0.0,-0.0013205399908321994
0.0,0.0,3.958915334579648,-0.012966374496834823,0.0,0.0
0.0,0.0,3.8472002991701983,-0.003955127011030617,0.0,0.0
0.0,0.0,3.8472002991701983,-0.003955127011030617,0.0,0.0
0.10736784545982829,0.0,3.6207657900890533,0.0,-0.015692182271910136,0.0
0.0,0.0,3.3420132085135443,0.0,-0.004963088091071009,0.0
0.0,0.0,3.226116661105558,0.0,0.0,0.0
0.0,0.0,3.226116661105558,0.0,0.0,0.0
0.0,0.0,3.0771436736729827,-0.023329343348811017,0.0,0.0
0.0,0.0,2.892638397745885,-0.020480880080814327,0.0,0.0
0.0,0.0,3.0522399702857985,-0.002769339868985584,0.0,0.0
0.026977879257412157,0.0,3.198725564758307,0.0,-0.006192254717793813,0.0
0.012928121564208347,0.0,3.236191300610026,0.0,-0.008937898811692933,0.0
0.0,0.0,3.060206078018844,0.0,-0.0022692044187176004,0.0
0.0,0.0,3.225019110741517,-0.0007318245659927024,-0.0017863635303477475,0.0
0.0,0.0,3.547161201852929,-0.007618021390950538,0.0,0.0
0.0,0.0,3.5733293697789925,-0.022018780962731785,0.0,0.0
0.0,0.0,3.380877588510122,-0.04883337236640274,0.0,0.0
0.0,0.0,3.6030992338212733,-0.04319857866780385,0.0,0.0
0.0,0.0,3.8680040091928483,-0.023914771673922457,0.0,0.0
0.0,0.0,4.045513719437208,-0.014244684466178978,0.0,0.0
0.0,0.0,3.768438589821052,-0.015918149266305068,0.0,0.0
0.0,0.0,3.710993180756934,-0.014449833763319302,0.0,0.0
0.0,0.0,3.978075158946974,-0.009427823232864715,0.0,0.0
0.0,0.0,3.7051425663687096,-0.012739583520250494,0.0,0.0
0.0,0.0,3.4301508775906937,-0.013557285353932783,0.0,0.0
0.0,0.0,3.322666762213907,-0.004611157885221719,0.0,0.0
0.0,0.0,3.478428156939377,0.0,0.0,0.0
0.0,0.0,3.5117944518295134,0.0,0.0,0.0
0.0,0.0,3.2801290863830963,0.0,0.0,0.0
0.0,0.0,3.3027309568670566,0.0,0.0,0.0
0.0,0.0,3.673068515131851,0.0,0.0,0.0
0.0,0.0,3.4476469081875507,-0.01103819874678847,0.0,0.0
0.0,0.0,2.8174733330112733,-0.015792028316334156,0.0,0.0
0.0,0.0,3.3837755492913217,-0.008323049762338676,0.0,0.0
0.0,0.0,3.4430315149755217,-0.006886839745419012,0.0,0.0
0.0,0.0,3.1042240105174277,-0.012473314256418684,0.0,0.0
0.0,0.0,2.9930902108444135,-0.008135010478497118,0.0,0.0
0.0,0.0,2.874481321541159,-0.010234293875202667,0.0,0.0
0.0,0.0,2.8842796396752024,-0.00655264842747155,0.0,0.0
0.0,0.0,2.858457577824876,-0.0004874460899701152,0.0,0.0
0.0,0.0,2.7595338761743307,-0.0012729514641315349,-0.002190890685540011,0.0
0.0,0.0,2.6007415913617518,-0.001448925005534941,0.0,0.0
0.0,0.0,2.830664272923247,-0.002003692924734699,0.0,0.0
0.0,0.0,2.478088959894339,-0.002376740632915638,0.0,0.0
0.0,0.0,2.538818488406961,-0.0042127344867037555,0.0,0.0
0.0,0.0,2.728318972099626,-0.002965967542136901,0.0,0.0
0.0,0.0,2.503854186489311,-0.004079258917309586,0.0,0.0
0.0,0.0,2.626902201015495,-0.0018931427777675075,0.0,0.0
0.0,0.0,2.655890482308501,-0.01722181551659622,0.0,0.0
0.0,0.0,2.605432133009032,-0.011265443725936523,0.0,0.0
0.0,0.0,2.7074916899350727,-0.009025771976200817,0.0,0.0
0.0,0.0,3.0468955497516004,-0.0012880196143898108,0.0,0.003189652237857772
0.0,0.0,3.3168338649744933,-0.004375804480161917,0.0,0.0
0.0,0.0,3.410987768315688,-0.002266692002399351,0.0,0.0016566221261987402
0.0,0.0,3.5535349598420725,-0.0030911389617771907,0.0,0.0
0.0,0.0,3.60637216440835,-0.01275299411043373,0.0,0.0
0.0,0.0,3.560645767179314,-0.031275509125228376,0.0,0.0
0.0,0.0,3.049052474349795,-0.04446118418961444,0.0,0.0
0.0,0.0,3.1083196982493746,-0.031797948124980414,0.0,0.0
0.0,0.0,3.05913159250154,-0.015920062468880815,0.0,0.0
0.0,0.0,2.804339704650617,-0.0009445102139894971,0.0,0.0
0.0,0.0,2.75563485808101,0.0,0.0,0.0005994508504025239
0.018699701009413323,0.0,2.595209088692153,0.0,-0.00452266855498102,0.0
0.1937456249500016,0.0,2.7416006499047407,0.0,-0.005835576979263057,0.002220656254529179
0.0,0.0,2.974085971392933,0.0,0.0,0.00106251935315239
0.0,0.0,2.456080947443677,-0.029299121731200216,0.0,0.0
0.0,0.0,1.8980707583322165,-0.048517322667996333,0.0,0.0
0.0,0.0,2.426780863806416,-0.01968170392105272,0.0,0.0005406874228262195
0.0,0.0,2.4220834980131913,-0.004850404601427076,0.0,0.001539200309841974
0.0,0.0,2.0448486494512306,-0.0003291031768961553,0.0,0.00046583283453202325
0.2032247714110776,0.0,2.199431703549086,0.0,-0.011999266828505648,0.00023379868368135492
0.3323727385778918,0.0,2.710062625842701,0.0,-0.007298353139767131,0.0033617940226384085
0.0,0.0,2.3683279592965887,0.0,0.0,0.0049039703952931234
0.0,0.0,2.384161853026323,-0.010829585599681332,0.0,0.0004453528408892163
0.0,0.0,2.3712879113929612,-0.02634906152806543,0.0,0.00015054634539485954
0.0,0.0,2.735345461592299,-0.028620315059936636,0.0,0.004034984768062015
0.0,0.0,2.6497418213410695,-0.03271075006838903,0.0,0.0012262566450905624
0.0,0.0,2.2555146193326223,-0.025775412242393415,0.0,0.0003473450073767345
0.0,0.0,2.749025800626591,0.0,0.0,0.0029300896918464706
0.0,0.0,2.8837738358985385,0.0,0.0,0.005190578178328956
0.0,0.0,2.570845150260708,-0.006640712291178947,0.0,0.0027548376314480245
0.0,0.0,2.298050046778336,-0.020986701958883754,0.0,0.0008142195003232189
0.0,0.0,2.671400635970481,-0.015782337107023554,0.0,0.0007661843659302586
0.0,0.0,2.6913146802508106,-0.014092195492091047,0.0,0.0058578867605152095
0.0,0.0,2.573649675722756,-0.01645620545251789,0.0,0.0026700164099273467
0.0,0.0,2.309280160403009,-0.014198248083309578,0.0,0.0014674354510104185
0.0,0.0,2.6285918071216754,-0.0039620303969232305,0.0,0.0034353594085141646
0.0,0.0,3.2571832650660726,0.0,0.0,0.008674967308045272
0.0,0.0,2.7234042769300153,-0.013941022212381965,0.0,0.0013216315854498908
0.0,0.0,2.403850994825294,-0.028522154063445344,0.0,0.0003835249504679877
0.0,0.0,2.711171897007578,-0.0272458629668093,0.0,0.0011999776274190296
0.0,0.0,2.893197098327551,-0.01217814466036439,0.0,0.0023020481804308054
0.0,0.0,2.7961378073765406,-0.017143342677192617,0.0,0.0012630750556740567
0.0,0.0,2.259621217615878,-0.028993755503884066,0.0,0.0
0.0,0.0,2.505980793349853,-0.006984975654272521,0.0,0.0
0.0,0.0,2.745706639093571,0.0,0.0,0.0016991232822991093
0.0,0.0,2.5146371025629803,0.0,0.0,0.0
0.0,0.0,2.0089155196193453,-0.01186311382685087,0.0,0.0
0.0,0.0,2.1094430867215506,-0.006839353185381977,0.0,0.0
0.0,0.0,2.286427100613022,-0.0006049559409060129,0.0,0.0
0.0,0.0,2.2652681105132997,0.0,0.0,0.0
0.0,0.0,2.411334599509918,0.0,0.0,0.0
0.0,0.0,2.2116069745909774,-0.01533335132532882,0.0,0.0
0.0,0.0,2.259537027600368,-0.009951558259524996,0.0,0.0
0.0,0.0,2.728780659495769,-3.483004346349583e-05,0.0,0.0
0.0,0.0,2.9907995957053553,-0.006729367510671323,0.0,0.0
0.0,0.0,2.591307327823895,-0.015797501868791315,0.0,0.0
0.0,0.0,2.7799340816781983,-0.010404558693499818,0.0,0.0
0.0,0.0,3.0973551052158705,-0.003763956075095194,0.0,0.0
0.0,0.0,2.742328495419773,-0.012815815381315552,0.0,0.0
0.0,0.0,2.5858236540619606,-0.007748465298272703,0.0,0.0
0.0,0.0,2.762530997975866,-0.006003715860532713,0.0,0.0
0.0,0.0,2.8971157532684346,-0.005046864486275345,0.0,0.0
0.0,0.0,3.3105265281094014,-0.012429888103415557,0.0,0.0
0.0,0.0,2.574865460878265,-0.041822919470970096,0.0,0.0
0.0,0.0,2.5006598604708943,-0.039248714705831564,0.0,0.0
0.0,0.0,3.111815261803162,-0.016647779899493547,0.0,0.0
0.0,0.0,2.83009148346668,-0.013711366624817214,0.0,0.0
0.0,0.0,2.2708023171724925,-0.012904054690536093,0.0,0.0
0.0,0.0,2.224699261006042,-0.00458838267790095,0.0,0.0
0.0,0.0,2.2330398635515527,0.0,0.0,0.0
0.0,0.0,2.6142255242555157,0.0,0.0,0.0
0.0,0.0,2.1981728139285823,0.0,0.0,0.0
0.0,0.0,2.00175735259048,-0.004181566180154349,0.0,0.0
0.0,0.0,2.4025757192098602,-0.007435953229373597,0.0,0.0
0.0,0.0,2.7048497447916784,-0.007488514294547319,0.0,0.0
0.0,0.0,2.3020043344814574,-0.01574122271830283,0.0,0.0
0.0,0.0,2.271730296668013,-0.019810980757119297,0.0,0.0
0.0,0.0,2.4084205638885807,-0.0070980326358426075,0.0,0.0
0.0,0.0,2.5828226681596433,0.0,0.0,0.0
0.0,0.0,2.3327531762561513,-0.0016032830495240759,0.0,0.0
0.0,0.0,2.2915266209292815,-0.010886273011290604,0.0,0.0
0.0,0.0,2.2845339539727787,-0.009736343305781279,0.0,0.0
0.0,0.0,2.4879314050126116,-0.005800967584236821,0.0,0.0
0.0,0.0,2.6855478525728818,-0.0035785672234489698,0.0,0.0
0.0,0.0,2.419387256459284,-0.017225276793987408,0.0,0.0
0.0,0.0,2.4070564601793984,-0.0232016613054597,0.0,0.0
0.0,0.0,2.6493009404010976,-0.016596332408046876,0.0,0.0
0.0,0.0,2.458436810628715,-0.01046470168676387,0.0,0.0
0.0,0.0,2.4723725639884973,-0.005520218163183345,0.0,0.0
0.0,0.0,2.614687357533641,-0.005996344494879231,0.0,0.0
0.0,0.0,2.2839140563108016,-0.0053472528145965485,0.0,0.0
0.0,0.0,2.3256115968431894,-0.004560015316348637,0.0,0.0
0.0,0.0,2.4101072657126497,-0.0031470418185136468,0.0,0.0
0.0,0.0,2.741905579803086,0.0,0.0,0.0
0.0,0.0,2.522288011075303,-0.004177691794434036,0.0,0.0
0.0,0.0,2.524736074593361,-0.005915489615251508,0.0,0.0
0.0,0.0,2.609358014744693,-0.004561063061315556,0.0,0.0
0.0,0.0,2.8484129176610526,-0.006402294898268117,0.0,0.0
0.0,0.0,2.786052230023115,-0.028362748341851134,0.0005071978391228604,-8.27439388567323e-06
0.0,0.0,2.3646305694432086,-0.03678749270317113,0.0,-0.0002870394538848905
0.0,0.0,2.7300410588242734,-0.029258381463218925,0.0,-0.0009591767349023204
0.0,0.0,2.453558450405769,-0.015420141169153445,0.0,0.0
0.0,0.0,2.6554933264036062,-0.006524404022791201,0.0,0.0
0.0,0.0,2.215955983503606,-0.013136789609490713,0.0,-0.0008331886290838395
0.0,0.0,1.972389479735218,-0.00577167121263764,0.0,-0.0009237971449259575
0.0,0.0,2.191505604156312,0.0,0.0,0.0
0.0,0.0,2.130991744727943,-0.0025190559077789753,0.0,0.0
0.0,0.0,1.6250447259834047,-0.017508795697294015,0.0,0.0
0.0,0.0,1.7653465329828362,-0.0072382205900977745,0.0,0.0
0.0,0.0,1.971217501347775,0.0,0.0,0.0
0.0,0.0,2.205539077329107,0.0,0.0,0.0
0.0,0.0,1.906314787544828,-0.004498125210122032,0.0,0.0
0.0,0.0,1.9360798208260832,-0.016575677898690994,0.0,0.0
0.0,0.0,2.4512441610539524,-0.013819274149672345,0.0,-0.0020600390056993915
0.0,0.0,2.2535219268360516,-0.023165228545701303,0.0,-8.371254070685682e-06
0.0,0.0,2.328777055585207,-0.023142827281578328,0.0,0.0
0.0,0.0,2.109244678686742,-0.029498095082241937,0.0,-0.00035185150042426575
0.0,0.0,2.1171300422932258,-0.021290011693928537,0.0,0.0
0.0,0.0,2.37314735095671,-0.005541499500279486,0.0,-0.00043408994232263444
0.0,0.0,2.3387418679372405,-0.0013419650272863525,0.0,0.0
0.0,0.0,1.9130831989020725,-0.00847654884729165,0.0,0.0
0.0,0.0,2.1090024867681354,-0.011648855637299985,0.0,-0.002680167786090097
0.0,0.0,1.8863130622146325,-0.01345794212483623,0.0,-0.0001406994640289493
0.0,0.0,1.964252426564433,-0.012318656722876431,0.0,-0.0009407934527652613
0.0,0.0,2.0027087459476647,-0.018438845366621347,0.0,-0.0026285840724128307
0.0,0.0,1.581881946859504,-0.037010595513406776,0.004941733011104932,-0.0019394744332254985
0.0,0.0,1.4466154060652334,-0.023820207287585243,0.005528734552797802,-0.0027800262579973827
0.0,0.0,1.5137584296049593,-0.011807156369900335,0.0,-0.003784746743149256
0.0,0.0,1.4532062336897686,0.0,0.0,-0.0015185299110726483
0.0,0.0,1.4100138517032088,0.0,0.0,0.0
0.0,0.0,1.1308645864104556,0.0,0.0,-0.0007499883726570104
0.0,0.0,0.9466793941280771,0.0,0.0,0.0
0.0,0.0,1.1493575192240697,0.0,0.0,-0.0033731336268089064
0.0,0.0,1.0009940579533099,0.0,0.0,0.0
0.0,0.0,1.037865808827045,0.0,0.0,-0.001232025666109114
0.0,0.0,1.4984956996261376,0.0,0.0,-0.0005082080697643018
0.0,0.0,1.3784954020763542,-0.012226498093907308,0.0,-0.004174542094052985
0.0,0.0,1.2256026477087363,-0.016858758801879786,0.0,-0.00358047695538998
0.0,0.0,1.421562360048577,-0.004051681492778339,0.0,-0.0017775925319286016
0.0,0.0,1.5748369254655128,-0.0021382413713212276,0.0,0.0
0.0,0.0,1.5017200250482086,-0.0018140948415504541,0.0,0.0
0.0,0.0,1.3728008642015082,-0.011807344870665145,0.0,-0.0008837878831471451
0.0,0.0,1.3828106351543608,-0.010924304229639257,0.0,0.0
0.0,0.0,1.419649459279134,-0.004801684467323815,0.0,0.0
0.0,0.0,1.4677572641453018,-0.003367094400090302,0.0,0.0
0.0,0.0,1.2930460183123027,-0.006682884908586009,0.0,0.0
0.0,0.0,1.4495773914815657,-0.0069286552062785365,0.0,0.0
0.0,0.0,1.323165193339141,-0.016909167269695324,0.0,0.0
0.0,0.0,1.4465097239643039,-0.005851159741988785,0.0,0.0
0.0,0.0,1.512894970133051,-0.0007683685835046779,0.0,0.0
0.0,0.0,1.147177469213771,-0.009073830604175204,0.0,0.0
0.0,0.0,1.137001309375035,-0.0187005424703876,0.0,-1.2482155068404301e-05
0.0,0.0,1.1357111993432856,-0.017659960038950113,0.0,-0.00021184549728455056
0.0,0.0,1.0292998415845436,-0.008734894768269292,0.0,0.0
0.0,0.0,0.8744605452417596,0.0,0.0,0.0
0.0,0.0,1.0161189837952116,0.0,0.0,0.0
0.0,0.0,0.9846169498164633,0.0,0.0,0.0
0.0,0.0,0.9161409217874675,0.0,0.0,0.0
0.0,0.0,1.2511576310335633,0.0,0.0,0.0
0.0,0.0,1.2851015705640514,0.0,0.0,0.0
0.0,0.0,1.270220066609243,-0.0013795726407781245,0.0,0.0
0.0,0.0,1.4535498782977758,-0.011828493382709407,0.0,0.0
0.0,0.0,1.4011407728199003,-0.029637693460103125,0.0,0.0
0.0,0.0,1.4424220912657666,-0.027219843223365785,0.0,0.0
0.0,0.0,1.4579768531127575,-0.014189618903058893,0.0,0.0
0.0,0.0,1.4870042681372753,-0.011661715814385102,0.0,0.0
0.0,0.0,1.3676484261722737,-0.010935533057333805,0.0,0.0
0.0,0.0,1.5228953833018906,-0.007981213122689781,0.0,0.0
0.0,0.0,1.5228953833018906,-0.007981213122689781,0.0,0.0
0.0,0.0,1.1228516538865243,-0.003925358300982404,0.0,0.0
0.0,0.0,1.1228516538865243,-0.003925358300982404,0.0,0.0
0.0,0.0,0.9142270224641613,-0.004683672750195561,0.0,0.0
0.0,0.0,0.8515804060331315,-0.00591067535913004,0.0,0.0
0.0,0.0,0.9564879950596368,-0.003006270241478203,0.0,0.0
0.0,0.0,0.821687853342976,-0.00027234929171601285,0.0,0.0
0.0,0.0,0.9698910826061615,0.0,0.0,0.0
0.0,0.0,1.0327159250268534,-0.00022157656711824852,0.0,0.0
0.0,0.0,0.9417656241421065,-0.01604775163692047,0.0,0.0
0.0,0.0,0.7523220977667383,-0.031815352024664414,0.0,0.0
0.0,0.0,0.8663663056945958,-0.0351724867185302,0.0,0.0
0.0,0.0,0.7940931115715771,-0.025868199698155552,0.0,0.0
0.0,0.0,0.8456735234093287,-0.012075943597971853,0.0,0.0
0.0,0.0,0.6011994146820012,-0.001541781597310952,0.0,0.0
0.0,0.0,0.8175352618172551,0.0,0.0,0.0
0.0,0.0,0.9148972887433964,0.0,0.0,0.0
0.0,0.0,0.5525960964848718,-0.008149168988354886,0.0,0.0
0.0,0.0,0.4359659676900992,-0.015355219616824085,0.0,0.0
0.0,0.0,0.5644698174431457,-0.018109154064127473,0.0,0.0
0.0,0.0,0.4415873864387151,-0.0185105071931875,0.0,0.0
0.0,0.0,0.6459342269042677,-0.010091079252395507,0.0,0.0
0.0,0.0,0.8785267383715544,-0.005822882348017536,0.0,0.0
0.0,0.0,0.6652305376944658,-0.005773868149860096,0.0,0.0
0.0,0.0,0.9626599282045076,-0.00033546588543596594,0.0,0.0
0.0,0.0,1.0337689134701085,-0.001772786073884729,0.0,0.0
0.0,0.0,0.8389270909983246,-0.027460596135287303,0.0,0.0
0.0,0.0,0.6292828132024304,-0.04040636510254917,0.0,0.0
0.0,0.0,0.5398244269892357,-0.03623819953770239,0.0,0.0
0.0,0.0,0.523681918618153,-0.020286190113599868,0.0,0.0
0.0,0.0,0.36195464268068983,-0.00184600387381352,0.0,0.0
0.0,0.0,0.36886961570685806,0.0,0.0,0.0
0.0,0.0,0.24994678248496097,0.0,0.0,0.0
0.0,0.0,0.42878808449172895,0.0,0.0,0.0
0.0,0.0,0.26849536911127825,0.0,0.0,0.0
0.0,0.0,0.18694988598408943,-0.015393433538995352,0.0,0.0
0.0,0.0,0.11272127259495286,-0.026846965605956046,0.0,0.0
0.0,0.0,0.19003360385657295,-0.016725199209305625,0.0,0.0
0.0,0.0,0.0796584718365311,-0.012064020420502811,0.0,0.0
0.0,0.0,0.1711010305915887,-0.005092059161169426,0.0,0.0
0.0,0.0,0.05314558498692114,-0.014590066087023418,0.0,0.0
0.0,0.0,0.0,-0.012899410694677139,0.0,0.0
0.0,0.0,0.00278561388859358,-0.006481006127700903,0.0,0.0
0.0,0.0,0.0,-0.010059565046598192,0.0,0.0
0.0,0.0,0.0,-0.01673351052625774,0.0,0.0
0.0,0.0,0.0,-0.01673351052625774,0.0,0.0
0.0,0.0,0.0,-0.010100675049043658,0.0,0.0
0.0,0.0,0.0,-0.006572921750955854,0.0,0.0
0,0,0,0,0,0
0.0,0.0,0.0,-0.0013491076229878315,0.0,0.0
0,0,0,0,0,0
0.0,0.0,0.036757953347271034,-0.005839282407561323,0.0,0.0
0.0,0.0,0.0,-0.020369478205282926,0.0,0.0
0.0,0.0,0.0,-0.03267239146247834,0.0,0.0
0.0,0.0,0.0,-0.02167412142007706,0.0,0.0
0.0,0.0,0.0,-0.01467907074343124,0.0,0.0
0.0,0.0,0.0,-0.005235013150497313,0.0,0.0
0,0,0,0,0,0
0,0,0,0,0,0
0.0,0.0,0.0,-0.003723717372525197,0.0,0.0
0.0,0.0,0.0,-0.01681448558313341,0.0,0.0
0.0,0.0,0.0,-0.01447567959858021,0.0,0.0
0.0,0.0,0.0,-0.012733795408121331,0.0,0.0
0.0,0.0,0.0,-0.004354172736874987,0.0,0.0
0.0,0.0,0.0,-0.0013322607902222377,0.0,0.0
0,0,0,0,0,0
0.0,0.0,0.0,-0.0009617112503596873,0.0,0.0
0.0,0.0,0.0,-0.0073731123256260776,0.0,0.0
0.0,0.0,0.0,-0.021299749895358357,0.0,0.0
0.0,0.0,0.0,-0.02414308170657501,0.0,0.0
0.0,0.0,0.0,-0.01981809719127107,0.0,0.0
0.0,0.0,0.0,-0.017375034352715195,0.0,0.0
0.0,0.0,0.0,-0.0154714767854837,0.0,0.0
0.0,0.0,0.0,-0.008975207960451214,0.0,0.0
0.0,0.0,0.0,-0.009937678872820883,0.0,0.0
0.0,0.0,0.0,-0.00944292850678433,0.0,0.0
0.0,0.0,0.0,-0.004574438206316621,0.0,0.0
0.0,0.0,0.0,-0.0013411047296659827,0.0,0.0
0.0,0.0,0.0,-0.00418014197501315,0.0,0.0
0,0,0,0,0,0
0,0,0,0,0,0
0.0,0.0,0.0,-0.006688024858833343,0.0,0.0
0.0,0.0,0.0,-0.012460412640485275,0.0,0.0
0.0,0.0,0.0,-0.012979910606607432,0.0,0.0
0.0,0.0,0.0,-0.004515181655027536,0.0,0.0
0.0,0.0,0.0,-0.0020163599408001423,0.0,0.0
0.0,0.0,0.0,-0.002618650280269345,0.0,0.0
0.0,0.0,0.0,-0.0032888594226497133,0.0,0.0
0.0,0.0,0.0,-0.0036456850704461793,0.0,0.0
0.0,0.0,0.0,-0.008074719978409178,0.0,0.0
0.0,0.0,0.0,-0.02195567928064875,0.0027207296580908607,0.0
0.0,0.0,0.0,-0.024611999022401375,0.0011564980943006816,0.0
0.0,0.0,0.0,-0.019529118848737065,0.0,0.0
0.0,0.0,0.0,-0.0183398615030039,0.0,0.0
0.0,0.0,0.0,-0.010707436357528221,0.0,0.0
0.0,0.0,0.0,-0.002408710186041448,0.0,0.0
0,0,0,0,0,0
0,0,0,0,0,0
0,0,0,0,0,0
0.0,0.0,0.0,-0.0016726191255157779,0.0,0.0
0.0,0.0,0.0,-0.004331575279498991,0.0,0.0
0.0,0.0,0.0,-0.0048944074494802646,0.0,0.0
0.0,0.0,0.0,-0.001464875398589804,0.0,0.0
0.0,0.0,0.0,-0.0009479295501205945,0.0,0.0
0,0,0,0,0,0
0,0,0,0,0,0
0.0,0.0,0.0,-0.0037958478261973573,0.0,0.0
0.0,0.0,0.0,-0.008474141030799166,0.0,0.0
0.0,0.0,0.0,-0.019253598938021723,0.0,0.0
0.0,0.0,0.0,-0.025602777645694835,0.0017736251830264987,0.0
0.0,0.0,0.0,-0.028193062397520154,0.0001972503726306866,0.0
0.0,0.0,0.0,-0.027372985288746772,0.0007260912627058658,0.0
0.0,0.0,0.0,-0.01576428315066796,0.0,0.0
0.0,0.0,0.0,-0.004330332430998707,0.0,0.0
0,0,0,0,0,0
0.0,0.0,0.0,-0.0004406240514372382,0.0,0.0
0.0,0.0,0.0,-0.000788775759824492,0.0,0.0
0.0,0.0,0.0,-0.004677367032861672,0.0,0.0
0.0,0.0,0.0,-0.006115886786489581,0.0,0.0
0.0,0.0,0.0,-0.00183900805004166,0.0,0.0
0,0,0,0,0,0
0,0,0,0,0,0
0,0,0,0,0,0
0,0,0,0,0,0
0.0,0.0,0.0,-0.0008992704280649964,0.0,0.0
0.0,0.0,0.0,-0.006228265563370423,0.0,0.0
0.0,0.0,0.0,-0.02050910099143274,0.0,0.0
0.0,0.0,0.0,-0.024786698891433465,0.0,0.0
0.0,0.0,0.0,-0.025504991950817513,0.0,0.0
0.0,0.0,0.0,-0.013229151449588191,0.0,0.0
0.0,0.0,0.0,-0.010978998548166316,0.0,0.0
0.0,0.0,0.0,-0.00614970483449845,0.0,0.0
0.0,0.0,0.0,-0.0037840140495750177,0.0,0.0
0.0,0.0,0.0,-7.3992685835122e-05,0.0,0.0
0.0,0.0,0.0,-0.0015295203615361473,0.0,0.0
0.0,0.0,0.0,-0.004252369761489992,0.0,0.0
0.0,0.0,0.0,-0.00451011538828373,0.0,0.0
0,0,0,0,0,0
0,0,0,0,0,0
0,0,0,0,0,0
0,0,0,0,0,0
0,0,0,0,0,0
0,0,0,0,0,0
0,0,0,0,0,0
0.0,0.0,0.0,-0.0021494182211088866,0.0,0.0
0.0,0.0,0.0,-0.0013922555475953619,0.0,0.0
0.0,0.0,0.0,-0.006219256318300302,0.0,0.0
0.0,0.0,0.0,-0.004346709520087275,0.0,0.0
0.0,0.0,0.0,-0.0037309229445428387,0.0,0.0
0.0,0.0,0.0,-0.005768104261568803,0.0,0.0
0.0,0.0,0.0,-0.006846362496169213,0.0,0.0
0.0,0.0,0.0,-0.008020960910063837,0.0,0.0
0.0,0.0,0.0,-0.0070300573406643085,0.0,0.0
0,0,0,0,0,0
0,0,0,0,0,0
0,0,0,0,0,0
0,0,0,0,0,0
0,0,0,0,0,0
0,0,0,0,0,0
0.0,0.0,0.0,-0.0003853534962043379,0.0,0.0
0,0,0,0,0,0
0.0,0.0,0.0,-0.0002670191875443869,0.0,0.0
0,0,0,0,0,0
0,0,0,0,0,0
0,0,0,0,0,0
0,0,0,0,0,0
0,0,0,0,0,0
0,0,0,0,0,0
0,0,0,0,0,0
0,0,0,0,0,0
0.0,0.0,0.0,-0.0006288964486901404,0.0,0.0
0,0,0,0,0,0
0,0,0,0,0,0
0,0,0,0,0,0
0.0,0.0,0.0,-0.0006458391936374046,0.0,0.0
0,0,0,0,0,0
0,0,0,0,0,0
0,0,0,0,0,0
0,0,0,0,0,0
0,0,0,0,0,0
0,0,0,0,0,0
0,0,0,0,0,0
0,0,0,0,0,0
0,0,0,0,0,0
0,0,0,0,0,0
0,0,0,0,0,0
0,0,0,0,0,0
0,0,0,0,0,0
0,0,0,0,0,0
0,0,0,0,0,0
0,0,0,0,0,0
0,0,0,0,0,0
0,0,0,0,0,0
0,0,0,0,0,0
0,0,0,0,0,0
0,0,0,0,0,0
0,0,0,0,0,0
0,0,0,0,0,0
0,0,0,0,0,0
0,0,0,0,0,0
0,0,0,0,0,0
0,0,0,0,0,0
0,0,0,0,0,0
0,0,0,0,0,0
0,0,0,0,0,0
0.0,0.0,0.0,-0.0002837034689504885,0.0,0.0
0,0,0,0,0,0
0,0,0,0,0,0
0,0,0,0,0,0
0,0,0,0,0,0
0,0,0,0,0,0
0,0,0,0,0,0
0,0,0,0,0,0
0,0,0,0,0,0
0.0,0.0,0.0,-0.0015970182286947094,0.0,0.0
0.0,0.0,0.0,-0.0028356815957381386,0.0,0.0
0.0,0.0,0.0,-0.003872745618089534,0.0,0.0
0.0,0.0,0.0,-0.0026061963004945224,0.0,0.0
0,0,0,0,0,0
0,0,0,0,0,0
0,0,0,0,0,0
0,0,0,0,0,0
0,0,0,0,0,0
0,0,0,0,0,0
0,0,0,0,0,0
0,0,0,0,0,0
0,0,0,0,0,0
0,0,0,0,0,0
0,0,0,0,0,0
0,0,0,0,0,0
0,0,0,0,0,0
0.0,0.0,0.0,-0.0006637255491989634,0.0,0.0
0,0,0,0,0,0
0,0,0,0,0,0
0,0,0,0,0,0
0,0,0,0,0,0
0,0,0,0,0,0
0,0,0,0,0,0
0.0,0.0,0.0,-3.2304624570972294e-05,0.0,0.0
0,0,0,0,0,0
0,0,0,0,0,0
0,0,0,0,0,0
0,0,0,0,0,0
0,0,0,0,0,0
0,0,0,0,0,0
0.0,0.0,0.0,-0.0009330860997583953,0.0,0.0
0.0,0.0,0.0,-0.0023130481419163526,0.0,0.0
0,0,0,0,0,0
0.0,0.0,0.0,-0.0016561461436257717,0.0,0.0
0.0,0.0,0.0,-0.0016561461436257717,0.0,0.0
0.0,0.0,0.0,-0.003136385528062548,0.0,0.0
0.0,0.0,0.0,-0.0008511423220681569,0.0,0.0
0.0,0.0,0.0,-0.0007710663146646412,0.0,0.0
0.0,0.0,0.0,-0.0012233110231933328,0.0,0.0
0,0,0,0,0,0
0,0,0,0,0,0
0,0,0,0,0,0
0,0,0,0,0,0
0.0,0.0,0.0,-0.0017281090331521462,0.0,0.0
0,0,0,0,0,0
0,0,0,0,0,0
0,0,0,0,0,0
0,0,0,0,0,0
0,0,0,0,0,0
0.0,0.0,0.0,-0.0023944753448143508,0.0,0.0
0.0,0.0,0.0,-0.004282677588255774,0.0,0.0
0.0,0.0,0.0,-0.0021574953052905777,0.0,0.0
0.0,0.0,0.0,-0.00010886548383311461,0.0,0.0
0.0,0.0,0.0,-0.0016510189502385523,0.0,0.0
0.0,0.0,0.0,-0.002185408677740943,0.0,0.0
0.0,0.0,0.0,-0.00022823549179912315,0.0,0.0
0.0,0.0,0.0,-0.0031895539736729013,0.0,0.0
0,0,0,0,0,0
0,0,0,0,0,0
0,0,0,0,0,0
0,0,0,0,0,0
0,0,0,0,0,0
0,0,0,0,0,0
0,0,0,0,0,0
0,0,0,0,0,0
0,0,0,0,0,0
0,0,0,0,0,0
0.0,0.0,0.0,-0.0012743315098009656,0.0,0.0
0.0,0.0,0.0,-0.000623408361024652,0.0,0.0
0.0,0.0,0.0,-0.0027440373234806793,0.0,0.0
0.0,0.0,0.0,-0.004162755899210979,0.0,0.0
0.0,0.0,0.0,-0.008272391233002255,0.0,0.0
0.0,0.0,0.0,-0.008047738042276268,0.0,0.0
0.0,0.0,0.0,-0.009181273007615315,0.0,0.0
0.0,0.0,0.0,-0.008284713220009534,0.0,0.0
0.0,0.0,0.0,-0.007926410722742206,0.0,0.0
0.0,0.0,0.0,-0.004196587523755812,0.0,0.0
0.0,0.0,0.0,-0.0032436596009875135,0.0,0.0
0.0,0.0,0.0,-0.0019077044912462356,0.0,0.0
0.0,0.0,0.0,-0.00037084690435305927,0.0,0.0
0.0,0.0,0.0,-0.001841905995083887,0.0,0.0
0.0,0.0,0.0,-0.0006204050020738926,0.0,0.0
0.0,0.0,0.0,-0.001193203242580535,0.0,0.0
0,0,0,0,0,0
0.0,0.0,-0.004274080996392324,0.0,0.0,0.0
0.0,0.0,-0.01679228154781899,-0.0007466632775795845,0.0,0.0
0.0,0.0,0.0,-0.0003636524709325163,0.0,0.0
0.0,0.0,-0.023558338646136563,0.0,0.0,0.0
0.0,0.0,-0.039710883597139014,0.0,0.0,0.0
0.0,0.0,0.0,-0.0007595375958841801,0.0,0.0
0.0,0.0,-0.027373668868422053,-0.002888599861809448,0.0,0.0
0.0,0.0,0.0,-0.003998324671494301,0.0,0.0
0.0,0.0,0.0,-0.007095162495450646,0.0,0.0
0.0,0.0,0.0,-0.008834619148583602,0.0,0.0
0.0,0.0,0.0,-0.013637606500597445,0.0,0.0
0.0,0.0,0.0,-0.013060878219092558,0.0,0.0
0.0,0.0,0.0,-0.01350478720720403,0.0,0.0
0.0,0.0,0.0,-0.012718579640129155,0.0,0.0
0.0,0.0,0.0,-0.008952560673445475,0.0,0.0
0.0,0.0,-0.02397257925825007,-0.004735866607946432,0.0,0.0
0.0,0.0,0.0,-0.002917927357025543,0.0,0.0
0.0,0.0,-0.08699024955951112,-0.0018406230205498982,0.0,0.0
0.0,0.0,-0.14062813265760793,-0.0015856379785321438,0.0,0.0
0.0,0.0,-0.048007035408852344,-0.001295572405710251,0.0,0.0
0.0,0.0,-0.1891062945334368,0.0,0.0,0.0
0.0,0.0,-0.19282205445606554,0.0,0.0,0.0
0.0,0.0,-0.2501970035948987,0.0,0.0,0.0
0.0,0.0,-0.30352579683386766,0.0,0.0,0.0
0.0,0.0,-0.16052785886071474,0.0,0.0,0.0
0.0,0.0,-0.17683092377468854,-0.0007599979534432722,0.0,0.0
0.0,0.0,-0.12479274725377376,-0.006230358337562619,0.0,0.0
0.0,0.0,-0.1370125355087793,-0.005822879908376702,0.0,0.0
0.0,0.0,-0.1489239992516916,-0.004446924839097335,0.0,0.0
0.0,0.0,-0.10228780960068491,-0.0035806729967177166,0.0,0.0
0.0,0.0,0.0,-0.009511317665447525,0.0,0.0
0.0,0.0,-0.02251256519042323,-0.009754432856390622,0.0,0.0
0.0,0.0,-0.10032043749604332,-0.012214065605195697,0.0,0.0
0.0,0.0,-0.08849447221905246,-0.011371698830557653,0.0,0.0
0.0,0.0,-0.08417108228780293,-0.01588196310561744,0.0,0.0
0.0,0.0,-0.08243321540683138,-0.01169290580216675,0.0,0.0
0.0,0.0,-0.05504867842176645,-0.009160289124017442,0.0,0.0
0.0,0.0,-0.0774761972361765,-0.008357543099310593,0.0,0.0
0.0,0.0,-0.09563636507742798,-0.006455770545829404,0.0,0.0
0.0,0.0,-0.0941715453433509,-0.008235025238249098,0.0,0.0
0.0,0.0,-0.08055358885585069,-0.007473480929549035,0.0,0.0
0.0,0.0,-0.054720112360250414,-0.009616232053641784,0.0,0.0
0.0,0.0,-0.01703406142579049,-0.006518417018533419,0.0,0.0
0.0,0.0,-0.01814183469531403,-0.007164559995841774,0.0,0.0
0.0,0.0,0.0,-0.0046614341539658695,0.0,0.0
0.0,0.0,-0.06257371552686805,-0.007644687047880762,0.0,0.0
0.0,0.0,-0.11290016374587393,-0.006012331651843217,0.0,0.0
0.0,0.0,-0.10251952123389896,-0.006481442444013913,0.0,0.0
0.0,0.0,-0.11267213074681329,-0.0067443119351550925,0.0,0.0
0.0,0.0,-0.043942543589660626,-0.00336777388861004,0.0,0.0
0.0,0.0,-0.1300209842262156,-0.004802794531417133,0.0,0.0
0.0,0.0,-0.1417123698389277,-0.001955970565322917,0.0,0.0
0.0,0.0,-0.20932731167918067,-0.0029058450154594213,0.0,0.0
0.0,0.0,-0.15951433167509554,-0.002033061969945265,0.0,0.0
0.0,0.0,-0.13638362156152445,-0.004266177179178049,0.0,0.0
0.0,0.0,-0.185703034046032,-0.005953600689747875,0.0,0.0
0.0,0.0,-0.185703034046032,-0.005953600689747875,0.0,0.0
0.0,0.0,-0.18228498471173393,-0.00799357258899588,0.0,0.0
0.0,0.0,-0.18806553659695052,-0.010435407717850068,0.0,0.0
0.0,0.0,-0.16634610784355905,-0.007644422392439286,0.0,0.0
0.0,0.0,-0.16634610784355905,-0.007644422392439286,0.0,0.0
0.0,0.0,-0.10877899887906284,-0.007007196627968534,0.0,0.0
0.0,0.0,-0.10877899887906284,-0.007007196627968534,0.0,0.0
0.0,0.0,-0.08345915284168044,-0.007158872395938277,0.0,0.0
0.0,0.0,-0.06153269807496871,-0.003754163122852526,0.0,0.0
0.0,0.0,-0.06153269807496871,-0.003754163122852526,0.0,0.0
0.0,0.0,-0.007774263127912073,-0.0073829723260963095,0.0,0.0
0.0,0.0,-0.024913746411337583,-0.010734905148000098,0.0,0.0
0.0,0.0,-0.024913746411337583,-0.010734905148000098,0.0,0.0
0.0,0.0,-0.000955926266562705,-0.004801654321220724,0.0,0.0
0.0,0.0,-0.000955926266562705,-0.004801654321220724,0.0,0.0
0.0,0.0,-0.03869674526722061,-0.0038921936340477513,0.0,0.0
0.0,0.0,-0.026883320478146355,-0.006843383356178423,0.0,0.0
0.0,0.0,-0.03670348486012765,-0.0026326810249920154,0.0,0.0
0.0,0.0,-0.013328734290277236,-0.007551293310511159,0.0,0.0
0.0,0.0,0.0,-0.006451840834734654,0.0,0.0
0.0,0.0,-0.039503020400362736,-0.008849430460602836,0.0,0.0
0.0,0.0,0.0,-0.007954431989753067,0.0,0.0
0.0,0.0,0.0,-0.00516150776578512,0.0,0.0
0.0,0.0,-0.006434145167637924,-0.0027638883161312114,0.0,0.0
0.0,0.0,0.0,-0.0005457770406009082,0.0,0.0
0.0,0.0,-0.018997104604129712,-0.004235290155682496,0.0,0.0
0.0,0.0,0.0,-0.004015411923875341,0.0,0.0
0.0,0.0,-0.09161043378426165,-0.003525034955468534,0.0,0.0
0.0,0.0,-0.009691238160688488,-0.004038988416476279,0.0,0.0
0.0,0.0,-0.008538267841611994,-0.0029841038764742275,0.0,0.0
0.0,0.0,-0.021390927027855826,-0.0022383598370065857,0.0,0.0
0.0,0.0,-0.08113630389818495,-0.003803938901047644,0.0,0.0
0.0,0.0,0.0,-0.0015280917064610688,0.0,0.0
0.0,0.0,0.0,-0.005029783910394329,0.0,0.0
0.0,0.0,0.0,-0.003769568634496372,0.0,0.0
0.0,0.0,0.0,-0.002131265282633932,0.0,0.0
0.0,0.0,0.0,-0.004447913759001676,0.0,0.0
0.0,0.0,0.0,-0.0024039554684926433,0.0,0.0
0.0,0.0,-0.007619589784639243,-0.005200413692420854,0.0,0.0
0.0,0.0,-0.01859973871547762,-0.003980255803343596,0.0,0.0
0.0,0.0,0.0,-0.002425096678978036,0.0,0.0
0.0,0.0,-0.018623653872805103,-0.002411647632905172,0.0,0.0
0.0,0.0,-0.062377163672416844,-0.004437665980924352,0.0,0.0
0.0,0.0,-0.07704692216576017,-0.0012339072055843675,0.0,0.0
0.0,0.0,-0.14396781641792802,-0.004078420907068307,0.0,0.0
0.0,0.0,-0.14396781641792802,-0.004078420907068307,0.0,0.0
0.0,0.0,-0.1323826771246605,-8.056828023114404e-05,0.0,0.0
0.0,0.0,-0.09458925520840694,-0.000761390751223346,0.0,0.0
0.0,0.0,-0.1041759836481414,-0.0003510028337323554,0.0,0.0
0.0,0.0,-0.1068712357543596,-0.002002300424145745,0.0,0.0
0.0,0.0,-0.14770584093541556,0.0,0.0,0.0
0.0,0.0,-0.10583449332762611,0.0,0.0,0.0
0.0,0.0,-0.05193871647256383,-0.0014780348488434064,0.0,0.0
0.0,0.0,-0.1541986212800688,-0.0026645292157936725,0.0,0.0
0.0,0.0,-0.10368978302554654,0.0,0.0,0.0
0.0,0.0,-0.08899259504720572,-0.0006404044521845403,0.0,0.0
0.0,0.0,-0.03326799803885898,-2.0662004194863688e-05,0.0,0.0
0.0,0.0,-0.012749741560439828,-0.0007876068451929076,0.0,0.0
0.0,0.0,-0.020162887123231922,0.0,0.0,0.0
0.0,0.0,-0.016270680319611396,-0.00011564475450766761,0.0,0.0
0.0,0.0,-0.00929006689724794,-0.0037899768399432612,0.0,0.0
0.0,0.0,-0.04510903303797629,-0.003910039115450166,0.0,0.0
0.0,0.0,0.0,-0.00665143081995366,0.0,0.0
0.0,0.0,-0.05133918243146163,-0.002968894969460593,0.0,0.0
0.0,0.0,-0.002801258827438215,-0.0007996251534452744,0.0,0.0
0.0,0.0,-0.036353143580680286,0.0,0.0,0.0
0.0,0.0,-0.01644528383017648,0.0,0.0,0.0
0.0,0.0,-0.004515312259658597,0.0,0.0,0.0
0.0,0.0,-0.05866912483260438,-0.00019267751910163373,0.0,0.0
0.0,0.0,0.0,-0.0006458401454503612,0.0,0.0
0.0,0.0,-0.023293826642082873,-0.00017118821891633082,0.0,0.0
0.0,0.0,-0.047950639646058765,-0.00045308673182393447,0.0,0.0
0.0,0.0,-0.13073936691016938,0.0,0.0,0.0
0.0,0.0,-0.03284956318792362,0.0,0.0,0.0
0,0,0,0,0,0
0,0,0,0,0,0
0,0,0,0,0,0
0,0,0,0,0,0
0,0,0,0,0,0
0.0,0.0,0.0,-0.0010851819808165909,0.0,0.0
0,0,0,0,0,0
0,0,0,0,0,0
0,0,0,0,0,0
0,0,0,0,0,0
0,0,0,0,0,0
0,0,0,0,0,0
0,0,0,0,0,0
0.0,0.0,0.0,-0.0002615823055781911,0.0,0.0
0,0,0,0,0,0
0,0,0,0,0,0
0,0,0,0,0,0
0,0,0,0,0,0
0,0,0,0,0,0
0,0,0,0,0,0
0,0,0,0,0,0
0,0,0,0,0,0
0,0,0,0,0,0
0,0,0,0,0,0
0,0,0,0,0,0
0,0,0,0,0,0
0,0,0,0,0,0
0,0,0,0,0,0
0,0,0,0,0,0
0,0,0,0,0,0
0,0,0,0,0,0
0,0,0,0,0,0
0,0,0,0,0,0
0,0,0,0,0,0
0,0,0,0,0,0
0,0,0,0,0,0
0,0,0,0,0,0
0,0,0,0,0,0
0,0,0,0,0,0
0,0,0,0,0,0
0,0,0,0,0,0
0,0,0,0,0,0
0,0,0,0,0,0
0,0,0,0,0,0
0,0,0,0,0,0
0,0,0,0,0,0
0,0,0,0,0,0
0,0,0,0,0,0
0,0,0,0,0,0
0,0,0,0,0,0
0,0,0,0,0,0
0,0,0,0,0,0
0,0,0,0,0,0
0,0,0,0,0,0
0,0,0,0,0,0
0,0,0,0,0,0
0,0,0,0,0,0
0,0,0,0,0,0
0,0,0,0,0,0
0,0,0,0,0,0
0,0,0,0,0,0
0,0,0,0,0,0
0,0,0,0,0,0
0,0,0,0,0,0
0,0,0,0,0,0
0,0,0,0,0,0
0,0,0,0,0,0
0,0,0,0,0,0
0,0,0,0,0,0
0,0,0,0,0,0
0,0,0,0,0,0
0,0,0,0,0,0
0,0,0,0,0,0
0,0,0,0,0,0
0,0,0,0,0,0
0,0,0,0,0,0
0,0,0,0,0,0
0,0,0,0,0,0
0,0,0,0,0,0
0,0,0,0,0,0
0,0,0,0,0,0
0,0,0,0,0,0
0,0,0,0,0,0
0,0,0,0,0,0
0,0,0,0,0,0
0,0,0,0,0,0
0,0,0,0,0,0
0,0,0,0,0,0
0,0,0,0,0,0
0,0,0,0,0,0
0,0,0,0,0,0
0,0,0,0,0,0
0,0,0,0,0,0
0,0,0,0,0,0
0,0,0,0,0,0
0,0,0,0,0,0
0,0,0,0,0,0
0,0,0,0,0,0
0,0,0,0,0,0
0,0,0,0,0,0
0,0,0,0,0,0
0,0,0,0,0,0
0,0,0,0,0,0
0,0,0,0,0,0
0,0,0,0,0,0
0,0,0,0,0,0
0,0,0,0,0,0
0,0,0,0,0,0
0,0,0,0,0,0
0,0,0,0,0,0
0,0,0,0,0,0
0,0,0,0,0,0
0,0,0,0,0,0
0,0,0,0,0,0
0,0,0,0,0,0
0,0,0,0,0,0
0,0,0,0,0,0
0,0,0,0,0,0
0,0,0,0,0,0
0,0,0,0,0,0
0,0,0,0,0,0
0,0,0,0,0,0
0,0,0,0,0,0
0,0,0,0,0,0
0,0,0,0,0,0
0,0,0,0,0,0
0,0,0,0,0,0
0,0,0,0,0,0
0,0,0,0,0,0
0,0,0,0,0,0
0,0,0,0,0,0
0,0,0,0,0,0
0,0,0,0,0,0
0,0,0,0,0,0
0,0,0,0,0,0
0,0,0,0,0,0
0,0,0,0,0,0
0,0,0,0,0,0
0,0,0,0,0,0
0,0,0,0,0,0
0,0,0,0,0,0
0,0,0,0,0,0
0,0,0,0,0,0
0,0,0,0,0,0
0,0,0,0,0,0
0,0,0,0,0,0
0,0,0,0,0,0
0,0,0,0,0,0
0,0,0,0,0,0
0,0,0,0,0,0
0,0,0,0,0,0
0,0,0,0,0,0
0,0,0,0,0,0
0,0,0,0,0,0
0,0,0,0,0,0
0,0,0,0,0,0
0,0,0,0,0,0
0,0,0,0,0,0
0,0,0,0,0,0
0,0,0,0,0,0
0,0,0,0,0,0
0,0,0,0,0,0
0,0,0,0,0,0
0,0,0,0,0,0
0,0,0,0,0,0
0,0,0,0,0,0
0,0,0,0,0,0
0,0,0,0,0,0
0,0,0,0,0,0
0,0,0,0,0,0
0,0,0,0,0,0
0,0,0,0,0,0
0,0,0,0,0,0
0,0,0,0,0,0
0,0,0,0,0,0
0,0,0,0,0,0
0,0,0,0,0,0
0,0,0,0,0,0
0,0,0,0,0,0
0,0,0,0,0,0
0,0,0,0,0,0
0,0,0,0,0,0
0,0,0,0,0,0
0,0,0,0,0,0
0,0,0,0,0,0
0,0,0,0,0,0
0,0,0,0,0,0
0,0,0,0,0,0
0,0,0,0,0,0
0,0,0,0,0,0
0,0,0,0,0,0
0,0,0,0,0,0
0,0,0,0,0,0
0,0,0,0,0,0
0,0,0,0,0,0
0,0,0,0,0,0
0,0,0,0,0,0
0,0,0,0,0,0
0,0,0,0,0,0
0,0,0,0,0,0
0,0,0,0,0,0
0,0,0,0,0,0
0,0,0,0,0,0
0,0,0,0,0,0
0,0,0,0,0,0
0,0,0,0,0,0
0,0,0,0,0,0
0,0,0,0,0,0
0,0,0,0,0,0
0,0,0,0,0,0
0,0,0,0,0,0
0,0,0,0,0,0
0,0,0,0,0,0
0,0,0,0,0,0
0,0,0,0,0,0
0,0,0,0,0,0
0,0,0,0,0,0
0,0,0,0,0,0
0,0,0,0,0,0
0,0,0,0,0,0
0,0,0,0,0,0
0,0,0,0,0,0
0,0,0,0,0,0
0,0,0,0,0,0
0,0,0,0,0,0
0,0,0,0,0,0
0,0,0,0,0,0
0,0,0,0,0,0
0,0,0,0,0,0
0,0,0,0,0,0
0,0,0,0,0,0
0,0,0,0,0,0
0,0,0,0,0,0
0,0,0,0,0,0
0,0,0,0,0,0
0,0,0,0,0,0
0,0,0,0,0,0
0,0,0,0,0,0
0,0,0,0,0,0
0,0,0,0,0,0
0,0,0,0,0,0
0,0,0,0,0,0
0,0,0,0,0,0
0,0,0,0,0,0
0,0,0,0,0,0
0,0,0,0,0,0
0,0,0,0,0,0
0,0,0,0,0,0
0,0,0,0,0,0
0,0,0,0,0,0
0,0,0,0,0,0
0,0,0,0,0,0
0,0,0,0,0,0
0,0,0,0,0,0
0,0,0,0,0,0
0,0,0,0,0,0
0,0,0,0,0,0
0,0,0,0,0,0
0,0,0,0,0,0
0,0,0,0,0,0
0,0,0,0,0,0
0,0,0,0,0,0
0,0,0,0,0,0
0,0,0,0,0,0
0,0,0,0,0,0
0,0,0,0,0,0
0,0,0,0,0,0
0,0,0,0,0,0
0,0,0,0,0,0
0,0,0,0,0,0
0,0,0,0,0,0
0,0,0,0,0,0
0,0,0,0,0,0
0,0,0,0,0,0
0,0,0,0,0,0
0,0,0,0,0,0
0,0,0,0,0,0
0,0,0,0,0,0
0,0,0,0,0,0
0,0,0,0,0,0
0,0,0,0,0,0
0,0,0,0,0,0
0,0,0,0,0,0
0,0,0,0,0,0
0,0,0,0,0,0
0,0,0,0,0,0
0,0,0,0,0,0
0,0,0,0,0,0
0,0,0,0,0,0
0,0,0,0,0,0
0,0,0,0,0,0
0,0,0,0,0,0
0,0,0,0,0,0
0,0,0,0,0,0
0,0,0,0,0,0
0,0,0,0,0,0
0,0,0,0,0,0
0,0,0,0,0,0
0,0,0,0,0,0
0,0,0,0,0,0
0,0,0,0,0,0
0,0,0,0,0,0
0,0,0,0,0,0
0,0,0,0,0,0
0,0,0,0,0,0
0,0,0,0,0,0
0,0,0,0,0,0
0,0,0,0,0,0
0,0,0,0,0,0
0,0,0,0,0,0
0,0,0,0,0,0
0,0,0,0,0,0
0,0,0,0,0,0
0,0,0,0,0,0
0,0,0,0,0,0
0,0,0,0,0,0
0,0,0,0,0,0
0,0,0,0,0,0
0,0,0,0,0,0
0,0,0,0,0,0
0,0,0,0,0,0
0,0,0,0,0,0
0,0,0,0,0,0
0,0,0,0,0,0
0,0,0,0,0,0
0,0,0,0,0,0
0,0,0,0,0,0
0,0,0,0,0,0
0,0,0,0,0,0
0,0,0,0,0,0
0,0,0,0,0,0
0,0,0,0,0,0
0,0,0,0,0,0
0,0,0,0,0,0
0,0,0,0,0,0
0,0,0,0,0,0
0,0,0,0,0,0
0,0,0,0,0,0
0,0,0,0,0,0
0,0,0,0,0,0
0,0,0,0,0,0
0,0,0,0,0,0
0,0,0,0,0,0
0,0,0,0,0,0
0,0,0,0,0,0
0,0,0,0,0,0
0,0,0,0,0,0
0,0,0,0,0,0
0,0,0,0,0,0
0,0,0,0,0,0
0,0,0,0,0,0
0,0,0,0,0,0
0,0,0,0,0,0
0,0,0,0,0,0
0,0,0,0,0,0
0,0,0,0,0,0
0,0,0,0,0,0
0,0,0,0,0,0
0.0,0.0,0.0,0.0,0.0025932029521393432,0.0
0.0,0.0,0.0,0.0,0.008227079225111459,0.0
0,0,0,0,0,0
0,0,0,0,0,0
0,0,0,0,0,0
0,0,0,0,0,0
0,0,0,0,0,0
0,0,0,0,0,0
0,0,0,0,0,0
0,0,0,0,0,0
0,0,0,0,0,0
0,0,0,0,0,0
0,0,0,0,0,0
0,0,0,0,0,0
0,0,0,0,0,0
0,0,0,0,0,0
0,0,0,0,0,0
0,0,0,0,0,0
0,0,0,0,0,0
0,0,0,0,0,0
0,0,0,0,0,0
0,0,0,0,0,0
0,0,0,0,0,0
0,0,0,0,0,0
0,0,0,0,0,0
0,0,0,0,0,0
0,0,0,0,0,0
0,0,0,0,0,0
0,0,0,0,0,0
0,0,0,0,0,0
0,0,0,0,0,0
0.0,0.0,0.0,0.0,0.0022938064372522164,0.0
0.0,0.0,0.0,0.0,0.0030824732704971816,0.0
0,0,0,0,0,0
0,0,0,0,0,0
0,0,0,0,0,0
0,0,0,0,0,0
0,0,0,0,0,0
0,0,0,0,0,0
0,0,0,0,0,0
0,0,0,0,0,0
0,0,0,0,0,0
0,0,0,0,0,0
0,0,0,0,0,0
0,0,0,0,0,0
0,0,0,0,0,0
0,0,0,0,0,0
0,0,0,0,0,0
0,0,0,0,0,0
0,0,0,0,0,0
0,0,0,0,0,0
0,0,0,0,0,0
0,0,0,0,0,0
0,0,0,0,0,0
0,0,0,0,0,0
0,0,0,0,0,0
0,0,0,0,0,0
0,0,0,0,0,0
0,0,0,0,0,0
0,0,0,0,0,0
0,0,0,0,0,0
0,0,0,0,0,0
0,0,0,0,0,0
0,0,0,0,0,0
0,0,0,0,0,0
0,0,0,0,0,0
0,0,0,0,0,0
0,0,0,0,0,0
0,0,0,0,0,0
0,0,0,0,0,0
0,0,0,0,0,0
0,0,0,0,0,0
0,0,0,0,0,0
0,0,0,0,0,0
0,0,0,0,0,0
0,0,0,0,0,0
0,0,0,0,0,0
0,0,0,0,0,0
0,0,0,0,0,0
0,0,0,0,0,0
0,0,0,0,0,0
0,0,0,0,0,0
0,0,0,0,0,0
0,0,0,0,0,0
0,0,0,0,0,0
0,0,0,0,0,0
0,0,0,0,0,0
0,0,0,0,0,0
0,0,0,0,0,0
0,0,0,0,0,0
0,0,0,0,0,0
0,0,0,0,0,0
0,0,0,0,0,0
0,0,0,0,0,0
0,0,0,0,0,0
0,0,0,0,0,0
0,0,0,0,0,0
0,0,0,0,0,0
0,0,0,0,0,0
0,0,0,0,0,0
0,0,0,0,0,0
0,0,0,0,0,0
0,0,0,0,0,0
0,0,0,0,0,0
0,0,0,0,0,0
0,0,0,0,0,0
0,0,0,0,0,0
