0,0,0,0,0,0
0,0,0,0,0,0
0,0,0,0,0,0
0,0,0,0,0,0
0,0,0,0,0,0
0,0,0,0,0,0
0,0,0,0,0,0
0,0,0,0,0,0
0,0,0,0,0,0
0,0,0,0,0,0
0,0,0,0,0,0
0,0,0,0,0,0
0,0,0,0,0,0
0,0,0,0,0,0
0,0,0,0,0,0
0,0,0,0,0,0
0,0,0,0,0,0
0,0,0,0,0,0
0,0,0,0,0,0
0,0,0,0,0,0
0,0,0,0,0,0
0,0,0,0,0,0
0,0,0,0,0,0
0,0,0,0,0,0
0,0,0,0,0,0
0,0,0,0,0,0
0,0,0,0,0,0
0,0,0,0,0,0
0,0,0,0,0,0
0,0,0,0,0,0
0,0,0,0,0,0
0,0,0,0,0,0
0,0,0,0,0,0
0,0,0,0,0,0
0,0,0,0,0,0
0,0,0,0,0,0
0,0,0,0,0,0
0,0,0,0,0,0
0,0,0,0,0,0
0,0,0,0,0,0
0,0,0,0,0,0
0,0,0,0,0,0
0,0,0,0,0,0
0,0,0,0,0,0
0,0,0,0,0,0
0,0,0,0,0,0
0,0,0,0,0,0
0,0,0,0,0,0
0.0,0.0,0.0,0.0,0.0,0.0014492424912089894
0.0,0.0,0.0,0.0,0.0,0.0020232002269876996
0.0,0.0,0.0,0.0,0.0,0.002349725133958722
0.0,0.0,0.0,0.0,0.0,0.001945391137815872
0.0,0.0,0.0,0.0,0.0,0.0014901726406288136
0.0,0.0,0.0,0.0,0.0,0.0014901726406288136
0.0,0.0,0.157381855496655,0.0,0.0,0.0008817721542874307
0.0,0.0,0.20498576825111026,0.0,0.0,0.0004041236412414691
0.0,0.0,0.38393568528052074,0.0,0.0,0.0016497452640359238
0.0,0.0,0.4433997110988169,0.0,0.0,0.0030391841314390006
0.0,0.0,0.5339208345167158,0.0,0.0,0.0025059812410752466
0.0,0.0,0.538456552125981,0.0,0.0,0.0057703215402092976
0.0,0.0,0.553564667703095,0.0,0.0,0.0060490369148703226
0.0,0.0,0.48966986089298725,0.0,0.0,0.005817059013409941
0.0,0.0,0.7059436349361451,0.0,0.0,0.003789913593150685
0.0,0.0,0.7422159644451598,0.0,0.0,0.005509138544886336
0.0,0.0,0.8523631171757768,0.0,0.0,0.006768723853045408
0.0,0.0,0.8858914919793577,0.0,0.0,0.005047818997730711
0.0,0.0,0.8637219992315501,0.0,0.0,0.005626740580576823
0.0,0.0,0.9507752656327908,0.0,0.0,0.006722121686100059
0.0,0.0,1.0521280525858274,0.0,0.0,0.005994550913558007
0.0,0.0,1.0902778172915477,0.0,0.0,0.009954736249417213
0.0,0.0,1.1338293978672653,0.0,0.0,0.0091740236756565
0.0,0.0,1.1611121580433417,0.0,0.0,0.008631889584957595
0.0,0.0,1.3380377154195449,0.0,0.0,0.006245881761491793
0.0,0.0,1.2877664300366876,0.0,0.0,0.007688194194912229
0.0,0.0,1.3904432159030684,0.0,0.0,0.011811526952476052
0.0,0.0,1.428401274900772,0.0,0.0,0.007766394543006585
0.0,0.0,1.3890092178532023,0.0,0.0,0.009717979063926786
0.0,0.0,1.5529568943282552,0.0,0.0,0.007793544132352706
0.0,0.0,1.50364531074539,0.0,0.0,0.009270665329666519
0.0,0.0,1.5408683775860266,0.0,0.0,0.00771169440379751
0.0,0.0,1.5784671561374437,0.0,0.0,0.007586830441621101
0.0,0.0,1.7273524438763292,0.0,0.0,0.010356740086005501
0.0,0.0,1.8086885952549614,0.0,0.0,0.006373590926441452
0.0,0.0,1.820605308455867,0.0,0.0,0.0070485991985302174
0.0,0.0,1.7619306326724036,0.0,0.0,0.0054774389322289115
0.0,0.0,1.9159407327415163,0.0,0.0,0.0032977566019457344
0.0,0.0,1.8931265032599462,0.0,0.0,0.0031297714709670717
0.0,0.0,2.038465174068018,0.0,0.0,0.00040603046004121675
0.0,0.0,1.954822337237855,0.0,0.0,0.00152456691324753
0.0,0.0,2.0208437707007643,0.0,0.0,0.0
0.0,0.0,2.1131383521475438,0.0,0.0,0.0
0.0,0.0,2.313342316420376,0.0,0.0,0.0
0.0,0.0,2.412811029528693,0.0,0.0,0.0
0.0,0.0,2.424966148453196,0.0,0.0,0.0
0.0,0.0,2.4999727697340592,0.0,0.0,0.0011552656954491379
0.0,0.0,2.595268935807793,0.0,0.0,0.0
0.0,0.0,2.692063284942538,0.0,0.0,0.0008471509829020632
0.0,0.0,2.6954077363152917,0.0,0.0,0.0006436279455581262
0.0,0.0,2.9621039626679573,-0.00019086338707112395,0.0,0.0
0.0,0.0,2.977465485923507,0.0,0.0,0.0
0.0,0.0,3.0450610113465273,0.0,0.0,0.0009315368739633307
0.0,0.0,3.1757735828427696,0.0,0.0,0.0011228248000524858
0.0,0.0,3.24043096584766,-0.0004242951519276239,0.0,0.0
0.0,0.0,3.1583405308442094,-0.003357321246931665,0.0,0.0015546224224277602
0.0,0.0,3.359050386930865,-0.0001629118535529743,0.0,0.002124779778673002
0.0,0.0,3.413373378564303,-0.0019240673865126752,0.0,0.0032069303051245517
0.0,0.0,3.457027658124301,0.0,0.0,0.00180862364625081
0.0,0.0,3.4855439377692945,0.0,0.0,0.0014178912874033725
0.0,0.0,3.446580793376005,0.0,0.0,0.0035173691823912603
0.0,0.0,3.5303600943493416,0.0,0.0,0.002227203861276144
0.0,0.0,3.671034840118156,0.0,0.0,0.003003839889055865
0.0,0.0,3.7048794695540233,0.0,0.0,0.0025154694781637605
0.0,0.0,3.776164736920097,-0.0005436978564803031,0.0,0.00230634559700645
0.0,0.0,3.904048474975563,0.0,0.0,0.0018082897653224413
0.0,0.0,3.85180184870501,0.0,0.0,0.004367143031019173
0.0,0.0,3.9300812664435343,0.0,0.0,0.00515550663610157
0.0,0.0,4.009230771339577,0.0,0.0,0.004952150085408715
0.0,0.0,3.901520108253558,0.0,0.0,0.0039215563616147656
0.0,0.0,4.016792806288462,0.0,0.0,0.006051964551980159
0.0,0.0,4.113768567688763,-0.001441094725500637,0.0,0.004476698211252207
0.0,0.0,4.254746370769716,-0.000811420006693479,0.0,0.005763179916891674
0.0,0.0,4.272348119083014,-0.0029642451493867134,0.0,0.004626181791108266
0.0,0.0,4.1320206769242995,-0.0019868789376066235,0.0,0.006625969038116257
0.0,0.0,4.439540643664431,0.0,0.0,0.0064362652782383985
0.0,0.0,4.341605592559022,-0.0047496728821164,0.0,0.0063303052480394775
0.0,0.0,4.423505857992449,-0.006733924427479715,0.0,0.008363812504555642
0.0,0.0,4.56866378645635,-0.007141145200913211,0.0,0.006889797434089554
0.0,0.0,4.494444281093792,-0.004439806647107118,0.0,0.00857451466272597
0.0,0.0,4.560397294136265,-0.006161184549399956,0.0,0.009446139774162289
0.0,0.0,4.501754557187284,-0.006083973291317104,0.0,0.010626216492638096
0.0,0.0,4.651722405029107,-0.002168478342974236,0.0,0.009312543950917511
0.0,0.0,4.52794031678182,-0.003944413733734773,0.0,0.005645554076998909
0.0,0.0,4.570085157542205,-0.005587822915372148,0.0,0.00930934053815946
0.0,0.0,4.5917609722496,-0.007117520807092295,0.0,0.010324754988686876
0.0,0.0,4.5175921087459,-0.008970942344754363,0.0,0.010700513540906467
0.0,0.0,4.540742706066492,-0.005039534629168487,0.0,0.010703374453872878
0.0,0.0,4.627028474963157,-0.002681022111183291,0.0,0.006975835102334833
0.0,0.0,4.5303849980788495,-0.0013776292962960836,0.0,0.012065379414357447
0.0,0.0,4.40278187789103,0.0,0.0,0.009960951750852393
0.0,0.0,4.527103640037016,0.0,0.0,0.01315003924221809
0.0,0.0,4.660855930616327,0.0,0.0,0.009635632275755385
0.0,0.0,4.668264587914258,-0.0005992751361425453,0.0,0.014847297530317296
0.0,0.0,4.738878528271494,-0.002870160600330553,0.0,0.011530041129011523
0.0,0.0,4.822478022266182,-0.006334292918186199,0.0,0.012977738783229272
0.0,0.0,4.8656670190098925,-0.0074957353356309405,0.0,0.012649235670231124
0.0,0.0,4.953322513572001,-0.011891891966301357,0.0002839724256479039,0.010641694314391683
0.0,0.0,5.0677677872670825,-0.011845551988449093,0.00016619884144844973,0.011262847024860837
0.0,0.0,5.342970012944429,-0.008838399835604686,0.000595292624509557,0.011574876377350163
0.0,0.0,5.411419927034098,-0.00960019825365832,0.002415138402636718,0.01279503295570684
0.0,0.0,5.098813078356226,-0.01601652606684388,0.0,0.013241197942551164
0.0,0.0,5.353078305350609,-0.011676684336576596,0.0,0.01438891510155168
0.0,0.0,5.3999510931514125,-0.005826012649152295,0.0,0.015919190167852107
0.0,0.0,5.31526467020065,-0.003723298239326889,0.0,0.014434994290171912
0.0,0.0,5.200953622907494,-0.0037132314695724105,0.0,0.016484105636210493
0.0,0.0,5.251438264175755,-0.002336135994938616,0.0,0.014834505041455798
0.0,0.0,5.136821284294876,-0.0022269689945811277,0.0,0.016226071343803418
0.0,0.0,5.081659037547464,-0.003125307847516954,0.0,0.016692728432003354
0.0,0.0,5.344966203055479,-0.0009377033040732831,0.0,0.020351967029111455
0.0,0.0,5.262354235611618,0.0,0.0,0.015876160380814613
0.0,0.0,5.4928392491484725,0.0,0.0003092696436002786,0.017565475490181347
0.0,0.0,5.430643723442184,-0.003391609803378629,0.0023079211369221656,0.018187355482477248
0.0,0.0,5.609701616810897,-0.012493770438999692,0.005375327254342645,0.01708471846450234
0.0,0.0,5.526912936569632,-0.013761604290542174,0.005983880972830065,0.017312271762697822
0.0,0.0,5.594126376815005,-0.008930096030363132,0.0032717762725148836,0.015765080511130007
0.0,0.0,5.721434545393124,-0.0075103522465279765,0.0,0.017332307015687196
0.0,0.0,5.836781768705743,-0.0008509240391065224,0.0,0.01718607389546875
0.0,0.0,5.631017573087724,-0.0017791499804593511,0.0,0.019708540684825398
0.0,0.0,5.618743525773687,-0.0065571337841225374,0.0,0.014732797266956948
0.0,0.0,5.693074748169051,-0.005890631251601149,0.0028680912646423563,0.02247019655520249
0.0,0.0,5.623384906448533,-0.013498613352933248,0.005504024046024488,0.015223697927398503
0.0,0.0,5.455506072815284,-0.012823553319856953,0.006401831273333459,0.018045596289952844
0.0,0.0,5.236544180047947,-0.014649888169897058,0.005844895765242401,0.017661176156392462
0.0,0.0,5.219950608574766,-0.0119813707445895,0.005930737572615823,0.01643951290629935
0.0,0.0,5.328096607060468,-0.0058650987971034015,0.0036052839543500247,0.01651499292041082
0.0,0.0,5.247610885751235,-0.005336047707736205,0.0007096076104448227,0.015021879922532561
0.0,0.0,5.26052181795365,-0.00034024442408677505,0.0,0.015363519501068706
0.0,0.0,5.223849245276472,0.0,0.0,0.01623237687945664
0.0,0.0,5.238227369094075,0.0,0.0,0.013815958327665861
0.0,0.0,5.200819109351692,0.0,0.0,0.015022483202562015
0.0,0.0,5.007889552548087,-0.000986729960212559,0.0,0.013065011688385336
0.0,0.0,4.793190424512364,-0.004132749713128695,0.0,0.015158508111369035
0.0,0.0,4.977289654215659,-0.007150661956444647,0.0021692497626788895,0.012192784015837272
0.0,0.0,4.988592440725223,-0.00452804506474721,0.0014570749032289092,0.014527728276484747
0.0,0.0,4.884554007539721,-0.00572716190808346,0.0011419023326986666,0.012060591369943892
0.0,0.0,4.936568019663814,-0.006371867920969607,0.0,0.00988679173291594
0.0,0.0,5.06960654090412,-0.0032457226355150576,0.0,0.012373324437417402
0.0,0.0,5.071323892207511,0.0,0.0,0.00912051313797877
0.0,0.0,5.1961864311559625,0.0,0.0,0.010945846260812164
0.0,0.0,5.311046361611124,0.0,0.0,0.009749947803561313
0.0,0.0,5.373929398451692,0.0,0.0,0.01203469067517307
0.0,0.0,5.362429716157238,-0.0011055314083938622,0.0,0.010062509578974973
0.0,0.0,5.426816299725011,-0.016171815671759765,0.001359392010923029,0.009367862751418484
0.0,-0.0023772527856698324,5.496200816658074,-0.02153653421607352,0.006463621541625594,0.010889311783793262
0.0,-0.07207353239770904,5.523858488837702,-0.018867552524057234,0.006041966434340492,0.010771543610562546
0.0,0.0,5.820400694393419,-0.0144204034066521,0.002486076078850259,0.006503076388628003
0.0,0.0,5.658735680394077,-0.011264920460218795,0.0,0.008473859926407779
0.0,0.0,5.29371575110371,-0.001355664864890319,0.0,0.011789325083028523
0.0,0.0,5.411531428561815,0.0,0.0,0.00921741022668392
0.0,0.0,5.522117480194345,0.0,0.0,0.012578803378839829
0.0,0.0,5.478769145058496,-0.003525807140827744,0.0,0.010862693031288142
0.0,0.0,5.286425206400088,-0.012776737195704138,0.00014179116879725148,0.01059217151257349
0.0,-0.10535618690056403,5.502925694266732,-0.016629313177106732,0.008381378995346488,0.008615281015310457
0.0,0.0,5.382305787675415,-0.017091110402842075,0.006089098876394254,0.006253347669931163
0.0,0.0,5.26075573147187,-0.003937546345026921,0.0011715678244161541,0.009564789824479263
0.0,0.0,5.179176258520963,0.0,0.0,0.009257894115609953
0.0,0.0,5.304654811050469,0.0,0.0,0.009512057465804288
0.0,0.0,5.112812275817384,0.0,0.0,0.010180065571446222
0.0,0.0,4.987652480054335,-0.007325929542367845,0.0038992792371043937,0.00769529062777303
0.0,0.0,5.307410640188621,-0.00766587244113424,0.008948131285256001,0.010087969535157167
0.0,-0.005225048215680287,5.639919907080879,-0.00834509105329818,0.008803342632551883,0.006365440052801702
0.0,0.0,5.404594917378867,-0.013644261752298761,0.013173178878798505,0.008200588948814461
0.0,0.0,5.350702002489973,-0.009909581161331343,0.0036868089236647998,0.008148068924741222
0.0,0.0,5.44646282975803,0.0,0.0,0.008133612659698898
0.0,0.0,5.865984547814726,0.0,0.0,0.008859902084619106
0.0,0.0,5.748486497139549,0.0,0.0,0.005078486555903379
0.0,0.0,5.647006731695402,-0.004132818247742512,0.0,0.008015008961880161
0.0,-0.06677285943761287,5.981757333331969,-0.00631985063052177,0.005290274403284107,0.008311860514521102
0.0,-0.2386969672552175,5.836515235195902,-0.02707295573356943,0.02500515187194255,0.008024167356015096
0.0,-0.27621108903132047,5.517684459596474,-0.031342660113413294,0.017370409854161776,0.008221827298263942
0.0,0.0,5.546027236548426,-0.013685288168884488,0.006466215970465814,0.006902363722120537
0.0,0.0,5.979707441844333,-0.00012311302817382127,0.0,0.008452541105728992
0.0,0.0,6.041186722959562,0.0,0.0,0.010324244973011924
0.0,0.0,5.6093033348003,-0.0023309523645670617,0.0,0.010000832981156959
0.0,0.0,5.593599384293432,-0.00761915309630361,0.0,0.0036474426624023746
0.0,-0.23017565324824196,5.446499458338922,-0.01223083928256603,0.00912814801971417,0.008841983786141724
0.0,-0.04026435770301398,5.477004508612713,-0.023610578696896808,0.011027566944126519,0.009899098541938654
0.0,0.0,5.131630875955517,-0.018788932139758137,0.0052267395082495095,0.007815290096321145
0.0,0.0,5.131630875955517,-0.018788932139758137,0.0052267395082495095,0.007815290096321145
0.0,0.0,5.116420473912063,0.0,0.0,0.008379316433249418
0.0,0.0,5.334126409041835,0.0,0.0,0.009440598232505796
0.0,0.0,4.888925918250318,0.0,0.0017967329661770267,0.007982362401309897
0.0,0.0,4.81617830523439,0.0,0.005413507721936554,0.00875778176343828
0.0,0.0,5.149146424285336,0.0,0.0019101446618805043,0.00780147846000271
0.0,0.0,5.6009484230679405,0.0,0.0,0.008333144825974411
0.0,0.0,5.148178362194182,-0.0012887080216189113,0.0,0.007191137421916743
0.0,0.0,5.0188915196044865,0.0,0.0,0.003899791999839077
0.0,0.0,5.705058437482833,0.0,0.0,0.006857529939182398
0.0,0.0,5.897606040071902,-0.00746076342265616,0.010884707071423524,0.00538532424327732
0.0,-0.2743708577962673,5.354998278168674,-0.02553425178975404,0.023552668561205508,0.006456264774861659
0.0,-0.26115599305704773,5.215418896685707,-0.02205215964709962,0.0123834965780542,0.004152792781878612
0.0,0.0,5.740381831422812,-0.003923844603436965,0.0,0.006614099011393401
0.0,0.0,5.988673725283498,0.0,0.0,0.008272551770829653
0.0,0.0,5.698941307126762,-0.0044526079731523945,0.0,0.005607962542204343
0.0,0.0,5.558265720036408,-0.013784484399280844,0.00262584793481276,0.002529508299359739
0.0,-0.20198431446140863,5.641903364522374,-0.019287147127700095,0.0162725964817374,0.0030888090375353104
0.0,-0.15580492729863726,5.746968445920994,-0.019678069171708425,0.015935373554122396,0.0032405981899931518
0.0,0.0,5.609446996893039,-0.014004043575574823,0.005241608838625277,0.002764303474554714
0.0,0.0,5.788316714637056,-0.0012356721436176676,0.0,0.0025199309759318346
0.0,0.0,5.946900562862163,0.0,0.0,0.0028237605347366597
0.0,0.0,5.968770461067026,-0.0004749561038469467,0.0,0.003172504139326779
0.0,0.0,6.0428737526079646,-0.003974163681512484,0.004907516390006256,7.926669429482097e-05
0.0,-0.01666188178430545,5.972203907876243,-0.011784314755509222,0.019946005307980616,0.0008878783090568023
0.0,-0.11961156902584973,5.704351255997329,-0.010112679673710505,0.02016809381796584,0.003201272923433683
0.0,0.0,6.034810623417153,0.0,0.001968593022493661,0.0028109533677186443
0.0,0.0,6.138759567360208,0.0,0.0001261499975385779,0.0014366196905264586
0.0,0.0,6.140207679026507,-0.0032478695973508095,0.002440969404252332,0.00027208151964775394
0.0,0.0,5.849296118902725,-0.01318694469293739,0.013415713134559304,0.00015158533181488046
0.0,-0.06289421485517717,5.803355847956379,-0.016998389066620788,0.017211675837918584,0.0
0.0,-0.07305273911874702,5.543035929744786,-0.01675453658369917,0.01926240800495597,0.0014791485372649313
0.0,0.0,5.614259760396122,-0.00528541644168139,0.011584062074218119,0.0
0.0,0.0,5.702344633834397,-0.0023194109898205567,0.00819394544703548,0.0
0.0,0.0,5.388739461706449,-0.005780610232918333,0.01098554425124914,0.0
0.0,0.0,5.323129161586513,-0.003339920841020998,0.01397735535098846,0.0
0.0,0.0,5.222469569635347,-0.006279719211586374,0.010905638673961524,0.0
0.0,0.0,5.300972779486942,-0.00311113427612964,0.01372256374241208,0.0
0.0,0.0,5.3577991861976795,-0.0037522361087502024,0.006486525389613054,0.0
0.0,0.0,5.153645329934074,-0.0016708497645924313,0.006638384506966711,0.0
0.0,0.0,5.070739329034604,-0.003055558995109978,0.007118779132255423,0.0
0.0,0.0,5.05025220599404,-0.0011673626961593109,0.009057882901317042,0.0
0.0,0.0,5.043396481041777,-0.005660684654117736,0.011467877834499884,0.0
0.0,0.0,4.760388010278121,-0.00524533613719074,0.0073501262754728566,0.0
0.0,0.0,5.095869321111312,0.0,0.005003777187012112,0.0
0.0,0.0,5.044395747035773,0.0,0.003995180426112527,0.0
0.0,0.0,5.099495472287559,-0.004892060845434446,0.00508025202919536,0.0
0.0,-0.05705880984761239,5.232005087285827,-0.011058522152098434,0.016377073047249318,0.0
0.0,-0.09886327310119672,5.197849745248827,-0.021112936852148635,0.01743553101963778,0.0
0.0,0.0,5.320531962754275,-0.015485134143923749,0.015892919948045627,0.0
0.0,0.0,5.7915836546959385,-0.0032940014083009776,0.006685944364871561,0.0
0.0,0.0,5.760612958090337,-0.0046234373089552045,0.0030726342620495247,0.0
0.0,0.0,5.766661551142987,-0.0017670582176778078,0.0007206724256020621,0.0
0.0,0.0,5.873722607552597,-0.0009119066731553746,0.008049277897474946,0.0
0.0,0.0,5.750432687323364,-0.002815521350266597,0.0002661926231756517,0.0
0.0,0.0,5.753107524563839,0.0,0.0023241285196438305,0.0
0.0,0.0,6.187024502836929,-0.001902071486957974,0.009640303514019085,0.0
0.0,-0.35445050522536514,5.941840901517432,-0.02212860256903006,0.031945481984295095,0.0
-0.06294329898573185,-0.6078538133219175,5.556240743150937,-0.03655992476393201,0.03177852608234212,0.0
0.0,-0.20844139299257286,5.7107841352597575,-0.027049597563315562,0.021693146712996454,0.0
0.0,-0.05130771552864102,5.622562082894485,-0.009576673979040065,0.01363470476643704,0.0
0.0,0.0,5.407864670407086,0.0,0.0010595340175747366,0.0
0.0,0.0,5.53979604090176,0.0,0.0,0.0
0.0,0.0,5.373871192624412,-0.003504051184532335,0.004284972450381404,0.0
0.0,-0.13223704527000926,4.892975234724869,-0.014692009326096872,0.020558355115697584,0.0
0.0,-0.10802484884652311,4.939715927775051,-0.016299636854953087,0.0192607052625555,0.0
0.0,0.0,5.14208556161669,-0.01199200704816172,0.013833128278097545,0.0
0.0,0.0,5.294603014762815,-0.008559352040929101,0.014987384979997815,0.0
0.0,0.0,5.330720925549097,-0.0058243921940583756,0.007953810230141184,0.0
0.0,0.0,5.207141528704243,-0.007102375795373876,0.006243044301313496,0.0
0.0,0.0,5.294518579880642,0.0,0.0007997575330211404,0.0
0.0,0.0,5.5840504131131095,0.0,0.0,0.0
0.0,0.0,5.7842396655926365,-0.0029886352581574467,0.003521593900048914,0.0
0.0,-0.08270269458782373,5.287474445510318,-0.014681164463704469,0.016862109692062754,0.0
0.0,-0.344312083693016,5.542728781132249,-0.03201122835202034,0.02472140170268363,0.0
0.0,-0.3345425091667512,5.404890463708912,-0.03573562976163504,0.02765162269906633,0.0
0.0,0.0,5.59123189314672,-0.015455719522532852,0.013944266046806732,0.0
0.0,0.0,5.92606281000011,-0.006321297624150443,0.006744741917982362,0.0
0.0,-0.21768617334752763,5.392381965740109,-0.014166007439623957,0.020113854065721644,0.0
0.0,-0.012843191684967479,5.418580910128005,-0.023317097946526665,0.012470277855249467,0.0
0.0,0.0,5.420438346607683,-0.011371660204650058,0.010527167245307742,0.0
0.0,0.0,5.509503481804714,-0.0009848751784568657,0.0,0.0
0.0,0.0,5.762840082584968,0.0,0.002763435281345412,0.0
0.0,0.0,5.223790974787664,-0.0033564533547307527,0.0008944541898001076,0.0
0.0,0.0,4.976656219855385,-0.0066655900675422946,0.006576250214727115,0.0
0.0,0.0,5.285528471256795,0.0,0.0025266180704429024,0.0
0.0,0.0,5.120690722442382,-0.0010526119150817436,0.003371045381122183,0.0
0.0,0.0,4.886297703145013,-0.0022734346553251817,0.004176927366378784,0.0
0.0,0.0,5.1926330675996635,0.0,0.0013172225639507176,0.0
0.0,0.0,5.222730937740017,-0.004012177968397243,0.0047705499153099075,0.0
0.0,0.0,5.002361038566283,-0.00894547174060442,0.0009108219228736659,0.0
0.0,0.0,5.1253398494892,-0.004435522560557162,0.003068040468547669,0.0
0.0,0.0,5.209998873463893,-0.00020776471993892058,0.0,0.0
0.0,0.0,5.689775201638423,-0.001740730492334604,0.001816886694820381,0.0
0.0,0.0,5.181214239497492,-0.008813001227021064,0.008689816033748337,0.0
0.0,0.0,5.503350306055241,-0.009918525431904543,0.009560972831392019,0.0
0.0,0.0,5.82051010422287,-0.015371267642722845,0.019025458994001536,0.0
0.0,0.0,5.514478819113603,-0.024218538619503138,0.01956439704155601,0.0
0.0,0.0,5.592781044775908,-0.01632065002153206,0.016487357052885794,0.0
0.0,0.0,5.750445634690077,-0.00115342602379185,0.007451198524996569,0.0
0.0,0.0,5.697025049850947,0.0,0.0,0.0
0.0,0.0,5.892850050122342,0.0,0.0,0.0
0.0,0.0,5.653652823391695,0.0,0.0,0.0
0.0,0.0,5.290576525232667,-0.0033530594885192696,0.009300701489733018,0.0
0.0,0.0,5.519091889787261,-0.007869126842447375,0.010466746090604731,0.0
0.0,0.0,5.519091889787261,-0.007869126842447375,0.010466746090604731,0.0
0.0,0.0,5.468799256930623,-0.00808162835831465,0.015420776946444231,0.0
0.0,0.0,5.390534370155779,-0.0064232540800670005,0.0074627457838211,0.0
0.0,0.0,5.700546894187818,-0.002438918792475319,0.005059675325489264,0.0
0.0,0.0,5.542601268246447,-0.010839851481354317,0.012109439891793054,0.0
0.0,0.0,5.508940345333617,-0.009697144537592002,0.006168747752225103,0.0
0.0,0.0,5.7443697083784695,-0.004913065851662586,0.0008411135076348865,0.0
0.0,0.0,5.819445228884447,-0.013457325927128602,0.005891697017032547,0.0
0.0,-0.09677327643200875,5.63228516748478,-0.025252052299208638,0.019000275745698715,0.0
0.0,-0.49359527260854474,5.329536068924172,-0.023766020270931738,0.027129548140918457,0.0
0.0,0.0,5.319565840684034,-0.01642463925715465,0.013238450998064779,0.0
0.0,0.0,6.0514882712111255,-0.00206240560348536,0.015780833535075804,0.0
0.0,0.0,5.875124851711154,-0.007142099575138663,0.02184892780543828,0.0
0.0,-0.05856299955232802,5.334117074898443,-0.01851401715128427,0.02791093622858488,0.0
0.0,0.0,5.266914693724664,-0.016819199646316507,0.026087092755554975,0.0
0.0,0.0,5.59948209567933,0.0,0.011059218100450692,0.0
0.0,0.0,5.318923469721549,-0.002114490902662252,0.014597166405702336,0.0
0.0,0.0,5.047083535549856,-0.0009365101239758794,0.010380165261219713,0.0
0.0,0.0,5.445976796600946,0.0,0.0029692064301009495,0.0
0.0,0.0,5.445976796600946,0.0,0.0029692064301009495,0.0
0.0,0.0,5.436480175186307,0.0,0.01004723135423586,0.0
0.0,0.0,5.079533833353417,-0.008280903102659698,0.01722351668822084,0.0
0.0,0.0,5.283845827792886,-0.0078088502512826796,0.014944449812199723,0.0
0.0,0.0,5.820761576702711,-0.002912423731548894,0.01691065247152076,0.0
0.0,0.0,5.619626991369407,-0.013124428597136667,0.019684400100499704,0.0
0.0,0.0,5.151482947506353,-0.01780134132275607,0.015251948992104844,0.0
0.0,0.0,5.477177951144755,-0.007032004135824037,0.018476495026981416,0.0
0.0,0.0,5.545916111867649,-0.012500082501217993,0.01582830799378924,0.0
0.0,0.0,5.353756597690809,-0.02024160705332483,0.015415668877817474,0.0
0.0,0.0,5.1491677709679005,-0.01495797943587116,0.00803280525510571,0.0
0.0,0.0,5.089336657869134,-0.00900727478483504,0.015508378203168088,0.0
0.0,0.0,4.929543144400074,-0.00913142795461488,0.013409289960915569,0.0
0.0,0.0,4.651626216162873,-0.004822604128390558,0.005139846757702319,0.0
0.0,0.0,4.920103152457077,-0.000982349319698051,0.004746090157212687,0.0
0.0,0.0,4.520461082358064,-0.004861749916295378,0.006663120307143004,0.0
0.0,0.0,4.5730677158088735,-0.003552721869599798,0.005163005007075875,0.0
0.0,0.0,4.337313426122707,-0.0006678886724631771,0.005919632001315829,0.0
0.0,0.0,4.276697702283682,0.0,0.0,0.0
0.0,0.0,4.464614547124911,0.0,0.0014701437278108293,0.0
0.0,0.0,4.276464942658462,0.0,0.004070471312013152,0.0
0.0,0.0,4.113334374936715,-0.003941975159576731,0.01047697558829359,0.0
0.0,0.0,4.351282772004704,-0.0017743520139858128,0.011765524477661386,0.0
0.0,0.0,4.103467621626537,-0.0008979143811850465,0.006528475337407943,0.0
0.0,0.0,4.5672925955636225,0.0,0.009300528493789538,0.0
0.0,0.0,4.649055494399651,0.0,0.007324428520138313,0.0
0.0,0.0,4.453874452163775,-0.0026596556653864884,0.008782491540395123,0.0
0.0,0.0,5.098433678532659,-0.005716224969368822,0.014943245345871919,0.0
0.0,0.0,4.917404105742184,-0.01878328841200368,0.026625838086010267,0.0
0.0,0.0,4.625241175238627,-0.030616923522543426,0.027289342558619905,0.0
0.0,0.0,4.837591798532011,-0.014464094177783132,0.01963959052542731,0.0
0.0,0.0,5.15301466751458,-0.0033385963267904676,0.006617794210225851,0.0
0.0,0.0,5.6061637870179535,0.0,0.006648860652088489,0.0
0.0,0.0,4.9830652010612,-0.00518804852983434,0.012871257431687553,0.0
0.0,0.0,4.787169362568594,-0.010534926915188876,0.015209594124804802,0.0
0.0,0.0,4.960761536184448,-0.003990582685933749,0.016648889524148437,0.0
0.0,0.0,5.5921870451238735,0.0,0.010467017269021465,0.0
0.0,0.0,5.120679976224021,-0.005972377510150216,0.01623539954103866,0.0
0.0,0.0,4.56099331635288,-0.010628628417874104,0.015343349187491608,0.0
0.0,0.0,4.946809217155973,0.0,0.007985966625950837,0.0
0.0,0.0,5.508609640116864,0.0,0.0,0.0
0.0,0.0,5.4659348860592685,0.0,0.0009866625277600435,0.0
0.0,0.0,5.134403626354077,0.0,0.0043953148462458,0.0
0.0,0.0,5.389082271756594,0.0,0.011089858248781096,0.0
0.0,0.0,5.706879343713986,-0.0013999493727753424,0.02395769765594463,0.0
0.0,0.0,5.851840182078243,-0.016764341378507335,0.037231960986407034,0.0
0.0,-0.08664167740249343,5.327391257652726,-0.032802712733542586,0.05323194471481154,0.0
0.0,0.0,5.358986240306245,-0.024841234746760903,0.0399284555536895,0.0
0.0,0.0,5.444352760892745,-0.009189070442234746,0.03399769757846656,0.0
0.0,0.0,5.259546692968588,-0.005154701114625445,0.021902660535769038,0.0
0.0,0.0,4.893700735346954,0.0,0.008101430882704954,0.0
0.0,0.0,4.905259396772711,0.0,0.004090384979619694,0.0
0.0,0.0,4.7885023753631355,0.0,0.006313906309121516,0.0
0.0,0.0,4.722073527950267,0.0,0.003650841968562029,0.0
0.0,0.0,4.334084704318302,0.0,0.013465598608168414,0.0
0.0,0.0,4.202671279189533,0.0,0.018373533743036977,0.0
0.0,0.0,4.252384113139625,0.0,0.010825207771822736,0.0
0.0,0.0,4.074904655809901,0.0,0.001434540088523869,0.0
0.09474045072637528,0.0,4.052222256780074,0.0,0.0,0.0
0.03135299058739886,0.0,4.5011824732851915,0.0,0.0,0.0
0.0,0.0,4.380679031150864,0.0,0.0,0.0
0.0,0.0,4.517293513344218,0.0,0.003991185831354005,0.0
0.0,0.0,4.488022645842249,-0.008283734316092124,0.011997624197697461,0.0
0.0,0.0,4.680068875714409,-0.01683867589165162,0.020876188062946298,0.0
0.0,0.0,4.820872065731328,-0.02128459756063723,0.021379260899990152,0.0
0.0,0.0,4.82971027690874,-0.010279623281156516,0.01189902193532329,0.0
0.0,0.0,5.156285533579605,-0.0009719698346485485,0.0030251616719276214,0.0
0.0,0.0,5.120798791864857,0.0,0.0,0.0
0.0,0.0,5.345455860217336,0.0,0.0,0.0
0.0,0.0,5.379546040214519,0.0,0.0,0.0
0.0,0.0,5.363509005563952,0.0,0.0004559795149599669,0.0
0.0,0.0,5.535567859520858,-0.0037593999828449687,0.012444366406661562,0.0
0.0,0.0,5.656750477482849,-0.013411181428059324,0.026289926779194738,0.0
0.0,0.0,5.32383367922081,-0.020640277826921856,0.035339831306864175,0.0
0.0,0.0,5.03249786065139,-0.015424562289128089,0.023658015582761874,-0.00030513706126785074
0.0,0.0,5.542142738843551,0.0,0.006915598075169127,0.0
0.0,0.0,5.513119659336747,0.0,0.00913988417190508,0.0
0.0,0.0,4.801942641793254,-0.007781028947818511,0.007879103669558334,-0.001433539235802469
0.0,0.0,4.810213069520329,-0.0015836514244290914,0.00469357282921022,-0.0014911642046080535
0.0,0.0,5.327101889636737,0.0,0.005954118712000199,-0.003327787175725709
0.0,0.0,4.735433028641443,0.0,0.01379227213791808,-0.002946055366457559
0.0,0.0,4.477125561404278,-0.004296399282110093,0.019146385110182757,-0.004678879642060931
0.0,0.0,4.6461631517005015,0.0,0.011020123486922906,-0.005264238297660162
0.0,0.0,4.556475772812353,0.0,0.014144346339053196,-0.0013895427278646417
0.0,0.0,4.310181565701611,0.0,0.012389595256148418,0.0
0.0,0.0,4.002808250453968,0.0,0.0003725023827707206,-0.003711627553008139
0.0,0.0,4.432299580486086,0.0,0.0,-0.0026501105286021913
0.0,0.0,4.493528627582192,0.0,0.0019462456013311174,-0.0018576330673818662
0.0,0.0,4.2356163198443095,0.0,0.010458609390601437,-0.0038223177607602616
0.0,0.0,4.106303517590673,-0.0007236774773355552,0.012996381944060026,-0.0020806223352711644
0.0,0.0,4.127264515065403,-0.010985206433635337,0.02819444656627567,-0.0042961815215967385
0.0,0.0,4.333657610936901,-0.003720151684328226,0.018358062833596707,-0.001308199511858865
0.0,0.0,4.469391679454527,-0.0017572791832868994,0.010192554250760844,-0.0035213250959446967
0.0,0.0,4.0911903589569,0.0,0.0052030551172828786,-0.0005165182360903684
0.0,0.0,4.480815240463932,0.0,0.0,-0.0031004427500664787
0.0,0.0,4.573861947926056,0.0,0.002095477458520122,-0.001545693368928322
0.0,0.0,4.009300960547266,-0.0006653621934786048,0.00443267839191234,-0.0016268432848772843
0.0,0.0,4.335327778378111,-0.00041558029018588934,0.008781661159932647,-0.003475025450668544
0.0,0.0,4.118061835175201,-0.00647431654456603,0.029743245985728445,-0.0018826026585174551
0.0,0.0,4.18956454827778,-0.0039999641209326154,0.024861204176014135,-0.0005595916998417575
0.0,0.0,3.849535715120413,0.0,0.00347389717837839,-0.002459863760617717
0.0,0.0,4.137595956422383,0.0,0.002488823845288211,-0.0005120664651994416
0.0,0.0,4.196490298995718,0.0,0.0,0.0
0.0,0.0,4.07535564041023,-0.0012809405238121024,0.005727753114433457,-0.0014814074929612858
0.0,0.0,4.173883818306092,-0.009101938505551497,0.016583891811924774,-0.002232011914791059
0.0,0.0,4.21427577412265,-0.019107367867384338,0.02309536083244934,-0.003556971853229865
0.0,0.0,3.916320051903468,-0.02299404649694925,0.0380644207328907,-0.0008030951936036668
0.0,0.0,4.363943980624973,-0.005900171466176922,0.012341647306198505,-0.0008949507825691391
0.0,0.0,4.504355458968997,-0.0018071821345903,0.009335144000409874,-0.0003870697295383167
0.0,0.0,4.308816099922324,-0.0025775772259701716,0.003804987676443619,-0.00018731644987863983
0.0,0.0,4.312581650512277,-0.0006276473508914418,0.0027255816214365137,-0.002743684284850535
0.0,0.0,4.2440832815474945,-0.0013121228409556712,0.006722939050290984,-0.0016243342658876976
0.0,0.0,4.2507151983431335,0.0,0.008934362041669069,-0.0011779747823395964
0.0,0.0,4.213782560239368,-0.006288766611064584,0.02191231224888076,-0.002261265197935547
0.0,0.0,3.899076292912175,-0.003158162702740621,0.017457591776600143,-0.0024784662483310245
0.0,0.0,3.8985142555734655,0.0,0.010271917175558172,-0.0025407392331184635
0.0,0.0,4.38176938028496,0.0,0.0022979283025938444,0.0
0.0,0.0,4.24880279886665,0.0,0.0,0.0
0.0,0.0,4.12521630444494,0.0,0.0,-0.00021121782708515376
0.0,0.0,4.603931634442407,0.0,0.0014784886664395193,-0.003808667845866853
0.0,0.0,4.496849862478026,-0.024316082336495397,0.03081987861550247,-0.000993068874404032
0.0,-0.0566282567183788,4.04699228574319,-0.03613888440715879,0.038229992582955244,-0.0021970345605057335
0.0,0.0,4.207872386570818,-0.01927261016698209,0.027294618305649176,-0.0021091384386356603
0.0,0.0,4.195967689918808,-0.012650501851739531,0.02291169266788549,-0.0012281687749766544
0.0,0.0,4.195967689918808,-0.012650501851739531,0.02291169266788549,-0.0012281687749766544
0.0,0.0,3.7738199656524323,0.0,0.0,-0.0013163706995487092
0.0,0.0,3.8730790390315626,0.0,0.0,0.0
0.0,0.0,3.920222464311615,0.0,0.0,0.0
0.0,0.0,3.8201972598216054,0.0,0.001223780208257683,0.0
0.0,0.0,3.5553396121230185,-0.0006510136203174662,0.009951303285269074,-0.0018545601720775264
0.0,0.0,3.3371039464101955,0.0,0.014277540241888893,0.0
0.0,0.0,3.84248936565042,0.0,0.011760410064516962,0.0
0.0,0.0,3.635916480188044,0.0,0.010536731120691329,0.0
0.0,0.0,3.5825781549849998,0.0,0.0,0.0
0.0,0.0,3.9569458780853752,0.0,0.0,0.0
0.0,0.0,4.103683790150188,0.0,0.0,0.0
0.0,0.0,4.052495875393603,-0.0007647094090251173,0.0060977994443337956,0.0
0.0,0.0,3.7293743511413675,-0.011443618728798625,0.01585458196282739,0.0
0.0,0.0,3.8737096514218115,-0.006725758442762231,0.015255048332920152,0.0
0.0,0.0,4.175713906219995,-4.47722603583076e-05,0.017623211533775003,0.0
0.0,0.0,4.02778732098494,0.0,0.007251103117968091,0.0
0.0,0.0,3.934024232163824,0.0,0.004001805288736015,0.0
0.0,0.0,4.397371470002336,0.0,0.0009440662993093149,0.0
0.0,0.0,4.618652723276847,0.0,0.004675354359838166,0.0
0.0,0.0,4.275835423702692,-0.006362456293976883,0.016001768931346368,0.0
0.0,0.0,4.131394891495643,-0.012600616329723462,0.018066663827020605,0.0
0.0,0.0,4.43203677002341,-0.012542013378374305,0.039438170570062894,-0.0014469225845911743
0.0,0.0,4.190442346101161,-0.017323415981869834,0.03705328199836192,-0.0013169175233659356
0.0,0.0,4.042257447115913,-0.020257670515246944,0.027984930820432324,-0.004090793784134997
0.0,0.0,3.8774811055917153,-0.008915951308312402,0.019213071786242486,-0.004516155886470795
0.0,0.0,4.112146158521819,0.0,0.004610546970228921,-0.00183531401334334
0.0,0.0,4.014766517456733,0.0,0.0,-0.003928206009609861
0.0,0.0,3.6814895008635977,0.0,0.0,-0.0038284651938218393
0.0,0.0,3.556781697141377,0.0,0.0,-0.0038046537330559418
0.0,0.0,3.641311317808608,0.0,0.003093295038940125,-0.0026281979416060614
0.0,0.0,3.4692984801681717,0.0,0.013227697402474006,-0.004478773518007813
0.0,0.0,3.356042541346208,0.0,0.011600374755015297,-0.003915687329597883
0.0,0.0,3.7440747462246846,0.0,0.008584376578709602,-0.002577930234897307
0.0,0.0,3.9104137835098114,-0.0026338967128890257,0.018627919956234088,-0.005328345537439298
0.0,0.0,3.481009152747596,-0.005774964791423817,0.011756889149826357,-0.002729264902176019
0.0,0.0,3.834939872888529,0.0,0.0004194630671846531,-0.0032954234714037177
0.0,0.0,4.061255620919367,0.0,0.002932652651498279,-0.004423198475527024
0.0,0.0,3.8615929399452553,0.0,0.008876832632271073,0.0
0.0,0.0,3.64016502151242,-0.006741673964967868,0.01391294027820555,0.0
0.0,0.0,3.986483923736383,-0.0032317775104061036,0.009310480155449571,-0.0005331969610220275
0.0,0.0,3.966891215423524,-0.008077416007013904,0.023110467144446735,-0.0006613495898345196
0.0,0.0,3.7987290251720855,-0.012773500805753416,0.02084388763827735,0.0
0.0,0.0,3.5384442701073637,-0.005433671301852952,0.013241876876827863,0.0
0.0,0.0,3.507130347533638,0.0,0.0,0.0
0.0,0.0,4.238881866487578,0.0,0.0,0.0
0.0,0.0,3.757101444792641,0.0,0.0,0.0
0.0,0.0,3.354752697415111,0.0,0.00013907964440272412,0.0
0.0,0.0,3.9722909170343805,0.0,0.006427083846742301,0.0
0.0,0.0,4.202148864160867,0.0,0.018105431536968326,0.0
0.0,0.0,3.7770044427683183,-0.016410627702281758,0.034676109866636204,0.0
0.0,0.0,3.499845887430363,-0.024435658817083813,0.031600934634483845,0.0
0.0,0.0,4.239470661648471,0.0,0.008257037159864557,0.0
0.0,0.0,4.58337535909358,0.0,0.0037788091181170267,0.0
0.0,0.0,4.225709322214419,0.0,0.004832392954667718,0.0
0.0,0.0,3.694294527909564,-0.008371229436642327,0.011802059357747498,0.0
0.0,0.0,4.0044260647345835,-0.008549511413411206,0.019319046271201894,0.0
0.0,0.0,4.283181721828855,-0.006148271692393366,0.018629358769962988,0.0
0.0,0.0,3.94077901276176,-0.006498368955994029,0.021782924211090383,0.0
0.0,0.0,4.004056858446395,-0.006226029470653137,0.01145523436918289,0.0
0.0,0.0,4.304271777571677,0.0,0.006512288470359072,0.0
0.0,0.0,4.723406812035817,0.0,0.0021140019951333493,0.0
0.0,0.0,4.748182854454313,0.0,0.0022944398681633924,0.0
0.0,0.0,4.3603118384053285,-0.005439527226646403,0.013094941084361161,0.0
0.0,0.0,4.359702800769753,-0.011787219138417293,0.02657638558828196,0.0
0.0,0.0,4.746263446199068,-0.01393188539512107,0.0351770340206443,0.0
0.0,0.0,4.370660121202098,-0.011104876732568717,0.029574725800069958,0.0
0.0,0.0,4.047147722333207,-0.012957665141742675,0.030265137879705122,0.0
0.0,0.0,4.108462217033673,0.0,0.009876436339532304,0.0
0.0,0.0,3.9141590648825693,0.0,0.0,0.0
0.0,0.0,3.7330359253448093,0.0,0.0,0.0
0.0,0.0,3.86942225040053,0.0,0.0,0.0
0.0,0.0,3.6823596389404485,0.0,0.0,0.0
0.0,0.0,3.441595980439909,-0.0010184021736304174,0.01058088109125772,0.0
0.0,0.0,3.391217461726442,-0.0042066659523074465,0.012860983399792816,0.0
0.0,0.0,4.103469334597888,0.0,0.013399301799899978,0.0
0.0,0.0,3.810448979900085,0.0,0.009494355597598394,0.0
0.0,0.0,3.513414614328056,0.0,0.0,0.0
0.0,0.0,4.191331641525803,0.0,0.0,0.0
0.0,0.0,4.038351599150991,0.0,0.009356818734182626,0.0
0.0,0.0,3.383424359863315,-0.005792016726490547,0.015543283635548261,0.0
0.0,0.0,3.578711386692028,-0.0093548677906321,0.01712983519443894,0.0
0.0,0.0,4.0401746242223515,0.0,0.010086572142124217,0.0
0.0,0.0,4.086010803097414,0.0,0.009594402298149316,0.0
0.0,0.0,3.4232334915760263,-0.0011060695800050558,0.006267056497473303,0.0
0.0,0.0,3.69522369624096,0.0,0.0,0.0
0.0,0.0,4.448226523774078,0.0,0.0,0.0
0.0,0.0,4.1700908612476315,0.0,0.003971248727589639,0.0
0.0,0.0,3.880729002952843,-0.01618175614952633,0.019032222281282735,0.0
0.0,0.0,3.800131305277538,-0.022272824705076705,0.03041666015506827,0.0
0.0,0.0,4.228547923258409,-0.0028343986399688888,0.018957949126635724,0.0011914143873266519
0.0,0.0,4.522228442043238,0.0,0.009824882857008388,0.00154581913663262
0.0,0.0,4.054688672929628,0.0,0.006760231191871765,0.0028641170534256903
0.0,0.0,3.8224556584809166,0.0,0.006587046949967805,0.002545226904207908
0.0,0.0,4.4576739450849985,0.0,0.002896437185793064,0.0006026720673905734
0.0,0.0,4.6052790927741905,0.0,0.004811091498557945,0.005088965703593359
0.0,0.0,4.3377015576553735,0.0,0.016112443492833375,0.002057464447915569
0.0,0.0,4.0699732908439445,-0.007324488549983489,0.02615091566354451,0.0012865260652293107
0.0,0.0,4.3152122095206185,-0.009644296979137166,0.03656013866252635,0.004041255496549809
0.0,0.0,4.432512337602299,-0.004669267210184716,0.037452710976522266,0.006551433158613985
0.0,0.0,4.061227263825776,-0.0021645290519352596,0.02442973612898104,0.002672982085610322
0.0,0.0,3.7675203489662734,-0.004419280429307267,0.02522829487454791,0.004740792928943248
0.0,0.0,3.7509082063741195,0.0,0.011280439690867172,0.004375344428951779
0.0,0.0,4.00168819642374,0.0,0.0013285622188173789,0.0035874867620580746
0.0,0.0,3.792640637443223,0.0,0.001951200460821151,0.0077486507281083
0.0,0.0,3.283457091914856,0.0,0.010737268492854073,0.005441124850943205
0.0,0.0,3.040965695013011,-0.0023519787496078834,0.024216429148752654,0.008713522657627051
0.0,0.0,3.0576507501786527,0.0,0.028778498424692843,0.007765592382670295
0.0,0.0,3.2229190326014754,0.0,0.006369532090870456,0.009994543417397934
0.0,0.0,3.1548587364526073,0.0,0.005622502865851023,0.012465819420535689
0.0,0.0,3.1050214853123315,0.0,0.003601695753935584,0.010624667290766634
0.0,0.0,3.107331498652901,0.0,0.0,0.009061388236656736
0.0,0.0,3.5452950050982315,0.0,0.0031862944840755263,0.013939562630980212
0.0,0.0,3.1889670708191886,0.0,0.013638899436313554,0.013890733256002638
0.0,0.0,2.9147936231683014,-0.006251058362164996,0.020049039311479354,0.011132802477137202
0.0,0.0,3.0051696929190035,0.0,0.015668406155569935,0.009959165864903072
0.0,0.0,3.5197871821031868,0.0,0.009229621961450978,0.01609573688340971
0.0,0.0,3.352279351618671,0.0,0.01116887199440634,0.01092399792120153
0.0,0.0,2.8563012082045196,0.0,0.010637135162959752,0.01439650384981167
0.0,0.0,2.9619395788138103,0.0,0.0028250638572437418,0.010337742695921002
0.0,0.0,3.2001582344806985,0.0,0.0,0.015112992599851823
0.0,0.0,3.4356896370727483,0.0,0.0008101665826113086,0.012407748505404688
0.0,0.0,2.904225307547006,-0.0009857031832297498,0.017122117824886922,0.012425136240219441
0.0,0.0,2.9433641852319026,-0.0027581471387794552,0.012188093879361712,0.007996470214126665
0.0,0.0,3.6360671378659086,0.0,0.010981693433318595,0.013254678096823675
0.0,0.0,3.3184021609302015,0.0,0.021905983999627322,0.013466023336166505
0.0,0.0,2.9740416061949886,-0.007749358448003939,0.023510045061335354,0.008072983005386931
0.0,0.0,2.956596225551953,-0.0069749344959160135,0.020975791967179788,0.008266155978192701
0.0,0.0,2.889232633710339,0.0,0.002749173689546211,0.009974583435582848
0.0,0.0,3.4262330099112717,0.0,0.0,0.010493069607788733
0.0,0.0,2.9058982176343724,0.0,0.0,0.007751078198590109
0.0,0.0,2.494037722024339,0.0,0.004826956193886471,0.009669429509530206
0.0,0.0,2.919720005972387,0.0,0.011331867142076745,0.007994841859918958
0.0,0.0,3.009818426819535,0.0,0.009720500260103284,0.009221775954791785
0.0,0.0,2.746045357064808,0.0,0.012981935717863274,0.007358682353493615
0.0,0.0,2.742480615141183,-0.0027004929674512767,0.010733373397632058,0.006105276930975865
0.0,0.0,2.930273995319107,0.0,0.009000093782205511,0.005633609375671726
0.0,0.0,2.910261164365103,0.0,0.003907074576167057,0.0071730503708820476
0.0,0.0,2.692430142459824,0.0,0.0010867869459639684,0.004698691323440142
0.0,0.0,2.543805280359751,0.0,0.004757956097645837,0.004525116077551272
0.0,0.0,2.5869528785031664,0.0,0.0066105222286532775,0.004006208389325229
0.0,0.0,2.4121522863227964,0.0,0.010719361875096785,0.0032285722239471975
0.0,0.0,2.4537118745645823,0.0,0.007231433562740412,0.002653971061586507
0.0,0.0,2.611034069439974,0.0,0.00905808774664745,0.00017133821940552445
0.0,0.0,2.528357390501287,0.0,0.018799263171717612,4.2385181242542094e-05
0.0,0.0,2.574810096853599,0.0,0.008588854032995042,0.0
0.0,0.0,2.616913255375133,0.0,0.005460400882423365,0.0
0.0,0.0,2.7057115926342306,0.0,0.00398993440191763,0.0
0.0,0.0,2.7489166782486594,-0.00547986989198954,0.016019936371049433,0.0
0.0,0.0,2.753597209742972,-0.0052793706689937695,0.018575117412462046,0.0
0.0,0.0,2.76474463819301,0.0,0.014927495647547698,0.0
0.0,0.0,2.945358694982249,0.0,0.0,0.0
0.0,0.0,2.924324147678845,0.0,0.006672676843871082,0.0
0.0,0.0,2.6074061160428883,0.0,0.006012180634050205,0.0
0.0,0.0,2.5131421868624715,0.0,0.004434373477653613,0.0
0.0,0.0,2.7322764647616817,0.0,0.0006092473464457753,0.0
0.0,0.0,2.750516166410857,0.0,0.0068539393007460425,0.0
0.0,0.0,2.333912244108384,-0.004064841707931319,0.020900777723454132,0.0
0.0,0.0,2.396724103641486,-0.0004972097978611256,0.014961417891215509,0.0
0.0,0.0,2.4004979775183135,0.0,0.01705723616539,0.0
0.0,0.0,2.6087909001290774,0.0,0.005576557684625423,0.0
0.0,0.0,2.4084127529345025,0.0,0.007668723021008688,0.0
0.0,0.0,1.999791808756147,0.0,0.004143573093087322,0.0
0.0,0.0,2.4584935933545924,0.0,0.0,0.0
0.0,0.0,2.6780715297149458,0.0,0.0,0.0
0.0,0.0,2.1456348257002706,0.0,0.0029037202906930923,0.0
0.0,0.0,1.8472717864156938,-0.002494811601171541,0.024356904475995714,0.0
0.0,0.0,2.0217383790580996,-0.004821464408930191,0.0326675754512931,-0.0008186875085860917
0.0,0.0,1.9989474341731204,0.0,0.01631835601238025,0.0
0.0,0.0,2.4127206536279777,0.0,0.0012964441308434284,0.0
0.0,0.0,2.26978913323567,0.0,0.000933003768087195,-0.002345354166668779
0.0,0.0,2.1360301833126445,0.0,0.00659554618718067,-0.0005052576917426272
0.0,0.0,2.7169887323537263,0.0,0.0009420718526610475,-0.004579737554501827
0.0,0.0,2.6305725603789414,0.0,0.009588987448792599,-0.0028422197289277593
0.0,0.0,2.4095285387427112,-0.011156362698718097,0.013368907811466574,-0.003441351848779884
0.0,0.0,2.42170762953551,-0.01756261683774117,0.022567406786872062,-0.00710746306784539
0.0,0.0,2.40606536478686,-0.017687906158747747,0.027377269701553596,-0.0027437562613930274
0.0,0.0,2.490902994202797,-0.00453081321398484,0.018731914075454967,-0.0013504227986964404
0.0,0.0,2.36370134469731,0.0,0.002973710809958207,-0.0008042002000632275
0.0,0.0,2.1683624498666623,0.0,0.008137840216479677,0.0
0.0,0.0,2.0369267175329364,0.0,0.0013790423616349148,0.0
0.0,0.0,1.9808357907845657,0.0,0.00010424392366975915,0.0
0.0,0.0,1.947291807376309,0.0,0.0,0.0
0.0,0.0,2.230743704578024,0.0,0.0,0.0
0.0,0.0,2.1491829327283236,0.0,0.0092758356961152,0.0
0.0,0.0,1.9771144049683915,-0.013494196521612739,0.021396154226671803,0.0
0.0,0.0,1.8364505025274376,-0.011306818869876849,0.02474862609605009,0.0
0.0,0.0,1.9971727555258698,-0.003908648692647799,0.010246041773347765,0.0
0.0,0.0,2.0179540966982197,0.0,0.000968420622238774,0.0
0.0,0.0,2.0843030373295544,0.0,0.0,0.0
0.0,0.0,1.9247331080650496,0.0,0.0,0.0
0.0,0.0,1.866920311945869,0.0,0.0,0.0
0.0,0.0,1.9449298160491935,0.0,0.0006788973906253087,0.0
0.0,0.0,1.881814689581897,0.0,0.0011525888294416542,0.0
0.0,0.0,1.889483086372325,0.0,0.005241322758180433,0.0
0.0,0.0,1.9883417422953815,0.0,0.01749103198948098,0.0
0.0,0.0,1.6433445203892147,-0.00638036452738977,0.017848793303529738,0.0
0.0,0.0,1.7437204325362727,0.0,0.005435052295313282,0.0
0.0,0.0,1.7144771826659226,0.0,0.0,0.0
0.0,0.0,1.5565048295753714,0.0,0.002425993019198787,0.0
0.0,0.0,1.2905188168255768,-0.002985232576761055,0.0011015834979647874,0.0
0.0,0.0,1.2958380962031104,0.0,0.0012577623406412252,0.0
0.0,0.0,1.1871864697008825,0.0,0.0,0.0
0.0,0.0,0.9575018052479061,-0.0026636686957570276,0.004741176636816587,0.0
0.0,0.0,0.9808161430763185,-0.002036692458167882,0.008027904197647276,0.0
0.0,0.0,0.8874435968972326,0.0,0.0019813786588270626,0.0
0.0,0.0,0.8952561591436405,0.0,0.0,0.0
0.1522184750405589,0.0,0.9608810506933183,0.0,0.0,0.0
0.0,0.0,1.0412380727560606,0.0,0.0,0.0
0.0,0.0,0.9294793948272728,0.0,0.0,0.0
0.0,0.0,0.8418289639857521,-0.0022377040583401123,0.002042718175258188,0.0
0.0,0.0,0.760021007940953,-0.0064627852241057274,0.007352411781552227,0.0
0.0,0.0,0.8748011906208768,-0.0015738321303063762,0.0,0.0
0.0,0.0,1.0291740502708384,-0.0014597898150622676,0.0006047670738838405,0.0
0.0,0.0,0.9200176298926973,-0.0018675078148576378,0.0055643767375631314,0.0
0.0,0.0,0.6379498845941347,-0.0016201328593458172,0.0007561391370476058,0.0
0.0,0.0,0.8530712673665638,0.0,0.0,0.0
0.048383270424848676,0.0,0.832893113168342,0.0,0.0,0.0
0.0,0.0,0.8989686614367933,0.0,0.0,0.0
0.0,0.0,0.9292681900208773,0.0,0.0,0.0
0.0,0.0,0.8145452659744814,-0.001870845570511328,0.003773291631622805,0.0
0.0,0.0,0.8320123970886038,-0.00818653087479649,2.0833546564651135e-05,0.0
0.0,0.0,0.812341497765052,-0.0034687719862685337,0.0015928156095416687,0.0
0.0,0.0,0.8748911576490526,-0.009181566699499929,0.0016297762956881668,0.0
0.0,0.0,0.7785923765185563,-0.008891169770877125,0.0037603641229467426,0.0
0.0,0.0,0.7816924815026334,-0.013025030908630547,0.003280333719961146,0.0
0.0,0.0,0.6146138777804044,-0.011533632278503767,0.0004050164639789968,0.0
0.0,0.0,0.6371033712445631,0.0,0.0,0.0
0.0,0.0,0.7350614248063201,0.0,0.0,0.0
0.0,0.0,0.46970911479926397,0.0,0.0,0.0
0.0,0.0,0.2905783247197432,0.0,0.0,0.0
0.0,0.0,0.24956878436869073,-0.004040486139599287,0.0005012716060327097,0.0
0.0,0.0,0.18772254085609924,0.0,0.0011937794612851627,0.0
0.0,0.0,0.26970410108148113,0.0,0.0,0.0
0.0,0.0,0.209341264060448,0.0,0.0,0.0
0.0,0.0,0.2524994201898212,0.0,0.0,0.0
0.0,0.0,0.40892004346926863,0.0,0.0,0.0
0.0,0.0,0.2820340386096849,-0.0006947706639066616,0.0034953420399235283,0.0
0.0,0.0,0.2998092705308112,-0.007903200788805879,0.004185243974070574,0.0
0.0,0.0,0.3041721481026216,-0.010099563443926016,0.00562185411391658,0.0
0.0,0.0,0.3707013357230703,-0.004187171548633328,0.0008802802511888163,0.0
0.0,0.0,0.5009160598565752,0.0,0.0,0.0
0.0,0.0,0.37879622650823996,-0.003222370443463564,0.0004975308314013144,0.0
0.0,0.0,0.40948631747520087,0.0,0.0,0.0
0.0,0.0,0.553627187728226,0.0,0.0,0.0
0.0,0.0,0.553627187728226,0.0,0.0,0.0
0.0,0.0,0.4305107722805879,-0.005595574990216656,0.008215682057485022,0.0
0.0,0.0,0.5723950256032561,-0.009050088814651112,0.009412239213820213,0.0
0.0,0.0,0.42713474169130394,-0.0067544360509998085,0.0056575986980349395,0.0
0.0,0.0,0.5229168095618502,-0.0011160256034971811,0.0,0.0
0.0,0.0,0.7068400427093724,0.0,0.0,0.0
0.0,0.0,0.5862556997530499,-0.0008458848468231161,0.0,0.0
0.0,0.0,0.5766987546991318,-0.004761217906639,0.001543396645784045,0.0
0.0,0.0,0.5051856081188169,-0.01181473198846101,0.005664827428297712,0.0
0.0,-0.22664414063114324,0.42161839342483665,-0.013794586864758823,0.013065169495375797,0.0
0.0,-0.049782159789215505,0.2062470256202909,-0.013391020421845659,0.002365614629368515,0.0
0.0,0.0,0.2571647297233339,-0.0036382558214237332,0.0,0.0
0.0,0.0,0.29302528841777864,0.0,0.0,0.0
0.0,0.0,0.2428844673796975,0.0,0.0,0.0
0.0,0.0,0.07252254779887465,0.0,0.0,0.0
0.0,0.0,0.09786557578033053,0.0,0.0,0.0
0.0,0.0,0.2090828984920179,0.0,0.0,0.0
0.0,0.0,0.22320818334382703,0.0,0.0,0.0
0.0,0.0,0.21251359565690983,0.0,0.0,0.0
0.0,0.0,0.31105027268908053,-0.0008683840874975245,0.0,0.0
0.0,0.0,0.29702044867374566,-0.011792159240633506,0.003233307317642016,0.0
0.0,-0.16740539443312297,0.29693123928889265,-0.02069737709087726,0.006258779966405173,0.0
0.0,-0.2558154899962677,0.3316090852349071,-0.015847083852649598,0.003850983241660466,0.0
0.0,-0.07983187784994542,0.3415495200144235,-0.007211598332817181,0.001225902241186785,0.0
0.0,0.0,0.30117191312476155,-0.005883711929424817,0.0,0.0
0.0,0.0,0.2338093087832389,-0.003141944226416958,0.0,0.0
0.0,0.0,0.2640437983992779,-0.003146713528901557,0.002605164949398909,0.0
0.0,0.0,0.3598437132810629,0.0,0.0029219393249076816,0.0
0.0,0.0,0.322943513216633,-0.00037482043827698685,0.0037405242661303585,0.0
0.0,0.0,0.18088358430030865,0.0,0.0,0.0
0.0,0.0,0.41588487435398525,0.0,0.0,0.0
0.0,0.0,0.42662770527746263,0.0,0.0,0.0
0.0,0.0,0.5333715258649361,0.0,0.0,0.0
0.0,0.0,0.4757555715732299,-0.0038497914121172795,0.0,0.0
0.0,0.0,0.4709730189957827,-0.00928918770982737,0.0005080126554371526,0.0
0.0,0.0,0.6511314451576085,-0.006041637072552263,0.0023021103095942066,0.0
0.0,0.0,0.4811674032718186,-0.009859310695155762,0.002226442528736322,0.0
0.0,0.0,0.43943943416706677,-0.001919289513172467,0.0,0.0
0.0,0.0,0.43943943416706677,-0.001919289513172467,0.0,0.0
0.0,0.0,0.3109820059415504,-0.010206256244608476,0.005220018194604868,0.0
0.0,0.0,0.3784449751531035,-0.006432266002108314,0.004156766401960978,0.0
0.0,0.0,0.20530144174627446,-0.006338754681855121,0.0028024970781935867,0.0
0.0,0.0,0.2474370787264784,-0.0014338115290284388,0.0,0.0
0.0,0.0,0.15256421555876953,0.0,0.0,0.0
0.0,0.0,0.12140892683224817,0.0,0.0,0.0
0.0,0.0,0.11768124267303395,0.0,0.0,0.0
0.0,0.0,0.058456536392963956,-0.0031903395663101506,5.594023383654554e-07,0.0
0.0,0.0,0.048368378251279105,-0.0027412789192678803,0.002862226355417841,0.0
0.0,0.0,0.07286962628637472,-0.002787634475098289,0.0012446774228795693,0.0
0.0,0.0,0.07286962628637472,-0.002787634475098289,0.0012446774228795693,0.0
0.0,0.0,0.07776777174041488,0.0,0.0,0.0
0.0,0.0,0.0,-0.0016708501364926908,0.0,0.0
0.0,0.0,0.11602063554129101,-0.013342859892077872,0.0013971519943853095,0.0
0.0,0.0,0.0995942356999859,-0.016619661525863208,0.005547273579825769,0.0
0.0,0.0,0.028982760054064315,-0.01404973990646303,0.003581035191896416,0.0
0.0,0.0,0.0894144762506992,-0.00878585761748317,0.0,0.0
0.0,0.0,0.02271672049757704,-0.0054164673673229745,0.0,0.0
0.0,0.0,0.0,-0.0015362014027321736,0.0,0.0
0,0,0,0,0,0
0,0,0,0,0,0
0,0,0,0,0,0
0.0,0.0,0.0,-0.004610197623549362,0.0,0.0
0.0,0.0,0.0,-0.004173026248114807,0.0,0.0
0.0,0.0,0.0,-0.0038572599275462595,0.0,0.0
0.0,0.0,0.0,-0.0032091702382142755,0.0,0.0
0,0,0,0,0,0
0,0,0,0,0,0
0,0,0,0,0,0
0.0,0.0,0.0,-0.002575518414919104,0.0,0.0
0.0,0.0,0.0,-0.011123761688443734,0.0,0.0
0.0,0.0,0.0,-0.01683207083328576,0.0024818624176477454,0.0
0.0,0.0,0.0,-0.011550015691013504,0.0061911506004752054,0.0
0.0,0.0,0.0,-0.009103236351413265,0.0,0.0
0.0,0.0,0.0,-0.006231019974922229,0.0,0.0
0,0,0,0,0,0
0,0,0,0,0,0
0.0,0.0,0.0,-0.001358302375804267,0.0,0.0
0.0,0.0,0.0,-0.004418192936929109,1.748497590044012e-05,0.0
0.0,0.0,0.0,-0.005772598172677057,0.003073458410853305,0.0
0.0,0.0,0.0,-0.0004328416578865438,0.0,0.0
0,0,0,0,0,0
0,0,0,0,0,0
0,0,0,0,0,0
0,0,0,0,0,0
0.0,0.0,0.0,-0.000648441616191701,0.0,0.0
0.0,0.0,0.0,-0.004301570061337549,0.0,0.0
0.0,-0.060501181359170306,0.0,-0.0054037075430415455,0.003764501974599839,0.0
0.0,0.0,0.0,-0.011705658993420544,0.006330520995318635,0.0
0.0,0.0,0.0,-0.0017347222680938325,0.0020199770381513055,0.0
0,0,0,0,0,0
0,0,0,0,0,0
0,0,0,0,0,0
0,0,0,0,0,0
0.0,0.0,0.0,-0.011476153487404123,0.004332763521782261,0.0
0.0,-0.04831068637457855,0.0,-0.016779244250962968,0.006529419083517535,0.0
0.0,-0.07675999634011163,0.0,-0.012514366793885841,0.008799004306821583,0.0
0.0,0.0,0.0,-0.002438003806846608,0.0012670593516957928,0.0
0.0,0.0,0.0,-0.0006703342906739008,0.0,0.0
0,0,0,0,0,0
0,0,0,0,0,0
0,0,0,0,0,0
0,0,0,0,0,0
0,0,0,0,0,0
0,0,0,0,0,0
0.0,0.0,0.0,-0.0008762154455125539,0.0,0.0
0,0,0,0,0,0
0,0,0,0,0,0
0,0,0,0,0,0
0,0,0,0,0,0
0,0,0,0,0,0
0.0,0.0,0.0,-0.0007901317186882074,0.0,0.0
0.0,0.0,0.0,-0.007347480877528722,0.0,0.0
0.0,-0.17363171225374516,0.0,-0.01068190836102693,0.0,0.0
0.0,-0.17196858243386623,0.0,-0.019894072212206404,0.0019861181154917735,0.0
0.0,-0.08320816887324756,0.0,-0.01590803188695196,0.0010836885634501134,0.0
0.0,0.0,0.0,-0.008865980281624448,0.0,0.0
0,0,0,0,0,0
0,0,0,0,0,0
0,0,0,0,0,0
0,0,0,0,0,0
0,0,0,0,0,0
0,0,0,0,0,0
0,0,0,0,0,0
0,0,0,0,0,0
0.0,0.0,0.0,-0.0017067195966675257,0.0,0.0
0,0,0,0,0,0
0,0,0,0,0,0
0,0,0,0,0,0
0,0,0,0,0,0
0,0,0,0,0,0
0,0,0,0,0,0
0.0,-0.06553236460045235,0.0,-0.0008121318460318852,0.0,0.0
0.0,-0.06553236460045235,0.0,-0.0008121318460318852,0.0,0.0
0.0,0.0,0.0,-0.006775468709632052,0.0,0.0
0.0,0.0,0.0,-0.0030915558454331694,0.0,0.0
0,0,0,0,0,0
0,0,0,0,0,0
0,0,0,0,0,0
0,0,0,0,0,0
0,0,0,0,0,0
0,0,0,0,0,0
0.0,0.0,0.0,-0.0005485397955614998,0.0,0.0
0,0,0,0,0,0
0,0,0,0,0,0
0,0,0,0,0,0
0,0,0,0,0,0
0,0,0,0,0,0
0,0,0,0,0,0
0,0,0,0,0,0
0,0,0,0,0,0
0,0,0,0,0,0
0,0,0,0,0,0
0,0,0,0,0,0
0,0,0,0,0,0
0,0,0,0,0,0
0,0,0,0,0,0
0.0,0.0,0.0,-0.0010829949657639424,0.0,0.0
0.0,0.0,0.0,-0.0017451132153397321,0.0,0.0
0,0,0,0,0,0
0,0,0,0,0,0
0,0,0,0,0,0
0,0,0,0,0,0
0,0,0,0,0,0
0,0,0,0,0,0
0,0,0,0,0,0
0.0,0.0,0.0,-0.0002705772908021608,0.0,0.0
0,0,0,0,0,0
0.0,0.0,0.0,-0.0029112056382868,0.0,0.0
0,0,0,0,0,0
0,0,0,0,0,0
0,0,0,0,0,0
0,0,0,0,0,0
0.0,0.0,0.0,-0.0005159857487873145,0.0,0.0
0,0,0,0,0,0
0,0,0,0,0,0
0,0,0,0,0,0
0,0,0,0,0,0
0,0,0,0,0,0
0,0,0,0,0,0
0,0,0,0,0,0
0,0,0,0,0,0
0,0,0,0,0,0
0,0,0,0,0,0
0,0,0,0,0,0
0,0,0,0,0,0
0,0,0,0,0,0
0,0,0,0,0,0
0,0,0,0,0,0
0,0,0,0,0,0
0,0,0,0,0,0
0.0,0.0,0.0,-0.0004513398773942065,0.0,0.0
0,0,0,0,0,0
0,0,0,0,0,0
0,0,0,0,0,0
0,0,0,0,0,0
0,0,0,0,0,0
0,0,0,0,0,0
0,0,0,0,0,0
0,0,0,0,0,0
0.0,0.0,0.0,-0.00011606945360415752,0.0,0.0
0,0,0,0,0,0
0,0,0,0,0,0
0,0,0,0,0,0
0,0,0,0,0,0
0,0,0,0,0,0
0,0,0,0,0,0
0,0,0,0,0,0
0,0,0,0,0,0
0,0,0,0,0,0
0,0,0,0,0,0
0,0,0,0,0,0
0,0,0,0,0,0
0,0,0,0,0,0
0,0,0,0,0,0
0,0,0,0,0,0
0.0,0.0,0.0,-0.0005122532933607868,0.0,0.0
0.0,0.0,0.0,-0.0017002162760650723,0.0,0.0
0.0,0.0,0.0,-0.0015585106883302716,0.0,0.0
0,0,0,0,0,0
0,0,0,0,0,0
0,0,0,0,0,0
0,0,0,0,0,0
0,0,0,0,0,0
0,0,0,0,0,0
0,0,0,0,0,0
0,0,0,0,0,0
0,0,0,0,0,0
0,0,0,0,0,0
0,0,0,0,0,0
0.0,0.0,0.0,-0.0014954583378097009,0.0,0.0
0.0,0.0,0.0,-0.0019949473957662687,0.0,0.0
0.0,0.0,0.0,-0.003179933359439048,0.0,0.0
0.0,0.0,0.0,-0.0032234689996944814,0.0,0.0
0.0,0.0,0.0,-0.005685062565101628,0.0,0.0
0.0,0.0,0.0,-0.004000899914667487,0.0,0.0
0.0,0.0,0.0,-0.005188091134764304,0.0,0.0
0,0,0,0,0,0
0,0,0,0,0,0
0,0,0,0,0,0
0,0,0,0,0,0
0,0,0,0,0,0
0,0,0,0,0,0
0,0,0,0,0,0
0,0,0,0,0,0
0,0,0,0,0,0
0,0,0,0,0,0
0,0,0,0,0,0
0,0,0,0,0,0
0,0,0,0,0,0
0,0,0,0,0,0
0.0,0.0,0.0,-0.0014256783932989428,0.0,0.0
0.0,0.0,0.0,-0.003213108392232024,0.0,0.0
0,0,0,0,0,0
0,0,0,0,0,0
0,0,0,0,0,0
0,0,0,0,0,0
0,0,0,0,0,0
0,0,0,0,0,0
0,0,0,0,0,0
0,0,0,0,0,0
0,0,0,0,0,0
0,0,0,0,0,0
0,0,0,0,0,0
0,0,0,0,0,0
0,0,0,0,0,0
0,0,0,0,0,0
0,0,0,0,0,0
0.0,0.0,0.0,-0.005684267584892326,0.0,0.0
0.0,0.0,0.0,-0.007875614631820701,0.0,0.0
0.0,0.0,0.0,-0.00576356776107889,0.0,0.0
0.0,0.0,0.0,-0.004358784447744727,0.0,0.0
0,0,0,0,0,0
0.0,0.0,0.0,-0.00036296259681075266,0.0,0.0
0,0,0,0,0,0
0,0,0,0,0,0
0,0,0,0,0,0
0,0,0,0,0,0
0,0,0,0,0,0
0,0,0,0,0,0
0,0,0,0,0,0
0,0,0,0,0,0
0,0,0,0,0,0
0,0,0,0,0,0
0,0,0,0,0,0
0,0,0,0,0,0
0,0,0,0,0,0
0,0,0,0,0,0
0.0,0.0,0.0,-0.0013281054364177494,0.0,0.0
0.0,0.0,0.0,-0.0031265615667133368,0.0,0.0
0,0,0,0,0,0
0.0,0.0,0.0,-0.004431423034149671,0.0,0.0
0.0,0.0,0.0,-0.0003169960762842046,0.0,0.0
0,0,0,0,0,0
0,0,0,0,0,0
0,0,0,0,0,0
0,0,0,0,0,0
0,0,0,0,0,0
0,0,0,0,0,0
0,0,0,0,0,0
0,0,0,0,0,0
0,0,0,0,0,0
0,0,0,0,0,0
0,0,0,0,0,0
0,0,0,0,0,0
0,0,0,0,0,0
0,0,0,0,0,0
0,0,0,0,0,0
0,0,0,0,0,0
0,0,0,0,0,0
0,0,0,0,0,0
0,0,0,0,0,0
0,0,0,0,0,0
0,0,0,0,0,0
0,0,0,0,0,0
0,0,0,0,0,0
0,0,0,0,0,0
0,0,0,0,0,0
0,0,0,0,0,0
0,0,0,0,0,0
0,0,0,0,0,0
0,0,0,0,0,0
0,0,0,0,0,0
0,0,0,0,0,0
0,0,0,0,0,0
0,0,0,0,0,0
0,0,0,0,0,0
0,0,0,0,0,0
0,0,0,0,0,0
0,0,0,0,0,0
0,0,0,0,0,0
0,0,0,0,0,0
0,0,0,0,0,0
0,0,0,0,0,0
0,0,0,0,0,0
0,0,0,0,0,0
0,0,0,0,0,0
0,0,0,0,0,0
0,0,0,0,0,0
0,0,0,0,0,0
0,0,0,0,0,0
0,0,0,0,0,0
0,0,0,0,0,0
0,0,0,0,0,0
0,0,0,0,0,0
0,0,0,0,0,0
0,0,0,0,0,0
0,0,0,0,0,0
0,0,0,0,0,0
0,0,0,0,0,0
0,0,0,0,0,0
0,0,0,0,0,0
0,0,0,0,0,0
0,0,0,0,0,0
0,0,0,0,0,0
0,0,0,0,0,0
0,0,0,0,0,0
0,0,0,0,0,0
0,0,0,0,0,0
0,0,0,0,0,0
0,0,0,0,0,0
0,0,0,0,0,0
0,0,0,0,0,0
0,0,0,0,0,0
0,0,0,0,0,0
0,0,0,0,0,0
0,0,0,0,0,0
0,0,0,0,0,0
0,0,0,0,0,0
0,0,0,0,0,0
0,0,0,0,0,0
0,0,0,0,0,0
0,0,0,0,0,0
0,0,0,0,0,0
0,0,0,0,0,0
0,0,0,0,0,0
0,0,0,0,0,0
0,0,0,0,0,0
0,0,0,0,0,0
0,0,0,0,0,0
0,0,0,0,0,0
0,0,0,0,0,0
0,0,0,0,0,0
0,0,0,0,0,0
0,0,0,0,0,0
0,0,0,0,0,0
0,0,0,0,0,0
0,0,0,0,0,0
0,0,0,0,0,0
0,0,0,0,0,0
0,0,0,0,0,0
0,0,0,0,0,0
0,0,0,0,0,0
0,0,0,0,0,0
0,0,0,0,0,0
0,0,0,0,0,0
0,0,0,0,0,0
0,0,0,0,0,0
0,0,0,0,0,0
0,0,0,0,0,0
0,0,0,0,0,0
0,0,0,0,0,0
0,0,0,0,0,0
0,0,0,0,0,0
0,0,0,0,0,0
0,0,0,0,0,0
0,0,0,0,0,0
0,0,0,0,0,0
0,0,0,0,0,0
0,0,0,0,0,0
0,0,0,0,0,0
0,0,0,0,0,0
0,0,0,0,0,0
0,0,0,0,0,0
0,0,0,0,0,0
0,0,0,0,0,0
0,0,0,0,0,0
0,0,0,0,0,0
0,0,0,0,0,0
0,0,0,0,0,0
0,0,0,0,0,0
0,0,0,0,0,0
0,0,0,0,0,0
0,0,0,0,0,0
0,0,0,0,0,0
0,0,0,0,0,0
0,0,0,0,0,0
0,0,0,0,0,0
0,0,0,0,0,0
0,0,0,0,0,0
0,0,0,0,0,0
0,0,0,0,0,0
0,0,0,0,0,0
0,0,0,0,0,0
0,0,0,0,0,0
0,0,0,0,0,0
0,0,0,0,0,0
0,0,0,0,0,0
0,0,0,0,0,0
0,0,0,0,0,0
0,0,0,0,0,0
0,0,0,0,0,0
0,0,0,0,0,0
0,0,0,0,0,0
0,0,0,0,0,0
0,0,0,0,0,0
0,0,0,0,0,0
0,0,0,0,0,0
0,0,0,0,0,0
0,0,0,0,0,0
0,0,0,0,0,0
0,0,0,0,0,0
0,0,0,0,0,0
0,0,0,0,0,0
0,0,0,0,0,0
0,0,0,0,0,0
0,0,0,0,0,0
0,0,0,0,0,0
0,0,0,0,0,0
0,0,0,0,0,0
0,0,0,0,0,0
0,0,0,0,0,0
0,0,0,0,0,0
0,0,0,0,0,0
0,0,0,0,0,0
0,0,0,0,0,0
0,0,0,0,0,0
0,0,0,0,0,0
0,0,0,0,0,0
0,0,0,0,0,0
0,0,0,0,0,0
0,0,0,0,0,0
0,0,0,0,0,0
0,0,0,0,0,0
0,0,0,0,0,0
0,0,0,0,0,0
0,0,0,0,0,0
0,0,0,0,0,0
0,0,0,0,0,0
0,0,0,0,0,0
0,0,0,0,0,0
0,0,0,0,0,0
0,0,0,0,0,0
0,0,0,0,0,0
0,0,0,0,0,0
0,0,0,0,0,0
0,0,0,0,0,0
0,0,0,0,0,0
0,0,0,0,0,0
0,0,0,0,0,0
0,0,0,0,0,0
0,0,0,0,0,0
0,0,0,0,0,0
0,0,0,0,0,0
0,0,0,0,0,0
0,0,0,0,0,0
0,0,0,0,0,0
0,0,0,0,0,0
0,0,0,0,0,0
0,0,0,0,0,0
0,0,0,0,0,0
0,0,0,0,0,0
0,0,0,0,0,0
0,0,0,0,0,0
0,0,0,0,0,0
0,0,0,0,0,0
0,0,0,0,0,0
0,0,0,0,0,0
0,0,0,0,0,0
0,0,0,0,0,0
0,0,0,0,0,0
0,0,0,0,0,0
0,0,0,0,0,0
0,0,0,0,0,0
0,0,0,0,0,0
0,0,0,0,0,0
0,0,0,0,0,0
0,0,0,0,0,0
0,0,0,0,0,0
0,0,0,0,0,0
0,0,0,0,0,0
0,0,0,0,0,0
0,0,0,0,0,0
0,0,0,0,0,0
0,0,0,0,0,0
0,0,0,0,0,0
0,0,0,0,0,0
0,0,0,0,0,0
0,0,0,0,0,0
0,0,0,0,0,0
0,0,0,0,0,0
0,0,0,0,0,0
0,0,0,0,0,0
0,0,0,0,0,0
0,0,0,0,0,0
0,0,0,0,0,0
0,0,0,0,0,0
0,0,0,0,0,0
0,0,0,0,0,0
0,0,0,0,0,0
0,0,0,0,0,0
0,0,0,0,0,0
0,0,0,0,0,0
0,0,0,0,0,0
0,0,0,0,0,0
0,0,0,0,0,0
0,0,0,0,0,0
0,0,0,0,0,0
0,0,0,0,0,0
0,0,0,0,0,0
0,0,0,0,0,0
0,0,0,0,0,0
0,0,0,0,0,0
0,0,0,0,0,0
0,0,0,0,0,0
0,0,0,0,0,0
0,0,0,0,0,0
0,0,0,0,0,0
0,0,0,0,0,0
0,0,0,0,0,0
0,0,0,0,0,0
0,0,0,0,0,0
0,0,0,0,0,0
0,0,0,0,0,0
0,0,0,0,0,0
0,0,0,0,0,0
0,0,0,0,0,0
0,0,0,0,0,0
0,0,0,0,0,0
0,0,0,0,0,0
0,0,0,0,0,0
0,0,0,0,0,0
0,0,0,0,0,0
0,0,0,0,0,0
0,0,0,0,0,0
0,0,0,0,0,0
0,0,0,0,0,0
0,0,0,0,0,0
0,0,0,0,0,0
0,0,0,0,0,0
0,0,0,0,0,0
0,0,0,0,0,0
0,0,0,0,0,0
0,0,0,0,0,0
0,0,0,0,0,0
0,0,0,0,0,0
0,0,0,0,0,0
0,0,0,0,0,0
0,0,0,0,0,0
0,0,0,0,0,0
0,0,0,0,0,0
0,0,0,0,0,0
0,0,0,0,0,0
0,0,0,0,0,0
0,0,0,0,0,0
0,0,0,0,0,0
0,0,0,0,0,0
0,0,0,0,0,0
0,0,0,0,0,0
0,0,0,0,0,0
0,0,0,0,0,0
0,0,0,0,0,0
0,0,0,0,0,0
0,0,0,0,0,0
0,0,0,0,0,0
0,0,0,0,0,0
0,0,0,0,0,0
0,0,0,0,0,0
0,0,0,0,0,0
0,0,0,0,0,0
0,0,0,0,0,0
0,0,0,0,0,0
0,0,0,0,0,0
0,0,0,0,0,0
0,0,0,0,0,0
0,0,0,0,0,0
0,0,0,0,0,0
0,0,0,0,0,0
0,0,0,0,0,0
0,0,0,0,0,0
0,0,0,0,0,0
0,0,0,0,0,0
0,0,0,0,0,0
0,0,0,0,0,0
0,0,0,0,0,0
0,0,0,0,0,0
0,0,0,0,0,0
0,0,0,0,0,0
0,0,0,0,0,0
0,0,0,0,0,0
0,0,0,0,0,0
0,0,0,0,0,0
0,0,0,0,0,0
0,0,0,0,0,0
0,0,0,0,0,0
0,0,0,0,0,0
0,0,0,0,0,0
0,0,0,0,0,0
0,0,0,0,0,0
0,0,0,0,0,0
0,0,0,0,0,0
0,0,0,0,0,0
0,0,0,0,0,0
0,0,0,0,0,0
0,0,0,0,0,0
0,0,0,0,0,0
0,0,0,0,0,0
0,0,0,0,0,0
0,0,0,0,0,0
0,0,0,0,0,0
0,0,0,0,0,0
0,0,0,0,0,0
0,0,0,0,0,0
0,0,0,0,0,0
0,0,0,0,0,0
0,0,0,0,0,0
0,0,0,0,0,0
0,0,0,0,0,0
0,0,0,0,0,0
0,0,0,0,0,0
0,0,0,0,0,0
0,0,0,0,0,0
0,0,0,0,0,0
0,0,0,0,0,0
0,0,0,0,0,0
0,0,0,0,0,0
0,0,0,0,0,0
0,0,0,0,0,0
0,0,0,0,0,0
0,0,0,0,0,0
0,0,0,0,0,0
0,0,0,0,0,0
0,0,0,0,0,0
0,0,0,0,0,0
0,0,0,0,0,0
0,0,0,0,0,0
0,0,0,0,0,0
0,0,0,0,0,0
0,0,0,0,0,0
0,0,0,0,0,0
0,0,0,0,0,0
0,0,0,0,0,0
0,0,0,0,0,0
0,0,0,0,0,0
0,0,0,0,0,0
0,0,0,0,0,0
0,0,0,0,0,0
0,0,0,0,0,0
0,0,0,0,0,0
0,0,0,0,0,0
0,0,0,0,0,0
0,0,0,0,0,0
0,0,0,0,0,0
0,0,0,0,0,0
0,0,0,0,0,0
0,0,0,0,0,0
0,0,0,0,0,0
0,0,0,0,0,0
0,0,0,0,0,0
0,0,0,0,0,0
0,0,0,0,0,0
0,0,0,0,0,0
0,0,0,0,0,0
0,0,0,0,0,0
0,0,0,0,0,0
0,0,0,0,0,0
0,0,0,0,0,0
0,0,0,0,0,0
0,0,0,0,0,0
0,0,0,0,0,0
0,0,0,0,0,0
0,0,0,0,0,0
0,0,0,0,0,0
0,0,0,0,0,0
0,0,0,0,0,0
0,0,0,0,0,0
0,0,0,0,0,0
0,0,0,0,0,0
0,0,0,0,0,0
0,0,0,0,0,0
0,0,0,0,0,0
0,0,0,0,0,0
0,0,0,0,0,0
0,0,0,0,0,0
0,0,0,0,0,0
0,0,0,0,0,0
0,0,0,0,0,0
0,0,0,0,0,0
0,0,0,0,0,0
0,0,0,0,0,0
0,0,0,0,0,0
0,0,0,0,0,0
0,0,0,0,0,0
0,0,0,0,0,0
0,0,0,0,0,0
0,0,0,0,0,0
0,0,0,0,0,0
0,0,0,0,0,0
0,0,0,0,0,0
0,0,0,0,0,0
0,0,0,0,0,0
0,0,0,0,0,0
0,0,0,0,0,0
0,0,0,0,0,0
0,0,0,0,0,0
0,0,0,0,0,0
0,0,0,0,0,0
0,0,0,0,0,0
0,0,0,0,0,0
0,0,0,0,0,0
0,0,0,0,0,0
0,0,0,0,0,0
0,0,0,0,0,0
0,0,0,0,0,0
0,0,0,0,0,0
0,0,0,0,0,0
0,0,0,0,0,0
0,0,0,0,0,0
0,0,0,0,0,0
0,0,0,0,0,0
0,0,0,0,0,0
0,0,0,0,0,0
0,0,0,0,0,0
0,0,0,0,0,0
0,0,0,0,0,0
0,0,0,0,0,0
0,0,0,0,0,0
0,0,0,0,0,0
0,0,0,0,0,0
0,0,0,0,0,0
0,0,0,0,0,0
0,0,0,0,0,0
0,0,0,0,0,0
0,0,0,0,0,0
0,0,0,0,0,0
0,0,0,0,0,0
0,0,0,0,0,0
0,0,0,0,0,0
0,0,0,0,0,0
0,0,0,0,0,0
0,0,0,0,0,0
0,0,0,0,0,0
