0,0,0,0,0,0
0,0,0,0,0,0
0,0,0,0,0,0
0,0,0,0,0,0
0,0,0,0,0,0
0,0,0,0,0,0
0,0,0,0,0,0
0,0,0,0,0,0
0,0,0,0,0,0
0,0,0,0,0,0
0,0,0,0,0,0
0,0,0,0,0,0
0,0,0,0,0,0
0,0,0,0,0,0
0,0,0,0,0,0
0,0,0,0,0,0
0,0,0,0,0,0
0,0,0,0,0,0
0,0,0,0,0,0
0,0,0,0,0,0
0,0,0,0,0,0
0,0,0,0,0,0
0,0,0,0,0,0
0,0,0,0,0,0
0,0,0,0,0,0
0,0,0,0,0,0
0,0,0,0,0,0
0,0,0,0,0,0
0,0,0,0,0,0
0,0,0,0,0,0
0,0,0,0,0,0
0,0,0,0,0,0
0,0,0,0,0,0
0,0,0,0,0,0
0,0,0,0,0,0
0,0,0,0,0,0
0,0,0,0,0,0
0,0,0,0,0,0
0,0,0,0,0,0
0,0,0,0,0,0
0,0,0,0,0,0
0,0,0,0,0,0
0,0,0,0,0,0
0,0,0,0,0,0
0,0,0,0,0,0
0,0,0,0,0,0
0,0,0,0,0,0
0,0,0,0,0,0
0,0,0,0,0,0
0,0,0,0,0,0
0,0,0,0,0,0
0,0,0,0,0,0
0,0,0,0,0,0
0,0,0,0,0,0
0,0,0,0,0,0
0,0,0,0,0,0
0,0,0,0,0,0
0,0,0,0,0,0
0,0,0,0,0,0
0,0,0,0,0,0
0,0,0,0,0,0
0,0,0,0,0,0
0,0,0,0,0,0
0,0,0,0,0,0
0,0,0,0,0,0
0,0,0,0,0,0
0,0,0,0,0,0
0,0,0,0,0,0
0,0,0,0,0,0
0,0,0,0,0,0
0,0,0,0,0,0
0,0,0,0,0,0
0,0,0,0,0,0
0,0,0,0,0,0
0,0,0,0,0,0
0,0,0,0,0,0
0,0,0,0,0,0
0.0014529798115336633,0.0,0.0,0.0,0.0,0.0
0.0,0.0,0.0769731377199129,0.0,0.0,0.0
0.10361545776566605,0.0,0.1215639072660529,0.0,0.0,0.0
0.04981707008930228,0.0,0.17933578530862018,0.0,0.0,0.0
0.09181186545869763,0.0,0.3570130692272287,0.0,0.0,0.0
0.0,0.0,0.37796777557857,0.0,0.0,0.0
0.0,0.0,0.37796777557857,0.0,0.0,0.0
0.0,0.0,0.5577801239033225,0.0,0.0,0.0
0.10501136187681186,0.0,0.516910334372654,0.0,0.0,0.0
0.04459420019287039,0.0,0.6850431354732369,0.0,0.0,0.0
0.05803089860396193,0.0,0.7964512951950936,0.0,0.0,0.0
0.0,0.0,0.9084161583410977,0.0,0.0,0.0
0.0,0.0,0.9388541752446399,0.0,0.0,0.0
0.0,0.0,1.0190836045819514,0.0,0.0,0.0
0.0,0.0,1.0611383596103587,0.0,0.0,0.0
0.0,0.0,1.0888635940116527,0.0,0.0,0.0
0.0,0.0,1.1822372069960245,0.0,0.0,0.0
0.0,0.0,1.1236351818470953,0.0,0.0,0.0
0.0,0.0,1.4170576031546596,0.0,0.0,0.0
0.0,0.0,1.3026710714239713,0.0,0.0,0.0
0.0,0.0,1.4096640088495236,0.0,0.0,0.0
0.0,0.0,1.3946905279368584,0.0,0.0,0.0
0.0,0.0,1.5161774905899752,0.0,0.0,0.0
0.0,0.0,1.4023909418329834,0.0,0.0,0.0
0.0,0.0,1.6504157078517454,0.0,0.0,0.0
0.0,0.0,1.726897742589707,0.0,0.0,0.0
0.0,0.0,1.8261215545606633,0.0,0.0,0.0
0.0,0.0,1.7929170372628747,0.0,0.0,0.0
0.0,0.0,1.7734239831698417,0.0,0.0003038613267249998,0.0
0.0,0.0,1.8413728507182934,0.0,0.0,0.0
0.0,0.0,2.052688084028848,0.0,0.0,0.0
0.0,0.0,2.068658897931278,0.0,0.0,0.0
0.0,0.0,2.206010061132866,0.0,0.0,0.0
0.0,0.0,2.2245278010511917,0.0,0.0,0.0
0.0,0.0,2.2263416516924317,0.0,0.0,0.0
0.0,0.0,2.409984816052945,0.0,0.0,0.0
0.0,0.0,2.429457880311509,0.0,0.0,0.0
0.0,0.0,2.5037783729045335,0.0,0.0,0.0
0.0,0.0,2.4857217440138624,0.0,0.0,0.0
0.0,0.0,2.7190180606767154,0.0,0.0,0.0
0.0,0.0,2.7516743986555334,0.0,0.0,0.0
0.0,0.0,2.757449961563142,0.0,0.0,0.0
0.0,0.0,2.8090400754985057,0.0,0.0,0.0
0.0,0.0,2.8597253381103878,0.0,0.0,0.0
0.0,0.0,3.0566415864373955,0.0,0.00023884999527276125,0.0
0.0,0.0,3.18302620292756,0.0,0.0,0.0
0.0,0.0,3.121276598149886,0.0,0.0,0.0
0.0,0.0,3.253434107591714,0.0,0.0,0.0
0.0,0.0,3.179499692931879,0.0,0.0,0.0
0.0,0.0,3.289332860351448,0.0,0.0,0.0
0.0,0.0,3.302846791120217,0.0,0.0,0.0
0.0,0.0,3.390913418818612,0.0,0.0,0.0
0.0,0.0,3.213124789680144,0.0,0.0,0.0
0.0,0.0,3.3200032997504594,0.0,0.0,0.0
0.0,0.0,3.2988361849579375,0.0,0.0,0.0
0.0,0.0,3.3988111620995207,0.0,0.0,0.0
0.0,0.0,3.385941857132022,0.0,0.0,0.0
0.0,0.0,3.4083364651680137,0.0,0.0,0.0
0.0,0.0,3.355823576265535,0.0,0.0,0.0
0.0,0.0,3.5059717206839087,0.0,0.0,0.0
0.0,0.0,3.322349200538126,0.0,0.0,0.0
0.0,0.0,3.5699009888871087,0.0,0.00014278755736346188,0.0
0.0,0.0,3.554792927364818,0.0,0.001409788685487057,0.0
0.0,0.0,3.7262893188879844,0.0,0.0,0.0
0.0,0.0,3.700771881399903,0.0,0.0,0.0
0.0,0.0,3.8003327856268703,0.0,0.0,0.0
0.0,0.0,3.918494008710109,0.0,0.0,0.0
0.0,0.0,3.919693639675548,0.0,0.0,0.0
0.0,0.0,4.06776145976788,0.0,0.001663264769414361,0.0
0.0,0.0,4.1371583041065785,0.0,0.0026256134720342343,0.0
0.0,0.0,4.235119636940735,0.0,0.007772381859596054,0.0
0.0,0.0,4.266101477171315,0.0,0.009588412045840416,0.0
0.0,0.0,4.525214098661884,0.0,0.007234714494245682,0.0
0.0,0.0,4.677009701413204,0.0,0.0057132118222270305,0.0
0.0,0.0,4.707922690405006,0.0,0.004692185260534538,0.0
0.0,0.0,4.890007386007442,0.0,0.006142951786644748,0.0
0.0,0.0,4.824163822857721,0.0,0.007339565776134772,0.0
0.0,0.0,4.79329726252776,0.0,0.010747904612185413,0.0005905555003950906
0.0,0.0,5.06464792787594,0.0,0.011074995813349333,0.0003953343249674569
0.0,0.0,5.103962880708671,0.0,0.009749479128638794,0.0003577746256370252
0.0,0.0,5.203955029349542,0.0,0.004998160833654413,0.0
0.0,0.0,5.095336420486555,0.0,0.0031430939081522153,0.002581976963669668
0.0,0.0,4.975717054416534,0.0,0.0039621153032389144,0.002716332865193946
0.0,0.0,5.20359996417168,0.0,0.002348577491223289,0.0017914371483859295
0.0,0.0,5.128853362539758,0.0,0.001904977796871046,0.0018968201815751588
0.0,0.0,4.946798339945074,0.0,0.00484867293220418,0.0028898531481830704
0.0,0.0,5.127439814177061,0.0,0.002720786313930285,0.0037671696216696393
0.0,0.0,5.069254584361196,0.0,0.0031910409993340565,0.0023321388767949176
0.0,0.0,5.146750906221507,0.0,0.0021149771839373633,0.0025573469462491457
0.0,0.0,5.2993124894659385,0.0,0.0018149453946260004,0.004027156697863277
0.0,0.0,5.200851233461505,0.0,0.007585289168034802,0.004886633891864607
0.0,0.0,5.2504287225902235,0.0,0.007772114291577463,0.00665292912346848
0.0,0.0,5.11409740229635,-0.0007985116454868919,0.00810812161423905,0.007040702686397629
0.0,0.0,5.57737244982812,-0.0015970134922021928,0.007561862627451113,0.005282382429178538
0.0,0.0,5.559179489686011,-0.006463456262237673,0.005233130520784454,0.004321964726325925
0.0,0.0,5.3350073719753235,-0.004991789882520598,0.0,0.00392415364854833
0.0,0.0,5.5546391951969065,-0.00044061804652668695,0.0,0.005134003075153655
0.0,0.0,5.733772237561135,0.0,0.0,0.00603344480804582
0.0,0.0,5.567189412866481,0.0,0.0,0.007102757783357792
0.0,0.0,5.677452648238024,0.0,0.0,0.0071634071596224464
0.0,0.0,5.582639227154133,0.0,0.0,0.00405181462062384
0.0,0.0,5.395302031099577,0.0,0.0,0.006973623385175839
0.0,0.0,5.346500602788199,0.0,0.0,0.00872777805579254
0.07744792240630413,0.0,5.334340152735577,0.0,0.0,0.005415256515489848
0.05116872974601766,0.0,5.446523201795128,0.0,0.0,0.007284059249197486
0.0,0.0,5.625066235394944,0.0,0.0,0.005152202032662927
0.0,0.0,5.448877856137369,0.0,0.0,0.004653443747307619
0.0,0.0,5.365931465413483,0.0,0.00044816418502165834,0.004988715146648175
0.0,0.0,5.639734692882651,0.0,0.0,0.0023434982198960496
0.0,0.0,5.5124919354555235,0.0,0.0,0.0056981398205614205
0.0,0.0,5.597748731487259,0.0,0.0,0.0034653960198820282
0.12502524120425956,0.0,5.5942489929215915,0.0,0.0,0.0027355516212602135
0.009583206682489874,0.0,5.529639469773521,0.0,0.0,0.004301193449088367
0.08027713740689119,0.0,5.306739464571567,0.0,0.0,0.004389628944606307
0.0,0.0,5.2826995885477235,0.0,0.0,0.0023060650423132106
0.0,0.0,5.2128561943571725,-0.000504114269611203,0.0,0.0
0.0,0.0,5.073834284796955,-0.002833445643858206,0.0030691695370107914,0.0
0.0,0.0,5.210675755725891,-0.0001902137680503986,0.0036882662097154793,0.0
0.0,0.0,4.9244112535960936,0.0,0.0026121668910591513,0.0
0.0,0.0,5.070485623598598,0.0,0.001908018174152961,0.0
0.0,0.0,5.033453592313342,0.0,0.0,0.0
0.0,0.0,4.765163283791945,0.0,0.0,0.0
0.07054905503789244,0.0,4.964390042600643,0.0,0.0,0.0
0.0,0.0,4.85658828790619,0.0,0.0,0.0
0.16042285439285428,0.0,4.848484788742228,0.0,0.0,0.0
0.017534065254086947,0.0,4.436822770377144,0.0,0.0,0.0
0.0,0.0,4.635950059618437,0.0,0.0,0.0
0.07773635540739392,0.0,4.741110948100863,0.0,0.0,0.0
0.07110605282522427,0.0,4.718753461209111,0.0,0.0,0.0
0.139007905342486,0.0,4.621062243555191,0.0,0.0,0.0
0.16734060316641453,0.0,4.7260673843247805,0.0,0.0,0.0
0.3455361305831872,0.0,4.785095103975168,0.0,0.0,0.0
0.4224290525099539,0.0,4.679764618187937,0.0,0.0,0.0
0.5028416349766334,0.0,4.698177976335943,0.0,0.0,0.0
0.4482875929636835,0.0,4.784831612791718,0.0,0.0,0.0
0.1480057039054871,0.0,4.9361213264937795,0.0,0.0,0.0
0.0,0.0,4.725332864659529,0.0,0.0,0.0
0.0,0.0,4.716843679591422,-0.0018332465969478826,0.0,0.0
0.0,0.0,4.725644894489444,-0.00013658320123155723,0.0,0.0
0.03653250248627058,0.0,5.052389158180917,0.0,0.0,0.0
0.04673556422287522,0.0,5.061225031060248,0.0,0.0,0.0
0.286578519078359,0.0,4.780654370081191,0.0,0.0,0.0
0.2610821729246794,0.0,4.84881744404439,0.0,0.0,0.0
0.17599043943223122,0.0,5.018955518690154,0.0,0.0,0.0
0.0,0.0,4.960910055076944,0.0,0.0,0.0
0.0,0.0,4.610836131513818,-0.004731213353045051,0.0,0.0
0.0,0.0,4.680575130407351,-0.0038849536419832366,0.0,0.0
0.0,0.0,4.725631098237437,0.0,2.9697200716127055e-05,0.0
0.03597714208938943,0.0,4.628210581381124,0.0,0.0,0.0
0.022679608771717926,0.0,4.440782717437143,0.0,0.0,0.0
0.11327339726696237,0.0,4.3206763266257955,0.0,0.0,0.0
0.023157684859394373,0.0,4.378999641174355,0.0,0.0,0.0
0.0,0.0,4.456541776651829,0.0,0.0,0.0
0.0,0.0,4.356883483945198,-0.0013200104615868412,0.0,0.0
0.0,0.0,4.4276646246673526,-0.0018869801017999347,0.0011700712670175122,0.0
0.0,0.0,4.857390429558149,-0.0006586190384348286,0.0,0.0
0.0,0.0,4.670104486013557,-0.0045822316977124035,0.0026283364967646496,0.0
0.0,0.0,4.528495893190656,-0.002142772950931242,0.0,0.0
0.0,0.0,4.5899309029366835,0.0,0.0,0.0
0.10398281410990691,0.0,4.947721280859468,0.0,0.0,0.0
0.050340560788156984,0.0,4.927934217241028,0.0,0.0,0.0
0.0,0.0,4.765959926215196,0.0,0.0,0.0
0.0,0.0,4.869107347927303,-0.002918833209819227,0.0,0.0
0.0,0.0,5.098130217091766,-0.00910635244042868,0.0020540263238773724,0.0
0.0,-0.12224886931569949,4.6388706134952225,-0.011695107889011984,0.0019647643857548026,0.0
0.0,0.0,4.613645078757534,-0.008277287159990427,0.0,0.0
0.02371427892321093,0.0,4.733742213615444,0.0,0.0,0.0
0.0,0.0,4.783131547642035,0.0,0.0,0.0
0.0,0.0,4.517872491406028,-0.0011818039234091388,0.0,0.0
0.0,-0.08483024541738755,4.396291677869781,-0.009153384439371356,0.0,0.0
0.0,-0.28369173619948185,4.0804147960235415,-0.015919760127803405,0.003122428611010025,0.0
0.0,-0.2561212143330721,4.166071112910577,-0.018085470784790926,2.600801010332286e-05,0.0
0.0,-0.08304968667793854,4.079834051319927,-0.011474685718215518,0.0,0.0
0.049530776467152274,0.0,3.814604100737116,-0.0011697409501358984,0.0,0.0
0.3966582126965744,0.0,3.8423197961171267,0.0,0.0,0.0
0.4636301251695736,0.0,3.878862133229666,0.0,0.0,0.0
0.013377192408952127,0.0,3.6625543862291097,0.0,0.0,0.0
0.0,0.0,3.2656272688203365,-0.001816162983944037,0.0,0.0
0.0,0.0,3.4649284882478044,-0.005529221645426179,0.0,0.0
0.0,0.0,3.7070048309244377,0.0,0.0,0.0
0.0,0.0,3.7877121057679366,0.0,0.0,0.0
0.0,0.0,3.64946893621934,0.0,0.0,0.0
0.028825351433252728,0.0,3.9226370250248848,0.0,0.0,0.0
0.0,0.0,4.137276760701063,0.0,0.0,0.0
0.0,0.0,4.000292490724098,-0.007852711555077649,0.0032373362448054332,0.0
0.0,-0.35988653228725037,3.868403068137675,-0.023105379357325935,0.013500107506940948,0.0
0.0,-0.2879691457771389,4.053783825184988,-0.01759613991359526,0.005013234388099362,0.0
0.0,0.0,4.141183800194592,-0.0102628462668546,0.0,0.0
0.0,0.0,4.099653809630611,-0.0007059244270156362,0.0,0.0
0.0,0.0,4.061525934408397,-0.001647768666058251,0.0,0.0
0.0,0.0,3.8425089166687885,-0.0075320279499706145,0.0001907420882496769,0.0
0.0,0.0,3.909123861752665,-0.012860627617671119,0.00894124447112969,0.0
0.0,-0.04837313674355155,3.782864667543458,-0.017477167677269794,0.012520067716198199,0.0
0.0,0.0,3.6304802611796445,-0.017667050730096803,0.005092997315975141,0.0
0.0,0.0,3.925624805094136,-0.0026536240281621088,0.0020625121834639886,0.0
0.0,0.0,3.968845385865498,-0.0001655550286640397,0.0,0.0
0.0,0.0,3.9148822662894687,-0.00026675432606686607,0.0,0.0
0.0,0.0,3.7642834611858182,-0.0014771930299036181,0.0021246747726722187,0.0
0.0,0.0,3.7685402939313684,-0.002719092890264777,0.0011659998571614016,0.0
0.0,0.0,3.8722827616794944,-7.76832906854296e-06,0.0037866958570217752,0.0
0.0,0.0,3.6459226525805355,-0.008254433151588445,0.001235148501810543,0.0
0.0,0.0,3.5763866978574823,-0.00809274625167227,0.0,0.0
0.0,0.0,4.226603431737536,-0.010535238283914885,0.003467629342756432,0.0
0.0,0.0,4.226603431737536,-0.010535238283914885,0.003467629342756432,0.0
0.0,0.0,3.662337433328301,-0.019457852517914605,0.009466355832956411,0.0
0.0,0.0,3.662337433328301,-0.019457852517914605,0.009466355832956411,0.0
0.0,0.0,3.5715925095691192,-0.005898799550301774,0.0,0.0
0.0,0.0,3.4936171544869175,-0.0031673491492499157,0.0,0.0
0.0,0.0,3.1566201854733995,-0.006716636981837898,0.0,0.0
0.0,0.0,2.9867558004529617,-0.014032498533857542,0.003478679397591781,0.0
0.0,0.0,3.128382510063769,-0.013058714732939911,0.006637554035995384,0.0
0.0,0.0,3.0162429545269243,-0.014166291848909014,0.00678687351557,0.0
0.0,0.0,2.94177896283401,-0.010980838340787431,0.0007211550630865012,0.0
0.0,0.0,3.0688318144776052,-0.002634952761711039,0.0,0.0
0.0,0.0,3.255206237165239,0.0,0.0,0.0
0.0,0.0,3.092614284394861,-0.0038742629675816128,0.0,0.0
0.0,0.0,3.2112657105764746,-0.0028939069618988383,0.0,0.0
0.0,0.0,3.30676313334693,-0.005451823921730835,0.0,0.0
0.0,0.0,3.2367974217606568,-0.008627865039577557,0.003999081274731241,0.0
0.0,0.0,2.9514688531903674,-0.015395810237379265,0.0,0.0
0.0,0.0,3.3160069931555243,-0.006160813231669391,0.0,0.0
0.0,0.0,3.2816745283211732,-0.012867921209009897,0.0014058018967824419,0.0
0.0,0.0,3.2227914177484935,-0.006452289201528495,0.00227593996294937,0.0
0.0,0.0,3.3465925368064298,-0.007780323868226836,0.005293625305440084,0.0
0.0,0.0,3.247847398640606,-0.016172984632721096,0.007684125369854478,0.0
0.0,0.0,3.259204426269156,-0.00860848624640012,0.008015208174186992,0.0
0.0,0.0,3.2374401300767075,-0.0024259456883233698,0.0,0.0
0.0,0.0,3.301824352637484,0.0,0.0016250771304258493,0.0
0.0,0.0,3.597954667012605,-0.0016031824196342723,0.0013255405302427018,0.0
0.0,0.0,3.3582649198508925,-0.012296103301528232,0.0053719260761245415,0.0
0.0,0.0,3.57081578767621,-0.015833946973781696,0.00928144701439538,0.0
0.0,0.0,3.77176014843893,-0.01685792741584801,0.008039730430115452,0.0
0.0,0.0,3.6089682791382955,-0.00798261397396273,0.0019173415717589648,0.0
0.0,0.0,3.666712660407291,0.0,0.0,0.0
0.0,0.0,3.9144539901967037,0.0,0.0,0.0
0.0,0.0,3.7662080071409427,-0.0031210305595924226,0.0001963965955383515,0.0
0.0,0.0,3.6454142909453005,-0.016047805972703395,0.01421081766143066,0.0
0.0,0.0,3.6726134464547493,-0.019709644273723605,0.01825880991485376,0.0
0.0,0.0,3.9250280069701757,-0.020756366290895324,0.017249436137904098,0.0
0.0,0.0,3.941711928519806,-0.02140443711794217,0.015134424899206153,0.0
0.0,0.0,3.669417768362602,-0.009364574584025771,0.006544289006085784,0.0
0.0,0.0,3.7628999608154983,0.0,0.0021369888495912015,0.0
0.0,0.0,3.884577429462945,-0.006306600886097842,0.010368550313888928,0.0
0.0,0.0,3.7615248901905134,-0.013768861620334796,0.014938168464035367,0.0
0.0,0.0,3.483643218776746,-0.020290150662755198,0.0146138484027482,0.0
0.0,0.0,3.1608918891374085,-0.017542737254777806,0.01662292213523136,0.0
0.0,0.0,3.5522925211489813,-0.009457041891727061,0.014831946644098815,0.0
0.0,0.0,3.5008452108166637,-0.010334452109456502,0.01561410716669272,0.0
0.0,0.0,3.269268819796686,-0.015486509108166768,0.012442839240481687,0.0
0.0,0.0,3.2988950681532403,-0.015060389624508555,0.014291999365545566,0.0
0.0,0.0,3.528490278510463,-0.006831017674622972,0.004339083374650701,0.0
0.0,0.0,3.528490278510463,-0.006831017674622972,0.004339083374650701,0.0
0.0,0.0,3.524836826780688,-0.003032315753578384,0.00023951713563606923,0.0
0.0,0.0,3.779301311248743,-0.012096930140793213,0.011693719496361395,0.0
0.0,0.0,3.7517165546144398,-0.01536684378760957,0.019013123959394033,0.0
0.0,0.0,3.63695562469004,-0.031015842006794685,0.021355950125651155,0.0
0.0,0.0,3.5035023192819255,-0.03380238570696041,0.02510970737326016,0.0
0.0,0.0,3.7023643930019587,-0.019794672811072667,0.013824279328900384,0.0013936403825475332
0.0,0.0,4.074227953525307,-0.010526618305375268,0.009676650360033226,0.0022312897580084325
0.0,0.0,3.848655800677723,-0.02421195375347772,0.011044602588863885,0.0023186980455053054
0.0,0.0,3.5617297678474755,-0.03633209963838246,0.017802601951140744,0.0007656809880658396
0.0,0.0,3.526297422439616,-0.03788775363181071,0.015771171443798155,0.0009884663133842412
0.0,0.0,3.5582165741129943,-0.027516416522285193,0.012509390789433267,0.003724188034145863
0.0,0.0,3.447537209304766,-0.023763828475606843,0.0039464156516498495,0.0030904632594797345
0.0,0.0,3.3483231251703183,-0.021034941827324745,0.0,0.0033591919628731754
0.0,0.0,3.247349927088371,-0.023808267408559777,0.003922624025767809,0.005106824430566349
0.0,0.0,3.2228475771460348,-0.017359670570503187,0.0067294380297717215,0.006069849192777862
0.0,0.0,3.30746643435385,-0.01595306123863258,0.004386815333803226,0.006996463587118621
0.0,0.0,3.224099551599226,-0.015324700315456722,0.000662586828552237,0.007269862271047878
0.0,0.0,3.2851802643622308,-0.01683526785878412,0.0025814873576900507,0.004458249352329809
0.0,0.0,2.975103850143829,-0.01686759835029618,0.0,0.005930562867395979
0.0,0.0,3.2439960298394626,-0.014957500783698507,0.0027010115928332154,0.007951028427391985
0.0,0.0,3.311929353198927,-0.016998678628971548,0.004915978503320952,0.006470401758849884
0.0,0.0,3.2115243566845693,-0.019092680995361638,0.0013290042339498317,0.006955245769892914
0.0,0.0,3.1388335182583424,-0.018428970572876242,0.0,0.008800002323322408
0.0,0.0,3.289717153523238,-0.021708531922971095,0.0,0.006784937979863374
0.0,0.0,3.326094514745828,-0.015403148998379659,0.0,0.008169524898758992
0.0,0.0,3.3636699909906485,-0.017896925347645358,0.0,0.008895279352545967
0.0,0.0,3.2843860208051465,-0.025133742107733125,0.002771125301992446,0.006624727078507411
0.0,0.0,3.262469619958554,-0.023652351582127137,0.0057626164031866255,0.006471317729343264
0.0,0.0,3.386213835191666,-0.023157774271388903,0.003906557457800693,0.0068849095627249585
0.0,0.0,3.341377942733083,-0.01989999837370711,0.008159926484394096,0.0078062477089159725
0.0,0.0,3.50202935253065,-0.018842755016606958,0.0031221753114414785,0.004877584293459003
0.0,0.0,3.5471764141784283,-0.014054409293101783,0.0028160372304510397,0.0053337863418450645
0.0,0.0,3.8874746938238167,-0.01543498421523053,0.00804470731853338,0.005215199772704563
0.0,0.0,3.860091364945915,-0.020446536285961315,0.01159771831399021,0.006240959110000048
0.0,0.0,3.6425326012759074,-0.03158703421322231,0.011864205247165374,0.00404867351928828
0.0,0.0,3.918781352435668,-0.025397989994737975,0.010725069194970642,0.0060690345138385525
0.0,0.0,3.899588894692671,-0.02631136778986959,0.003757425237522373,0.003168473665693896
0.0,0.0,3.913920613678125,-0.018181454140461305,0.0,0.002951148715512004
0.0,0.0,3.962516616183214,-0.012913598413225804,0.0,0.003993090006063471
0.0,0.0,4.031596163662498,-0.014532948264028905,0.0,0.004497469988615734
0.0,0.0,3.839714835446744,-0.020858788550464323,0.00790082624385349,0.005320856160116893
0.0,0.0,3.62453481156354,-0.032168742876613074,0.014820235580928157,0.0034261404268110967
0.0,0.0,3.621878150881897,-0.03489987535992965,0.008867271091445045,0.0006068891729695965
0.0,0.0,3.7837697766453573,-0.022548144604294256,0.008799427667230115,0.003508980800067423
0.0,0.0,3.641884303351508,-0.0178236594124223,0.011672029631754618,0.006211200654602837
0.0,0.0,3.44969980472518,-0.014390146811436568,0.0067780730975120175,0.004763505689121582
0.0,0.0,3.5046279832653533,-0.01690469915841171,0.008010530765622631,0.00395598875800421
0.0,0.0,3.7140382484518186,-0.014136950107514673,0.00980228154377251,0.00619069584464355
0.0,0.0,3.672816773167169,-0.01767864651731476,0.009894461519377295,0.0036768022046432653
0.0,0.0,3.5549465869096375,-0.012762228007628246,0.007649433667273027,0.005062089482403852
0.0,0.0,3.789013334336677,-0.014499817196248248,0.003998381625850205,0.0034974915177272666
0.0,0.0,3.9816835756667794,-0.016076249630995916,0.009046531398363571,0.004513338540894361
0.0,0.0,3.8850081789729054,-0.025060075258980165,0.012267496370312929,0.0031805827515449343
0.0,0.0,3.762356885675564,-0.027552086159182997,0.011749951479920846,0.0016244813331930184
0.0,0.0,3.7922388700403977,-0.025640296163509747,0.013780073671210513,0.00296686753988419
0.0,0.0,4.046463334176071,-0.01435850306734561,0.00666867534304128,0.0028035119371206
0.0,0.0,3.9150293510273357,-0.01765699161249744,0.0,0.0009803528765958364
0.0,0.0,3.621042897422303,-0.016686803338937392,0.003038103343049255,0.0
0.0,0.0,3.792105176603987,-0.016543022968275232,0.011052122677244442,0.0021405784162681117
0.0,0.0,3.8647376506366724,-0.02010092582852101,0.01169667994852744,0.0012167434791415077
0.0,0.0,3.7713237383345457,-0.02283106515679408,0.005729023717123109,0.0015667783194258356
0.0,0.0,3.7713237383345457,-0.02283106515679408,0.005729023717123109,0.0015667783194258356
0.0,0.0,4.113879405768307,-0.007408288136062491,0.0,3.7225759807585376e-05
0.0,0.0,4.113879405768307,-0.007408288136062491,0.0,3.7225759807585376e-05
0.0,0.0,4.027817860664997,-0.007972504083866324,0.0,0.00025295374984555456
0.0,0.0,4.0097801908954205,-0.01467098966647028,0.0020584013602322534,0.0016464090824858575
0.0,0.0,4.125870012199929,-0.0110511823412278,0.0,0.002367546326555426
0.0,0.0,4.125870012199929,-0.0110511823412278,0.0,0.002367546326555426
0.0,0.0,4.173802146604908,-0.010722574994600702,0.0,0.0032624357448162644
0.0,0.0,4.291625822872197,-0.014569823567390231,0.0021563956990993303,0.003811543469356147
0.0,0.0,4.181452606842052,-0.027109405275440514,0.011614956828427721,0.0016489940980437454
0.0,0.0,4.262991921016387,-0.022968807340298415,0.00815095625605223,0.004478287296052099
0.0,0.0,4.480152770942749,-0.013685018228347692,0.003931706292383706,0.0015615682861470628
0.0,0.0,4.368100993367668,-0.018953137343892194,0.0008475156850487643,0.0017160333975029438
0.0,0.0,4.2519543462714235,-0.021584995041389648,0.0007517859043275176,0.0008845039715727613
0.0,0.0,4.004495694994132,-0.023383965124481758,0.005740877225110517,0.0010461422254132643
0.0,0.0,4.025711469109808,-0.025427952650496338,0.008960444260547677,0.004492545164408811
0.0,0.0,4.061246664112326,-0.020469244680069106,0.0046022970989229115,0.00300619395160961
0.0,0.0,3.9514331039293373,-0.01637130752996883,0.005793498216069941,0.004136195689093803
0.0,0.0,3.629297826354861,-0.018377842292999706,0.0026996935672811743,0.0016841454167490402
0.0,0.0,3.8683832766590065,-0.013644837342823013,0.0,0.0009211911314746758
0.0,0.0,3.7739041669195417,-0.01638497025630678,0.001899177120520634,0.000513828189444677
0.0,0.0,3.7295255309160766,-0.022816765037052728,0.003551353300720582,0.0013581295644194194
0.0,0.0,3.750227570126969,-0.014173744823633616,0.00024468403173036454,0.00045691696790225203
0.0,0.0,3.9330408113294753,-0.011743759557060102,0.0005964862611750823,0.0008428720763129019
0.0,0.0,3.907505579844636,-0.00874100009955585,0.0,0.0007729262845222356
0.0,0.0,3.996710079973981,-0.002126485147739822,0.0,0.0016107782879274403
0.0,0.0,4.154821431857292,-0.006135728315694876,0.004501704164482195,0.0
0.0,0.0,3.8859663227049324,-0.019844775975668423,0.007838163691622388,0.0
0.0,0.0,3.6777299031630286,-0.015907437729017565,0.009258890328497447,0.0
0.0,0.0,3.9116210699388967,-0.018213556296185467,0.0037627362933014955,0.0
0.0,0.0,3.821877396769878,-0.021923208070093906,0.006057137596756531,0.0007121012618399152
0.0,0.0,3.6718655110459517,-0.016176677369851337,0.002365612792937017,0.0
0.0,0.0,3.7556509893131618,-0.01255926018178142,0.0,0.0
0.0,0.0,3.6874284146813077,-0.017622516954877366,0.005034013758372532,0.0
0.0,0.0,3.4615945151123726,-0.01948465524563326,0.01190534141931475,0.0
0.0,0.0,3.1898562443634644,-0.02184762482221289,0.005542054315040588,0.0
0.0,0.0,3.3992979049493157,-0.01725374098036145,0.0004964666416044863,0.0
0.0,0.0,3.4443692129040366,-0.010471847941093985,0.0006049377644255937,0.0
0.0,0.0,3.3277819942475566,-0.01120408475719686,0.0,0.0
0.0,0.0,3.2633119809711517,-0.008355217764600197,0.0,0.0
0.0,0.0,3.2612164236050014,-0.006516401712604028,0.0032852095371907683,0.0
0.0,0.0,3.355632594149033,-0.013188588042007576,0.007760882553546661,0.0
0.0,0.0,3.3058677305070745,-0.010944423477007229,0.004914961902237365,0.0
0.0,0.0,3.564703809709399,-0.014476783544331778,0.0037273287839042386,0.0
0.0,0.0,3.518965845207309,-0.021514651884116325,0.010487891397801727,0.0
0.0,0.0,3.6223261262378097,-0.026670941075185278,0.00982819267972111,0.0
0.0,0.0,3.6312914947196404,-0.020046384115304287,0.007357986359637916,0.0
0.0,0.0,3.6907603690423407,-0.01645061321285162,0.004404007466216358,0.0
0.0,0.0,3.663149127670914,-0.012076569808696388,0.0,0.0
0.0,0.0,3.539091182466656,-0.008761909087869921,0.0,0.0
0.0,0.0,3.7335992327423413,-0.01090967149275449,0.0,0.0
0.0,0.0,3.6085701129395273,-0.0155489685076757,0.005455786097740116,0.0
0.0,0.0,3.542857810957885,-0.01763984261900737,0.004748308709825799,0.0
0.0,0.0,3.6447604359277905,-0.016711685487587065,0.004911968110260222,0.0
0.0,0.0,3.6132737781873785,-0.016557670368761927,0.0042331391005845055,0.0
0.0,0.0,4.012276248176354,-0.006266387408043248,0.0,0.0
0.0,0.0,4.102021756065111,-0.005402117252223416,0.004398881269883745,0.0
0.0,0.0,3.7117237259254603,-0.007823797796670182,0.003693631811931742,0.0
0.0,0.0,3.8541066565517803,-0.005023281897151266,0.00039389434584494014,0.0
0.0,0.0,3.6959235422347576,-0.0009228423510407844,0.0,0.0
0.0,0.0,3.8236635487738924,0.0,0.0,0.0
0.0,0.0,3.8478100488468074,0.0,0.0004878416046711348,0.0
0.0,0.0,3.6512657354230798,-0.010067277212889861,0.0003556527609146802,0.0
0.0,0.0,3.7627344195416645,-0.008472976050174927,9.509429939977438e-05,0.0
0.0,0.0,3.8546528260447075,-0.0036803497491241276,0.001485835555625156,0.0
0.0,0.0,4.007035710946427,-0.005852760124864579,0.004371768785857798,0.0
0.0,0.0,3.935562063474344,-0.02396835431602263,0.00924416095280027,0.0
0.0,0.0,3.885460746295679,-0.03603198457144317,0.014557602192901406,0.0
0.0,0.0,3.8289953724791927,-0.03591634300027928,0.02619512904302971,0.0
0.0,0.0,4.157516909996877,-0.026240866888189874,0.015928973517218843,0.0
0.0,0.0,4.189682850177006,-0.01862674201959189,0.010860917268763762,0.0
0.0,0.0,4.061537578330046,-0.017607129522019076,0.006509208577526656,0.0
0.0,0.0,4.017005932931071,-0.008767544490209844,0.0024593845923649507,0.0
0.0,0.0,4.0730804387347685,-0.005840587040021193,0.004263875228403254,0.0
0.0,0.0,4.009046802161515,-0.003103886730588126,0.001619523886792013,0.0
0.0,0.0,3.88303842207261,-0.0017311661184850312,0.00040645707717178035,0.0
0.0,0.0,3.7204954005811475,-0.009873639734964653,0.0019244445930591838,0.0
0.0,0.0,3.813836688183754,-0.006363210587232273,0.00070998786845989,0.0
0.0,0.0,3.867042666298894,-0.007094318482849369,0.0035692499726868014,0.0
0.0,0.0,3.6432115990579996,-0.008708050897126781,0.004576701317883644,0.0
0.0,0.0,3.6071841232775386,-0.005463470010560038,0.0024365167763027605,0.0
0.0,0.0,3.9127797047775794,-0.0024202447765882935,0.0,0.0
0.0,0.0,3.7335385018794627,-0.00041177151839264756,0.0,0.0
0.0,0.0,3.6275385483297997,-0.005103008201993383,0.0,0.0
0.0,0.0,3.815627433781098,-0.006139402795278422,0.0,0.0
0.0,0.0,4.04373650770473,-0.009819199101906057,0.0004899348528521503,0.0
0.0,0.0,4.020500208750621,-0.017645332112598673,0.006269082192060088,0.0
0.0,0.0,4.068205307698504,-0.021070609163263167,0.00540296214263241,0.0
0.0,0.0,4.6013262493856475,-0.025007735541117893,0.004999534534140308,0.0
0.0,0.0,4.7121878404844235,-0.03422525742325619,0.012550786041409875,0.0
0.0,0.0,4.597492792315986,-0.026446531219157344,0.006777985472926065,0.0
0.0,0.0,4.681620211922761,-0.02267363330973609,0.009154767820752792,0.0
0.0,0.0,4.92479157867772,-0.016481324773765797,0.004283492037990411,0.0
0.0,0.0,4.851341024409747,-0.014243311393502633,0.002669766497705085,0.0
0.0,0.0,4.712662712454825,-0.010193859737994575,0.0015361258073313111,0.0
0.0,0.0,4.614812551377669,-0.011106128267655405,0.00779406849887615,0.0
0.0,0.0,4.282567626061803,-0.01955646794836597,0.010080653112886247,0.0
0.0,0.0,4.381623079463371,-0.01455104365381706,0.0036167014708248387,0.0
0.0,0.0,4.3193361411614,-0.007322400130406357,0.002986420929148773,0.0
0.0,0.0,3.9413630377658473,-0.012678477644261615,0.002790436488471309,0.0
0.0,0.0,4.019102616539192,-0.005628163986472387,0.0,0.0
0.0,0.0,4.162870931439068,-0.005440658601791108,0.0009943272707435195,0.0
0.0,0.0,3.699631416677699,-0.014411632353103752,0.006216008635678719,0.0
0.0,0.0,3.820416682347395,-0.015199173719391229,0.0016724939791937696,0.0
0.0,0.0,3.930725821844546,-0.005290688222690563,0.0009864345955579138,0.0
0.0,0.0,3.959248093159812,-0.006085724334190804,0.0023989945082370846,0.0
0.0,0.0,3.9441577486181614,-0.005247589415263517,0.00014309537991433226,0.0
0.0,0.0,4.004333852112589,-0.00956614974616856,0.005588855152238335,0.0
0.0,0.0,3.9471728184587063,-0.012994833536626166,0.007677351088357376,0.0
0.0,0.0,4.185606010961271,-0.00724847562946621,0.0,0.0
0.0,0.0,4.008400678763938,-0.00853386339326752,0.0,0.0
0.0,0.0,4.2866128572756725,-0.011655004401499209,0.0033841378290998883,0.0
0.0,0.0,4.052997040836593,-0.023252592068286844,0.008784722585950658,0.0
0.0,0.0,3.7984801354727793,-0.023789318179448564,0.008166159242432136,0.0
0.0,0.0,3.9182473753198614,-0.014859505438480577,0.002614126402010633,0.0
0.0,0.0,4.260969181436531,-0.002207903728606451,0.0,0.0
0.0,0.0,4.307159898141597,-0.0018617049115987171,0.0,0.0
0.0,0.0,3.8950344654426075,-0.0075875587427964766,0.0012202536703493148,0.0
0.0,0.0,3.7742495039772033,-0.0052085876810030645,0.0,0.0
0.0,0.0,3.905529232582361,0.0,0.0,0.0
0.0,0.0,4.359287079252562,0.0,0.0,0.0
0.0,0.0,3.853025339666279,-0.008873355262382263,0.0,0.0
0.0,0.0,3.9618754838713848,-0.01305720866744033,0.006007312382359913,0.0
0.0,0.0,3.9934665684885737,-0.013164278069547347,0.007535084501332351,0.0
0.0,0.0,4.289635799553703,-0.002999888133100881,0.0018831998146524123,0.0
0.0,0.0,4.57186959188869,-0.004107768724718006,0.0010643003332923295,0.0
0.0,0.0,4.141792049587059,-0.009620408890827221,0.002433801742957872,0.0
0.0,0.0,4.308047005520928,-0.007301846216705018,8.07508527287229e-05,0.0
0.0,0.0,4.527054929487894,-0.011209788742105523,0.0015685193207822946,0.0
0.0,0.0,4.138941071177803,-0.012909393276565036,0.00036178075145788303,0.0
0.0,0.0,4.116842715710912,-0.009416181172124496,0.0,0.0
0.0,0.0,4.56431241558443,-0.009401014008072316,0.0,0.0
0.0,0.0,4.042568393321429,-0.014272226129859724,0.0,0.0
0.0,0.0,4.195913631783595,-0.007398354072895075,0.00035359106661831335,0.0
0.0,0.0,4.212450576296687,-0.00945726739706617,0.0005008889512784582,0.0
0.0,0.0,3.794111488797307,-0.016752105999298765,0.004651391292237128,0.0
0.0,0.0,4.057265720083907,-0.0070496956290472534,0.0,0.0
0.0,0.0,4.1689573481125555,-0.0042538606314081896,0.0,0.0
0.0,0.0,3.9650259951744418,-0.006239848329005331,0.0,0.0
0.0,0.0,4.209941819320851,0.0,0.0,0.0
0.0,0.0,4.327981947520246,0.0,0.0,0.0
0.0,0.0,4.40717728490592,-0.00025922368442021126,0.0,0.0
0.0,0.0,4.451353450803273,-0.005365184032664954,0.003122486911970986,0.0
0.0,0.0,4.955769622430046,-0.013757427297885538,0.010941759081742494,0.0
0.0,0.0,4.980855957452336,-0.02542825392645095,0.014699939050492442,0.0
0.0,0.0,5.077727550792273,-0.02539092931232715,0.005651900374252418,0.0
0.0,0.0,5.135713209230697,-0.02125385653039772,0.004830969520117342,0.0
0.0,0.0,5.088094395443964,-0.015876941096057483,3.9418340866701274e-05,0.0
0.0,0.0,5.139252468190053,-0.010646982672027483,0.00023535909185390955,0.0
0.0,0.0,5.148565680125969,-0.010133094952003865,0.006436445920343573,0.0
0.0,0.0,4.965613943320878,-0.014497175411078828,0.0054430495730847924,0.0
0.0,0.0,5.0203546924653315,-0.011459387487626985,0.006286943079601528,0.0
0.0,0.0,5.005202098311131,-0.014109768575329895,0.009632171104063716,0.0
0.0,0.0,4.7418849886414245,-0.011760036924661932,0.006019059432542171,0.0
0.0,0.0,4.901252629654751,-0.009808811192899669,0.00549636940707202,0.0
0.0,0.0,4.462490117822187,-0.009051610124341653,0.002252396913187325,0.0
0.0,0.0,4.603101189935602,-0.00012064201874035112,0.0,0.0
0.0,0.0,4.7226096815370635,0.0,0.0,0.0
0.0,0.0,4.803264150776457,0.0,0.0,0.0
0.0,0.0,4.534307327876594,-0.0035863918037929757,0.003161571623671556,0.0
0.0,0.0,4.815475286322181,-0.00032277980738337634,0.0,0.0
0.0,0.0,5.236793363697251,-0.014915241586863758,0.004591456511160189,0.0
0.0,0.0,4.988942419801768,-0.035833711208238264,0.017806824085600588,0.0
0.0,0.0,4.670234051283144,-0.04892811721288244,0.029485880673617182,0.0
0.0,0.0,4.744898376000722,-0.035812806400481845,0.017143224831057756,0.0
0.0,0.0,5.338329820406637,-0.021698669276019496,0.00585712390865389,0.0
0.0,0.0,4.815545451696539,-0.01975160274222316,0.006860885284798808,0.0
0.0,0.0,4.397152413234407,-0.013630265408378889,0.0006254232170480496,0.0
0.0,0.0,4.318176244389624,-7.8144127866677e-07,0.0,0.0
0.0,0.0,4.683038465552548,0.0,0.0,0.0
0.0,0.0,4.611013501426047,0.0,0.0,0.0
0.0,0.0,4.2686827628837545,-0.0032238789683044855,0.0042442487333352475,0.0
0.0,0.0,4.023847032113926,-0.012064885412038952,0.012047873037479688,0.0
0.0,0.0,4.36841723641946,-0.003131488557488253,0.003921305812940459,0.0
0.0,0.0,4.737883299267016,0.0,0.0,0.0
0.0,0.0,4.761191523700395,0.0,0.0,0.0
0.0,0.0,4.7616475817824195,0.0,0.0,0.0
0.0,0.0,4.927226497753069,0.0,0.0,0.0
0.0,0.0,5.548451553351823,0.0,0.0,0.0
0.0,0.0,5.158569550713881,-0.013436355714310491,0.006786675751310286,0.0
0.0,0.0,5.066208873845636,-0.026464589087078372,0.019719438045480903,0.0
0.0,0.0,5.066208873845636,-0.026464589087078372,0.019719438045480903,0.0
0.0,0.0,5.08172062462522,-0.03858412438142826,0.03344566099295142,0.0
0.0,0.0,4.742197427881387,-0.04361328819864088,0.031588131248607584,0.0
0.0,0.0,5.036614008903763,-0.010081186589342202,0.009079538604905563,0.0
0.0,0.0,5.100895730502797,0.0,0.0,0.0
0.0,0.0,4.541374886632637,0.0,0.0,0.0
0.0,0.0,4.575311188620029,0.0,0.0,0.0
0.0,0.0,4.488790379781264,-0.0034947239538403356,0.010067088605233972,0.0
0.0,0.0,4.733399342814586,-0.0008831070395623209,0.010395484483297787,0.0
0.0,0.0,4.680188635824182,-0.005128265803394272,0.018996948701544246,0.0
0.0,0.0,4.694948531768645,-0.005101799185131135,0.021871095088720833,0.0
0.0,0.0,4.996147049331812,-0.0012584893259871518,0.018954280047169474,0.0
0.0,0.0,4.857381704513466,-0.0009720397637401023,0.01307241320373996,0.0
0.0,0.0,4.832279230244204,0.0,0.0060206586452349956,0.0
0.0,0.0,4.929276148226524,0.0,0.0061129791027563565,0.0
0.0,0.0,4.666212256965405,0.0,0.002947430468531097,0.0
0.0,0.0,4.68471015539815,-0.0022929741617276197,0.009170451678908259,0.0
0.0,0.0,4.433245555868894,-0.007973197825164997,0.012682362978999212,0.0
0.0,0.0,4.487720866010773,-0.0050692013451523145,0.012791086942254604,0.0
0.0,0.0,4.538444321207999,-0.0009714377103041165,0.012919832398724762,0.0
0.0,0.0,4.435637514787912,-0.0019757786862092588,0.015277234760793106,0.0
0.0,0.0,4.381422645595313,-0.0004129518134167555,0.008639907934540022,0.0
0.0,0.0,4.473605049157491,0.0,0.0,0.0
0.0,0.0,4.812259435211667,0.0,0.0,0.0
0.0,0.0,4.697352721705123,0.0,0.003739437941540648,0.0
0.0,0.0,4.585907605939662,-0.007435601516200835,0.011238136011112532,0.0
0.0,0.0,4.538472442989497,-0.009500359145222863,0.016949972631447402,0.0
0.0,0.0,5.254752392173516,0.0,0.007435856953369774,0.0
0.0,0.0,5.078953113852338,-0.008970142253886721,0.019530622301168733,0.0
0.0,0.0,4.973461836214197,-0.01080864304304779,0.018442935133107945,0.0
0.0,0.0,4.67768155365992,-0.010249344934057162,0.013717072391026524,0.0
0.0,0.0,5.0297684815428125,0.0,0.0003201098701352297,0.0
0.0,0.0,5.461134522282333,0.0,0.0,0.0
0.0,0.0,4.828970935022502,-0.0009478662993411535,0.0026734813811358804,0.0
0.0,0.0,4.745356577303987,-0.0031740795860005625,0.009904909316303367,0.0
0.0,0.0,4.685794286151488,-0.002716586227379366,0.016174046140266445,0.0
0.0,0.0,4.822568611896331,0.0,0.009503142833032876,0.0
0.0,0.0,4.871872556086097,0.0,0.010588710795503128,0.0
0.0,0.0,4.451158839110516,0.0,0.00816228345233003,0.0
0.0,0.0,4.7836799088452455,0.0,0.0008403664950664611,0.0
0.0,0.0,5.230126322189859,0.0,0.0,0.0
0.0,0.0,5.284776930873546,0.0,0.0,0.0
0.0,0.0,5.294709054903936,0.0,0.005039911937409788,0.0
0.0,0.0,5.532241953214422,-0.00678384592264,0.01881865558835354,0.0
0.0,0.0,5.124038430261676,-0.011818238588982122,0.025700478448851916,0.0
0.0,0.0,6.000925066741944,0.0,0.013222406375347056,0.0
0.0,0.0,6.001047215570122,0.0,0.01356208067089903,0.0
0.0,0.0,5.575850864132701,-0.009720553624125041,0.01516945174569238,0.0
0.0,0.0,5.851190352285181,-0.004089363196648665,0.010456603098093875,0.0
0.0,0.0,5.437553072688123,-0.003596465085691845,0.010183239999098514,0.0
0.0,0.0,5.9791067510517655,0.0,0.001745544883931236,0.0
0.0,0.0,5.173665490966121,0.0,0.00518347141555431,0.0
0.0,0.0,5.511698043496171,0.0,0.009650040528242152,0.0
0.0,0.0,5.511698043496171,0.0,0.009650040528242152,0.0
0.0,0.0,5.868450501579316,0.0,0.00620869576333267,0.0
0.0,0.0,5.759837391245034,-2.9466495337265615e-05,0.0067323309001723645,0.0
0.0,0.0,5.9110090766247945,-0.0008081715649501098,0.006165761453071654,0.0
0.0,0.0,5.64678514010333,-0.0006248257295098719,0.011851535699619876,0.0
0.0,0.0,5.604124215570952,-0.002863956916440474,0.009928403425080515,0.0
0.0,0.0,5.325528784371682,-0.0016323500291641475,0.009382428801788939,0.0
0.0,0.0,5.43660779904597,0.0,0.0029429605182819908,0.0
0.0,0.0,5.258318129545893,0.0,0.0,0.0
0.0,0.0,4.997226837214584,0.0,0.0,0.0
0.0,0.0,5.1838661051222905,0.0,0.0,0.0
0.0,0.0,5.007347437502366,0.0,0.0,0.0
0.0,0.0,4.698155632938004,0.0,0.0006081770775130297,0.0
0.0,0.0,4.802313785363001,0.0,0.0008439968754347865,0.0
0.0,0.0,5.521217989982872,0.0,0.0,0.0
0.0,0.0,5.220172718739559,0.0,0.004236077884984385,0.0
0.0,0.0,4.933829065143542,0.0,0.002583503801463222,0.0
0.0,0.0,4.952284019189799,0.0,0.0,0.0
0.0,0.0,5.524437355947181,0.0,0.0,0.0
0.0,0.0,5.199688405215348,0.0,0.0,0.0
0.0,0.0,4.8827110842254875,-0.0031717691289909105,0.0034704325183026693,0.0
0.0,0.0,5.111505520873738,0.0,0.0,0.0
0.0,0.0,5.413959093873183,0.0,0.0,0.0
0.0,0.0,5.436087630556935,0.0,0.0,0.0
0.0,0.0,5.034149920892218,0.0,0.0,0.0
0.0,0.0,5.143740680567453,0.0,0.0,0.0
0.0,0.0,5.785762656235863,0.0,0.0,0.0
0.0,0.0,5.777488783948526,0.0,0.0,0.0
0.0,0.0,5.4276095776943345,-0.009804757041584579,0.012451493626135447,0.0
0.0,0.0,5.863300325342365,-0.0006073772729583928,0.008732426943662374,0.0
0.0,0.0,5.863300325342365,-0.0006073772729583928,0.008732426943662374,0.0
0.0,0.0,5.449172045298701,-0.007216971830659283,0.004419386067024021,0.0
0.0,0.0,5.215203154734947,-0.0010103642148341172,0.0053209259397279515,0.0
0.0,0.0,5.731531550716739,0.0,0.00102822664103143,0.0
0.0,0.0,5.877640947612474,0.0,0.0003274394731124402,0.0
0.0,0.0,5.2301402752604575,0.0,0.006554876624873392,0.0
0.0,0.0,5.162184636549152,-0.0006698964537911306,0.01047042263845458,0.0
0.0,0.0,5.462681322279611,0.0,0.016533797335837715,0.0
0.0,0.0,5.556239863106376,0.0,0.012631766519790871,0.0
0.0,0.0,5.230544448145035,-0.002084496402981296,0.01638803507202242,0.0
0.0,0.0,4.951600478188445,0.0,0.01744630395195025,0.0
0.0,0.0,5.163788153800709,0.0,0.003131860523704315,0.0
0.0,0.0,5.438557097723411,0.0,0.0,0.0
0.0,0.0,5.080264120203649,0.0,0.002666251018938579,0.0
0.0,0.0,5.140079885251038,0.0,0.005280450673961527,0.0
0.0,0.0,5.362950263747733,0.0,0.012352147149552024,0.0
0.0,0.0,5.223174734928068,0.0,0.005805529952766179,0.0
0.0,0.0,5.33110820800874,0.0,0.011398715766123184,0.0
0.0,0.0,5.028073148882279,-8.588299032139839e-05,0.010943391668565481,0.0
0.0,0.0,5.364193193212732,0.0,0.007981120136910023,0.0
0.0,0.0,5.203382492253524,0.0,4.605982173258391e-05,0.0
0.0,0.0,5.690756548064689,0.0,0.0035964472356152044,0.0
0.0,0.0,5.573908682390311,0.0,0.008395841780209093,0.0
-0.025318999903917026,0.0,5.20384087983199,-0.006502119370528364,0.014060794541722724,0.0
0.0,0.0,5.771833575766014,0.0,0.007827103661149472,0.0
0.0,0.0,5.760539889228118,0.0,0.024274850477801833,0.0
-0.005930524282822415,0.0,5.18759745008507,-0.004804005254625361,0.012684265325220762,0.0
0.0,0.0,5.38015633630785,0.0,0.006446526382163883,0.0
0.0,0.0,5.475766822813888,0.0,0.0016908999063949982,0.0
0.0,0.0,5.957162559325752,0.0,0.001615186956804236,0.0
0.0,0.0,5.2454862539831195,0.0,0.0035275640211424155,0.0
0.0,0.0,4.879409443866989,0.0,0.0,0.0
0.0,0.0,5.85507568648661,0.0,0.000353095173458044,0.0
0.0,0.0,5.684609636729789,0.0,0.010313240171225462,0.0
-0.12085558831474161,0.0,4.982803265370999,-0.00869668800829532,0.02084820964429613,0.0
-0.019949022603004157,0.0,4.642074375530937,-0.013279647529483038,0.018554375695578395,0.0
0.0,0.0,5.454015188600179,0.0,0.013683369495683296,0.0
0.0,0.0,5.194706688571457,0.0,0.012001389153338418,0.0
0.0,0.0,4.709627431943591,0.0,0.007825398080812252,0.0
0.0,0.0,4.511460673796959,0.0,0.0008629571628168828,0.0
0.0,0.0,5.13161014748186,0.0,0.0,0.0
0.0,0.0,5.0102071983263965,0.0,0.0,0.0
0.0,0.0,4.445952762096303,0.0,0.00022949656461197345,0.0
0.0,0.0,4.627935404908852,0.0,0.0012335207983970396,0.0
0.0,0.0,4.825679172695622,0.0,0.006150836622314098,0.0
0.0,0.0,5.232865354754116,0.0,0.010904693948640217,0.0
-0.08184211246707375,0.0,4.429284977355285,-0.0036806009131442733,0.013963292475286887,0.0
0.0,0.0,4.387783715858151,0.0,0.004731782378291015,0.0
0.0,0.0,5.115165979300666,0.0,0.00020056641808296934,0.0
0.0,0.0,4.678401416488422,0.0,0.0024505635328996135,0.0
0.0,0.0,4.197808703943377,0.0,0.0,0.0
0.0,0.0,4.761154055202967,0.0,0.0,0.0
0.0,0.0,5.34728402559107,0.0,0.0,0.0
0.0,0.0,5.069695630934086,0.0,0.011569404218322673,0.0
-0.20487710534051468,0.0,4.70399685505098,-0.009042958211710457,0.026177737218643016,0.0
-0.39035080823368645,0.0,4.528353263634708,-0.018761913342178742,0.03171798714651234,0.0
0.0,0.0,4.901233998890474,0.0,0.01945237771374147,0.0
0.0,0.0,5.137389193040993,0.0,0.00939951480592224,0.0
0.0,0.0,4.376949531399427,0.0,0.0021842715550308743,0.0
0.0,0.0,4.710663952290033,0.0,0.0,0.0
0.0,0.0,5.110905840335826,0.0,0.0,0.0
0.0,0.0,4.75977310782137,0.0,0.008037946188307409,0.0
0.0,0.0,4.290221667053568,0.0,0.006557037770277821,0.0
0.0,0.0,4.672158263897089,0.0,0.012320219117398654,0.0
0.0,0.0,4.9460035222436876,0.0,0.005753942107669623,0.0
0.0,0.0,4.67426526338136,0.0,0.010679307209684848,0.0
0.0,0.0,4.1180121649635995,0.0,0.005766194442608711,0.0
0.0,0.0,4.602812710646289,0.0,0.0,0.0
0.0,0.0,4.600517451049486,0.0,0.0018279248106452656,0.0
0.0,0.0,4.600517451049486,0.0,0.0018279248106452656,0.0
0.0,0.0,4.353974418578027,0.0,0.010177451946166515,0.0
0.0,0.0,4.913556252299779,0.0,0.014485074143288201,0.0
-0.022259566269112588,0.0,4.186961656513501,0.0,0.02177694475102992,0.0
0.0,0.0,3.956758292088117,0.0,0.012057765527546945,0.0
0.0,0.0,4.488670898968863,0.0,0.005359686890786204,0.0
0.0,0.0,4.754320219247099,0.0,0.0035824966918209036,0.0
0.0,0.0,4.258240165328862,0.0,0.013724303142930851,0.0
0.0,0.0,4.045952912761742,0.0,0.008138669689877014,0.0
0.0,0.0,4.615430326822905,0.0,0.01014372504939511,0.0
-0.04836285750752962,0.0,4.681402627315711,0.0,0.01329330221550172,0.0
-0.3342106172421985,0.0,4.394385294887921,0.0,0.016405218214771394,0.0
0.0,0.0,3.779286966565391,0.0,0.013645328201287004,0.0
0.0,0.0,4.709936283634464,0.0,0.00046930138310163243,0.0
0.0,0.0,4.661362573742146,0.0,0.0031111179566927585,0.0
0.0,0.0,4.232010980209681,0.0,0.002496256031943671,0.0
0.0,0.0,4.370363819416722,0.0,0.0,0.0
0.0,0.0,4.951642637622127,0.0,0.0020725740517494548,0.0
0.0,0.0,4.969922179199611,0.0,0.007791151221864479,0.0
-0.00018242879517048466,0.0,4.5602430012752855,0.0,0.019585287831432468,0.0
-0.40056381413850434,0.0,4.358695965117764,-0.004761965852416459,0.024606087462182038,0.0
-0.12696879959977178,0.0,4.455467172177746,-0.0030487797575812097,0.0323999009989762,0.0
0.0,0.0,4.752727136524404,0.0,0.011344619958636367,0.0
0.0,0.0,3.9601844073955896,0.0,0.013154749643937178,0.0
0.0,0.0,3.83474421437353,0.0,0.0,0.0
0.0,0.04396754300982278,4.2074241815256626,0.008469879109246702,0.0,0.0
0.0,0.03760585340100995,4.33595480467255,0.002550343434193965,0.0,0.0
0.0,0.0,3.481135404510492,0.0,0.0038622975098365777,0.0
0.0,0.0,3.332896461950694,0.0,0.005625727134655529,0.0
0.0,0.0,3.6340682454304805,0.0,0.010444110890965292,0.0
0.0,0.0,3.4458793914823302,0.0,0.018507122402092888,0.0
0.0,0.0,3.2562162119896647,0.0,0.0074137909380238036,0.0
0.0,0.0,2.9840995500895215,0.0,0.0,0.0
0.0,0.8362954160780145,3.5739483009386235,0.0190318230086864,0.0,0.0
0.0,0.45461869558228835,3.8317236437794113,0.032275183620852015,0.0,0.0
0.0,0.04727025226874387,3.564668946114768,0.004655138798272703,0.0,0.0
0.0,0.0,3.2658563723187206,0.0,0.002792705263837809,0.0
0.0,0.0,3.9445829199680036,0.0,0.010003482544820873,0.0
-0.2368809319655636,0.0,4.00867870276156,0.0,0.03383580504783853,0.0
-0.515243098440594,0.0,3.31923192149291,-0.014971737833645277,0.038241791104684765,-0.00011126027319408865
0.0,0.0,3.7928725453834446,0.0,0.019797085162751756,0.0
0.0,0.0,4.175850223733244,0.0,0.007505916588758476,0.0
0.0,0.0,4.196073466070464,0.0,0.0004157617235512509,0.0
0.0,0.0,3.6314469975977266,0.0,0.0,0.0
0.0,0.0,3.781871826426304,0.0,0.0,0.0
0.0,0.0,4.130513502922078,0.00015503964761436092,0.0,0.0
0.0,0.0,3.9907032842319525,0.0,0.008632233167115793,0.0
-0.04557679273609514,0.0,3.278292241913337,0.0,0.020132124454980915,-0.0019560612495872825
0.0,0.0,3.5665976185885775,0.0,0.011435325197440345,0.0
0.0,0.0,3.4419953408346067,0.0,0.010307474763186582,0.0
0.0,0.0,3.4419953408346067,0.0,0.010307474763186582,0.0
0.0,0.0,3.245220928284283,0.0,0.0,-0.0014905673078288181
0.0,0.09030348340965302,3.6595468602261128,0.008027194019903018,0.0,0.0
0.0,0.0,3.8506824970466362,0.004279729832133534,0.0,0.0
0.0,0.0,3.713127447831765,0.0,0.002186982180568959,-0.0008013553459135172
0.0,0.0,3.713127447831765,0.0,0.002186982180568959,-0.0008013553459135172
0.0,0.0,3.9860703984271337,0.0,0.014146356019897017,0.0
0.0,0.0,4.099229265642065,0.0,0.004934607661520918,-0.001313541733179507
0.0,0.0,3.7484692732620757,0.0,0.011067652281654834,-0.0002882186172669252
0.0,0.0,3.827135874678086,0.0,0.0,0.0
0.0,0.0,3.7945687052494614,0.0,0.0,0.0
0.0,0.0,3.852819532077452,0.0,0.005319324428624759,-0.00013188502061863773
0.0,0.0,3.3628184722167935,0.0,0.014274949945961592,0.0
0.0,0.0,3.3244148543378094,0.0,0.015679832550726053,0.0
0.0,0.0,3.3881916959869423,0.0,0.011754807386792751,0.0
0.0,0.0,3.3094440772504425,0.0,0.005880063837634934,0.0
0.0,0.0,3.484515808493029,0.0,0.001174431058182224,0.0
0.0,0.2392054516329507,3.387690649364335,0.0024449729893425646,0.0,0.0
0.0,0.1666727340874746,3.8290595905228733,0.008633630059766636,0.0,0.0
0.0,0.0,3.5773314357817916,0.0,0.0030059706039682454,0.0
0.0,0.0,3.1753329935333183,0.0,0.017591846697324193,-1.1440491562473596e-05
-0.15591898932350245,0.0,3.0847013352012103,0.0,0.02338111036099142,0.0
0.0,0.0,3.3937991501177556,0.0,0.016636995485176866,0.0
0.0,0.018397300136417095,3.47964788995496,0.0,0.012048227478741444,0.0
0.0,0.0,3.1428137457536143,0.0005040604132747915,0.00963704881623589,0.0
0.0,0.20257866924276352,3.232860507895461,0.009750843010016353,0.0,0.0
0.0,0.1317802465841364,3.5930165285988993,0.018309507063910078,0.0,0.0
0.0,0.0,3.7528729361038478,8.767533147031347e-05,0.0,0.0
0.0,0.0,3.2198871253039036,0.0,0.01273049813399552,0.0
0.0,0.0,3.3342776802168395,0.0,0.017089505371499596,0.0
0.0,0.0,3.6231165263983227,0.0,0.01625419780208029,0.0
0.0,0.0,3.4988430731189353,0.0,0.015264388169739618,0.0
0.0,0.0,3.2089437282199107,0.0,0.005142117921900861,0.0
0.0,0.09035986908724822,3.1861250390080076,0.0021039759957159603,0.0,0.0
0.0,0.39631849156635923,3.7644685181698145,0.019932968503317546,0.0,0.0
0.0,0.0,3.6451626752657353,0.003989709067659125,8.286311568036265e-05,0.0
0.0,0.0,3.270949904072438,0.0,0.004526114577895953,0.0
0.0,0.0,3.0963357241865475,0.0,0.013584982539553703,0.0
-0.0304003025901451,0.0,3.615288849998541,0.0,0.015152277512569073,0.0
0.0,0.0,3.2134787871768014,0.0,0.017798775371359835,0.0
0.0,0.0,3.0523547833488376,0.0,0.013513444383405664,0.0
0.0,0.0,3.139231075764033,0.0,0.002061062272856039,0.0
0.0,0.0,3.1125360864728515,0.0020814950245753574,0.0024348386080190318,0.0
0.0,0.09334625953388484,2.990247564567346,0.011166677336958877,0.0,0.0
0.0,0.06951738549433727,3.052574638133087,0.011454259398758255,0.0,0.0
0.0,0.0,3.0533046911561064,0.0004121099330227572,0.000756668123685854,0.0
0.0,0.0,3.0299430010284896,0.0,0.0012464872649057652,0.0
0.0,0.0,3.1913265096869514,0.0,0.004750833402373015,0.0
0.0,0.0,2.999892030081745,0.0,0.01922056466948424,0.0
0.0,0.0,3.2443491771477633,0.0,0.004019000955072397,0.0
0.0,0.0,3.2443491771477633,0.0,0.004019000955072397,0.0
0.0,0.0,3.2775187029163946,0.0024104593387342097,0.0,0.0
0.0,0.0,3.1755745589563604,0.0,0.0033897422107909358,0.0
0.0,0.0,3.0133291090281964,0.0,0.0001581021209686749,0.0
0.0,0.0,3.2732927487968753,0.001071310515195573,0.0,0.0
0.0,0.0,3.3293127209613465,0.0,0.007108481309404148,0.0
0.0,0.0,3.227301450133102,0.0,0.01164357115358217,0.0
-0.004662374804727009,0.0,3.114466909101142,0.0,0.01601526974185477,0.0
0.0,0.0,3.020338785976965,0.0,0.016494158739080698,0.0
0.0,0.0,3.230978142013444,0.0,0.017392211791863614,0.0
0.0,0.0,3.2621830022955636,0.0,0.019558297082516135,0.0
0.0,0.0,2.9240828183146377,0.0,0.012491886767506667,0.0
0.0,0.0,3.1848380263496026,0.0,0.007358592999179197,0.0
0.0,0.0,3.4441953796358624,0.0,0.0066679097100756255,0.0
0.0,0.0,3.0719729153623154,0.0,0.013235166079450184,0.0
-0.033500950458640065,0.0,2.6027536279043977,0.0,0.015605042114318795,0.0
0.0,0.0,3.2579405467651186,0.0,0.007298944730806997,0.0
0.0,0.0,3.457216681530987,0.0,0.00885178911254898,0.0
0.0,0.0,3.0625185278924225,0.0,0.010958169004604338,0.0
0.0,0.0,2.7550352481377076,0.0,0.009179791425127183,0.0
0.0,0.0,2.9473648354420545,0.0,0.004986951788367803,0.0
0.0,0.0,3.080563764889688,0.0,0.00750807692991622,0.0
0.0,0.0,2.6346706600569125,0.0,0.007983488241737693,0.0
0.0,0.0,2.461582135205894,0.0,0.0036012891872396037,0.0
0.0,0.3224747587728153,2.6053310939559937,0.014239544498151485,0.0,0.0
0.0,0.4649742900674898,2.898022343281415,0.029834043035664937,0.0,0.0
0.0,0.16289236065995868,2.6726344796117067,0.012922219242843739,0.0,0.0
0.0,0.0,2.667486633010272,0.005992470286352203,0.001196501981228278,0.0
0.0,0.0,2.8259075144112424,0.0,0.0032496620382315563,0.0
0.0,0.0,3.048687053661079,0.0,0.008157888496163779,0.0
0.0,0.0,2.7218031722281473,0.0,0.00022924481849242306,0.0
0.0,0.0,2.626718561926342,0.0,0.0,0.0
0.0,0.0,3.0081888478862226,0.0,0.0,0.0
0.0,0.0,3.1098163786703,0.00454685600926788,0.0,0.0
0.0,0.0,3.074946215557314,0.000890438182274449,0.0,0.0
0.0,0.0,3.04551283665455,0.0,0.0005131060728611454,0.0
0.0,0.0,3.533324700999151,0.0,0.005678915571820585,0.0
0.0,0.0,3.0323857396479927,0.0,0.01463142988288016,0.0
0.0,0.0,2.8987116753293014,0.0,0.011782096116321254,0.0
0.0,0.0,2.8765416434210147,0.0,0.019415496367381206,0.0
0.0,0.0,2.929831526095033,0.0,0.010668104817064919,0.0
0.0,0.0,2.6535169080229295,0.0,0.007981908014573704,0.0
0.0,0.0,2.510240209703878,0.008331368904652766,0.0,0.0
0.0,0.41570826500491015,2.453392580154841,0.019638049333979342,0.0,0.0
0.0,0.5748178199232942,2.4808364362954274,0.02154418656193586,0.0,0.0
0.0,0.0,2.150447050320566,0.002983079212608669,0.00013390206814523631,0.0
0.0,0.0,2.437202742322142,0.0001708878612834784,0.0,0.0
0.0,0.0,2.5462639422735722,0.0,0.006072029084430662,0.0
0.0,0.0,2.5316975408875164,0.0,0.018761276283240876,0.0
0.0,0.0,2.2461986848141384,0.0,0.017769894852419164,0.0
0.0,0.0,2.772064385573219,0.0,0.010161386313880002,0.0
0.0,0.0,2.9249438230012936,0.0017191255848647234,0.005656935219179059,0.0
0.0,0.0,2.774630829530076,0.0,0.009789869683187442,0.0
0.0,0.0,2.865672225563733,0.0,0.01224500752828903,0.0
0.0,0.0,3.1054376714678615,0.0,0.010217438433614449,0.0
0.0,0.0,2.945522573768217,0.0,0.0095273954892588,0.0
0.0,0.0,2.8786063532027404,0.0,0.014382940879295642,0.0
0.0,0.0,2.8889415155717293,0.0,0.013281041570919342,0.0
0.0,0.0,2.9879643565135745,0.0,0.011446839902089674,0.0
0.0,0.0,2.850635275501379,0.0,0.007534561350363745,0.0
0.0,0.0,2.979626943063733,0.0,0.002189225904776065,0.0
0.0,0.0,2.6701785309578656,0.0,0.006771782128771513,0.0
0.0,0.0,2.7387598116022396,0.0,0.005611649636097475,0.0
0.0,0.0311736451997315,2.7958858649662743,0.003427909520493514,0.00011885143831472679,0.0
0.0,0.15408432021263624,2.830455530557061,0.005078518689072566,0.0,0.0
0.0,0.0,2.77275389217693,0.0,0.0033778485195355154,0.0
0.0,0.0,2.7866511037037065,0.0,0.0019988913719354478,0.0
0.0,0.0,3.076136276446749,0.004191425100172736,0.0025450115858641252,0.0
0.0,0.0,3.0833620512980087,0.0,0.011304190670186254,0.0
0.0,0.0,3.0833620512980087,0.0,0.011304190670186254,0.0
0.0,0.0,2.7657764778207032,0.0,0.00913004821807972,0.0
0.0,0.0,2.7657764778207032,0.0,0.00913004821807972,0.0
0.0,0.0,2.8098510129413965,0.0,0.008624487677808896,0.0
0.0,0.0,2.8098510129413965,0.0,0.008624487677808896,0.0
0.0,0.09895069597921871,2.3821690235388084,0.00039442069655213214,0.00046057073508016676,0.0
0.0,0.06885726090172217,2.6248903293681027,0.011179817538427912,0.0,0.0
0.0,0.0,2.1096381786422658,0.004651398630701433,0.0027841213373732874,0.0
0.0,0.0,2.155231928576687,0.0004413723709128838,0.004248840699590467,0.0
0.0,0.0,1.8711370419417779,0.0,0.010032819895512001,0.0
0.0,0.0,1.883612464747302,0.0,0.007177607452820978,0.0
0.0,0.0,1.8989694734799965,0.0,0.006190553009276214,0.0
0.0,0.09456123715773748,1.8585346495685549,0.005049117207816997,0.0,0.0
0.0,0.47831490712678393,1.8817265902849702,0.014137217102143707,0.0,0.0
0.0,0.6232362069417291,2.0965511282770253,0.022842414038945585,0.0,0.0
0.0,0.3599077249366762,2.1091888852753446,0.01569183440523853,0.0,0.0
0.0,0.1342385893614481,2.1854520497290078,0.007090441616442275,0.0,0.0
0.0,0.0,2.4254213876662627,0.0,0.0038748292256591673,0.0
0.0,0.0,2.2790871747820205,0.0,0.02187498850669118,0.0
0.0,0.0,2.426570110821233,0.0,0.02505665774896959,0.0
-0.1365611923456434,0.0,2.3731914101638725,-0.0021471728505567987,0.028522198327232035,0.0
0.0,0.0,2.457314908410587,0.0,0.010841586339468301,0.0
0.0,0.0,2.8769220805442126,0.0,0.002510578854524611,0.0
0.0,0.07022100276794833,2.710253069947517,0.0007229491993098853,0.0,0.0
0.0,0.0783992609662458,2.7662956049367784,0.0020411481597074643,0.0,0.0
0.0,0.0,2.6629556900853215,0.0002660941681595765,0.004554584472572297,0.0
0.0,0.0,2.608795850232379,0.0,0.008783607254087009,0.0
0.0,0.0,2.5985398714597014,0.0,0.01407904117830397,0.0
0.0,0.0,2.589548380084342,0.0,0.018338872737168315,0.0
0.0,0.0,2.5215688338069366,0.0,0.00939857521315472,0.0
0.0,0.0,2.6211716590795207,0.0,0.001522917461508845,0.0
0.0,0.0,2.720022424462482,0.000386346167343245,0.0,0.0
0.0,0.13183203695958637,2.4286824344470084,0.0,0.0,0.0
0.0,0.06809053360222614,2.542859571342013,0.01095801978032926,0.0,0.0
0.0,0.0,2.487826370421691,0.005715302655057645,0.002499977746237031,0.0
0.0,0.0,2.361654551995007,0.0004382392345809756,0.01394839675858744,0.0
0.0,0.0,2.305039642547511,0.0,0.011095256275814487,0.0
0.0,0.0,2.5132805474017568,0.0,0.011188672761772815,0.0
0.0,0.0,2.310693495668481,0.0,0.01520295245701439,0.0
0.0,0.0,2.565539890788788,0.0,0.0,0.0
0.0,0.07663027955817465,2.7728104957163793,0.0006021034042049164,0.0,0.0
0.0,0.0,3.1562262998176065,0.0,0.004218050818372844,0.0
0.0,0.0,2.77538307067818,0.0,0.02056881079859462,0.0
0.0,0.0,2.4288302535165682,0.0,0.023404796397897654,0.0
0.0,0.0,2.611039214745395,0.0,0.010808656739645872,0.0
0.0,0.05132172176376189,2.748770284141341,0.0,0.007953447071267054,0.0
0.0,0.0,2.5052096580828884,0.0,0.005552424737068124,0.0
0.0,0.0,2.4482191355946297,0.0,0.0060353002257291545,0.0
0.0,0.0,2.785903491478532,0.0,0.004300008624803148,0.0
0.0,0.08596206016001708,2.7416345950041663,0.0,0.004673099010561224,0.0
0.0,0.0,2.756165864860822,0.0,0.001751234286582029,0.0
0.0,0.025920031328705462,2.689826998973344,0.0,0.0014290772665073634,0.0
0.0,0.0,2.8085345460759523,0.0,0.009824471889382392,0.0
0.0,0.0,2.763135230233202,0.0,0.010455902262591805,0.0
0.0,0.0,2.49700587105099,0.0,0.009996851175531136,0.0
0.0,0.06995441926193094,2.5186602440843116,0.0,0.005351221838314621,0.0
0.0,0.051686900993712884,2.289135699084683,0.0,0.0063693840891409555,0.0
0.0,0.12063184923693837,2.3418544833351396,0.0,0.005515413065828236,0.0
0.0,0.47661543174734977,2.505161925063193,0.005415062480657708,0.0,0.0
0.0,0.5126192382765346,2.366472224831255,0.003457328839302166,0.0,0.0
0.0,0.21908480179886394,2.357502594903864,0.004110242781126626,0.0,0.0
0.0,0.042453223836139704,2.3380761774596026,0.0004961907065677439,0.001031197615179937,0.0
0.0,0.0,2.1781111017801322,0.0,0.008455361585641632,0.0
0.0,0.0,2.1887190704128554,0.0,0.004235178859088847,0.0
0.0,0.042757909402813356,2.406554845761417,0.0,0.0034382193133665924,0.0
0.0,0.0,2.054200099203846,0.0,0.007764555222204497,0.0
0.0,0.0,2.2238270769163684,0.0,0.005524382506838456,0.0
0.0,0.0,2.4929905660711116,0.0,0.003625255396593871,0.0
0.0,0.0,2.389951799033972,0.0,0.008489344451101954,0.0
0.0,0.0,2.390186245987372,0.0,0.0076662448838493834,0.0
0.0,0.0,2.4812404418934704,0.0,0.007596963554265482,0.0
0.0,0.0,2.5362580457248773,0.0,0.011192430385774743,0.0
0.0,0.0,2.5401284984192296,0.0,0.006679071818290519,0.0
0.0,0.0,2.5417054029813264,0.0,0.008291161776969116,0.0
0.0,0.0,2.187661198428426,0.0,0.015660368469800172,0.0
0.0,0.0,2.050012553599453,0.0,0.005774658111572557,0.0
0.0,0.0,2.2050637032404823,0.0,0.0007187596789692901,0.0
0.0,0.0,1.8458729729476562,0.0,0.005972821570947989,0.0
0.0,0.017820268767230016,1.803806761471558,0.0,0.003204783450073049,0.0
0.0,0.14696165011033385,2.0102832266467194,0.0,0.0,0.0
0.0,0.1991599755064458,1.8499414503365934,0.0001384018268859015,0.0023730256452393185,0.0
0.0,0.4391464384732357,2.0574879835064945,0.007806113507578631,0.0,0.0
0.0,0.3257689016686744,2.2118209311013004,0.004589827116469684,0.0,0.0
0.0,0.0,1.992872692815427,0.0,0.005136650578683875,0.0
0.0,0.0,2.077333370934151,0.0,1.9072886388142132e-06,0.0
0.0,0.0,2.1616179894829095,0.0,0.0038791710206367534,0.0
0.0,0.0,1.976387031527974,0.0,0.00627006831845515,0.0
0.0,0.0,2.1072307883236343,0.0,0.009373910457109834,0.0
0.0,0.0,2.0436689241448045,0.0,0.019838912846673946,0.0
0.0,0.0,2.1195872813504244,0.0,0.019992594075667135,0.0
0.0,0.0,2.1160022407683723,0.0,0.006309568362798709,0.0
0.0,0.0,2.272989444504648,0.0,0.0,0.0
0.0,0.0,2.184109398056617,0.0,0.0,0.0
0.0,0.0,1.949715814499162,0.0,0.002268829912187643,0.0
0.0,0.0,1.8907043349858401,0.0,0.00677804680857044,0.0
0.0,0.0,1.8691000219910072,0.0,0.004202341377588005,0.0
0.0,0.0,1.9496565075411183,0.0,0.0006327933590736697,0.0
0.0,0.0,1.966974514272924,0.0,0.010810992580373628,0.0
0.0,0.0,1.6450050670764202,0.0,0.011668253952009162,0.0
0.0,0.0,1.7211060834996181,0.0,0.007622444924618635,0.0
0.0,0.0,1.6039709375756739,0.0,0.0,0.0
0.0,0.37863110786065884,1.9669680296894279,0.0037314965029933015,0.0,0.0
0.0,0.37863110786065884,1.9669680296894279,0.0037314965029933015,0.0,0.0
0.0,0.0,1.874619689805039,0.0,0.0,0.0
0.0,0.0,2.002146913964265,0.0,0.0018425980285947858,0.0
0.0,0.0,2.0363305613521443,0.0,0.0024261630582874233,0.0
0.0,0.0,1.8484412710279248,0.0,0.004971209160657354,0.0
0.0,0.0,1.8484412710279248,0.0,0.004971209160657354,0.0
0.0,0.0,2.13510699442126,0.0,0.01849642647584975,0.0
0.0,0.0,1.7974702991382312,-0.0008806914391538965,0.028408612644291946,0.0
0.0,0.0,1.952323562960776,0.0,0.012882673731322528,0.0
0.0,0.0,2.200844826269779,0.0,0.002619637069782237,0.0
0.0,0.0,1.8867584564510118,0.0,0.006700555716884102,0.0
0.0,0.0,1.722072011182054,0.0,0.0,0.0
0.0,0.0,1.9808557691478943,0.0,0.0,0.0
0.0,0.0,1.7103023319395376,0.0,0.007274633334864361,0.0
0.0,0.0,1.4982199748660778,0.0,0.013213922436832731,0.0
0.0,0.0,1.544789172276932,0.0,0.007352411513901869,0.0
0.0,0.0,1.4246964495930416,0.0,0.00818431697918533,0.0
0.0,0.0,1.241805671840467,0.0,0.003969671079645529,0.0
0.0,0.0,1.2760536883424427,0.0,0.000165798097732914,0.0
0.0,0.0,1.214997431239233,0.0,0.0,0.0
0.0,0.0,1.3420923251972923,0.0,0.0,0.0
0.0,0.1837877434474843,1.1604920105072776,0.0,0.0,0.0
0.0,0.0,1.4220265170447741,0.0,0.0,0.0
0.0,0.0,1.1878578115636726,0.0,0.007097931432593292,0.0
0.0,0.0,1.219126073339979,0.0,0.010788648075585858,0.0
0.0,0.0,1.4746372291952086,0.0,0.008313749940245937,0.0
0.0,0.0,1.320576940058238,0.0,0.005964220826718111,0.0
0.0,0.0,1.4411211828526695,0.0,0.004187163323328515,0.0
0.0,0.0,1.6375749784358302,0.0,0.0036475476400809927,0.0
0.0,0.0,1.4026378928055672,0.0,0.009883681267604172,0.0
0.0,0.0,1.366601573575959,-0.0019749410625412938,0.01638136210608499,0.0
0.0,0.0,1.2329787001239088,0.0,0.00972233474026796,0.0
0.0,0.0,1.246641493873007,0.0,0.0028005658457262005,0.0
0.0,0.0,1.224708038613667,0.0,0.0,0.0
0.0,0.0,0.9740025108545879,0.0,0.0,0.0
0.0,0.0,0.9604501488981638,0.0,0.0017210754481692063,0.0
0.0,0.0,0.8852438997088337,0.0,0.0023410327019524517,0.0
0.0,0.0,1.0035568815957285,0.0,0.0006712639090078945,0.0
0.0,0.0,0.9977744963983304,0.0,0.0,0.0
0.0,0.0,0.8787430252066768,0.0,0.0,0.0
0.0,0.0,0.8133152558975739,0.0,0.012471427091853378,0.0
0.0,0.0,0.7127677613196146,-0.0007149483875468146,0.018464442803412456,0.0
0.0,0.0,0.8386802904265442,0.0,0.012398876114590989,0.0
0.0,0.0,0.6093361953267876,0.0,0.00801766433757519,0.0
0.0,0.0,0.6563511343397229,0.0,0.0,0.0
0.0,0.0,0.7499481121492771,0.0,0.0,0.0
0.0,0.0,0.7912801465464786,0.0,0.0,0.0
0.0,0.0,0.485202115900607,0.0,0.00869465227061222,0.0
0.0,0.0,0.6074684179168627,0.0,0.011886856851843805,0.0
0.0,0.0,0.6042265060679093,-0.0002738723272588311,0.01053892925424876,0.0
0.0,0.0,0.49572919699012374,0.0,0.0025674546524631628,0.0
0.0,0.0,0.6298142163178218,0.0,0.0,0.0
0.0,0.0,0.5640900098468344,0.0,0.0,0.0
0.0,0.0,0.4155333405573832,0.0,0.006424937899871377,0.0
0.0,0.0,0.49316209969095093,0.0,0.006371298617696711,0.0
0.0,0.0,0.3605414682890819,0.0,0.0053053307713377875,0.0
0.0,0.0,0.23950557988514695,0.0,0.0037093605231199997,0.0
0.0,0.0,0.20407027036856434,0.0,0.0,0.0
0.0,0.0,0.06355773190402145,0.0,0.0,0.0
0.0,0.0,0.12977667988785901,0.0,0.0,0.0
0.0,0.0,0.27528394950409163,0.0,0.0,0.0
0.0,0.0,0.11378748841201444,0.0,0.0,0.0
0.0,0.0,0.22706056844103575,0.0,0.0,0.0
0.0,0.0,0.41336834159934466,0.0,0.0,0.0
0.0,0.0,0.2919045886519452,-0.0018124181964377251,0.007967332281386285,0.0
0.0,0.0,0.267845137975219,-0.009690840335217036,0.014204174286933696,0.0
0.0,0.0,0.24229401038629944,-0.0058888637458190006,0.015405514431621026,0.0
0.0,0.0,0.2933757263174732,-0.0009034514311936874,0.010236698137869194,0.0
0.0,0.0,0.1942807683271405,0.0,0.004006390021600487,0.0
0.0,0.0,0.058171656603990055,0.0,0.0,0.0
0.0,0.0,0.04243465888110558,0.0,0.0,0.0
0,0,0,0,0,0
0,0,0,0,0,0
0.0,0.0,0.0,0.0,0.004178916083868791,0.0
0.0,0.0,0.0,0.0,0.0014601545737424778,0.0
0.0,0.0,0.0,0.0,0.0011050157332733695,0.0
0,0,0,0,0,0
0,0,0,0,0,0
0,0,0,0,0,0
0,0,0,0,0,0
0,0,0,0,0,0
0.0,0.0,0.0,0.0,0.005055455995339717,0.0
0.0,0.0,0.0,0.0,0.0033435931500829783,0.0
0,0,0,0,0,0
0,0,0,0,0,0
0,0,0,0,0,0
0,0,0,0,0,0
0,0,0,0,0,0
0.0,0.0,0.0,0.0,0.00021465422950002984,0.0
0.0,0.0,0.0,0.0,0.0062067750142676325,0.0
0.0,0.0,0.0,-0.002551564533557161,0.000100007924791135,0.0
0,0,0,0,0,0
0,0,0,0,0,0
0,0,0,0,0,0
0,0,0,0,0,0
0,0,0,0,0,0
0,0,0,0,0,0
0.0,0.0,0.0,0.0,0.005652233465125709,0.0
0.0,0.0,0.0,0.0,0.004170760279880609,0.0
0,0,0,0,0,0
0,0,0,0,0,0
0,0,0,0,0,0
0,0,0,0,0,0
0,0,0,0,0,0
0.0,0.0,0.0,-0.0038377979888728373,0.0023847371841362705,0.0
0.0,0.0,0.0,-0.008071491616901336,0.007533282395106871,0.0
0.0,0.0,0.0,-0.0008747233780337602,0.0,0.0
0,0,0,0,0,0
0,0,0,0,0,0
0,0,0,0,0,0
0,0,0,0,0,0
0.0,0.0,0.0,-7.103847856553962e-05,0.004376234486202536,0.0
0.0,0.0,0.0,-0.00511240576152956,0.011333118258207587,0.0
0.0,0.0,0.0,-0.008930743182242861,0.010876746300521333,0.0
0,0,0,0,0,0
0,0,0,0,0,0
0,0,0,0,0,0
0,0,0,0,0,0
0,0,0,0,0,0
0,0,0,0,0,0
0.0,0.0,0.0,0.0,0.0004679556465719048,0.0
0.0,0.0,0.0,-0.005910270189429348,0.003495299048898938,0.0
0.0,0.0,0.0,-0.002616321677605968,0.0,0.0
0,0,0,0,0,0
0,0,0,0,0,0
0,0,0,0,0,0
0,0,0,0,0,0
0,0,0,0,0,0
0.0,0.0,0.0,-0.0021966454838053826,0.0,0.0
0.0,0.0,0.0,-0.008654958395645456,0.0034200817843305074,0.0
0.0,0.0,0.0,-0.00841691972986713,0.0038263833803850017,0.0
0.0,0.0,0.0,-0.006424464573232895,0.0,0.0
0,0,0,0,0,0
0,0,0,0,0,0
0,0,0,0,0,0
0,0,0,0,0,0
0,0,0,0,0,0
0,0,0,0,0,0
0.0,0.0,0.0,-0.01133902676767608,0.002007390200531425,0.0
0.0,0.0,0.0,-0.010041263625954974,0.001049557561383935,0.0
0.0,0.0,0.0,-0.004663626253509055,0.0,0.0
0,0,0,0,0,0
0,0,0,0,0,0
0,0,0,0,0,0
0,0,0,0,0,0
0,0,0,0,0,0
0.0,0.0,0.0,-0.004029188000835136,0.0026192068284028517,0.0
0.0,0.0,0.0,-0.0018928947758040664,0.0005934385075339699,0.0
0.0,0.0,0.0,-0.004236964948700388,0.0,0.0
0,0,0,0,0,0
0,0,0,0,0,0
0,0,0,0,0,0
0,0,0,0,0,0
0,0,0,0,0,0
0,0,0,0,0,0
0,0,0,0,0,0
0,0,0,0,0,0
0.0,0.0,0.0,-0.000969908628683956,0.0,0.0
0.0,0.0,0.0,-0.004588912537834118,0.0,0.0
0.0,0.0,0.0,-7.336316370436291e-05,0.0,0.0
0.0,0.0,0.0,-6.858205435951183e-05,0.0,0.0
0,0,0,0,0,0
0,0,0,0,0,0
0,0,0,0,0,0
0,0,0,0,0,0
0,0,0,0,0,0
0,0,0,0,0,0
0,0,0,0,0,0
0,0,0,0,0,0
0,0,0,0,0,0
0,0,0,0,0,0
0,0,0,0,0,0
0,0,0,0,0,0
0,0,0,0,0,0
0,0,0,0,0,0
0,0,0,0,0,0
0,0,0,0,0,0
0,0,0,0,0,0
0,0,0,0,0,0
0,0,0,0,0,0
0.0,0.0,0.0,-0.00403283687809534,0.0,0.0
0.0,0.0,0.0,-0.0026769753103058264,0.0,0.0
0,0,0,0,0,0
0,0,0,0,0,0
0,0,0,0,0,0
0,0,0,0,0,0
0,0,0,0,0,0
0,0,0,0,0,0
0,0,0,0,0,0
0,0,0,0,0,0
0,0,0,0,0,0
0,0,0,0,0,0
0,0,0,0,0,0
0,0,0,0,0,0
0,0,0,0,0,0
0,0,0,0,0,0
0,0,0,0,0,0
0,0,0,0,0,0
0,0,0,0,0,0
0,0,0,0,0,0
0,0,0,0,0,0
0,0,0,0,0,0
0,0,0,0,0,0
0.0,0.0,0.0,-0.0009067435733560211,0.0,0.0
0,0,0,0,0,0
0,0,0,0,0,0
0,0,0,0,0,0
0,0,0,0,0,0
0,0,0,0,0,0
0,0,0,0,0,0
0,0,0,0,0,0
0,0,0,0,0,0
0,0,0,0,0,0
0,0,0,0,0,0
0,0,0,0,0,0
0,0,0,0,0,0
0,0,0,0,0,0
0,0,0,0,0,0
0,0,0,0,0,0
0,0,0,0,0,0
0,0,0,0,0,0
0,0,0,0,0,0
0,0,0,0,0,0
0,0,0,0,0,0
0,0,0,0,0,0
0,0,0,0,0,0
0,0,0,0,0,0
0,0,0,0,0,0
0,0,0,0,0,0
0,0,0,0,0,0
0,0,0,0,0,0
0,0,0,0,0,0
0,0,0,0,0,0
0,0,0,0,0,0
0,0,0,0,0,0
0,0,0,0,0,0
0,0,0,0,0,0
0,0,0,0,0,0
0,0,0,0,0,0
0,0,0,0,0,0
0,0,0,0,0,0
0,0,0,0,0,0
0,0,0,0,0,0
0,0,0,0,0,0
0,0,0,0,0,0
0,0,0,0,0,0
0,0,0,0,0,0
0,0,0,0,0,0
0,0,0,0,0,0
0,0,0,0,0,0
0,0,0,0,0,0
0,0,0,0,0,0
0,0,0,0,0,0
0,0,0,0,0,0
0,0,0,0,0,0
0,0,0,0,0,0
0,0,0,0,0,0
0,0,0,0,0,0
0,0,0,0,0,0
0,0,0,0,0,0
0,0,0,0,0,0
0.0,0.0,-0.013196554659239051,0.0,0.0,0.0
0,0,0,0,0,0
0,0,0,0,0,0
0,0,0,0,0,0
0,0,0,0,0,0
0,0,0,0,0,0
0,0,0,0,0,0
0,0,0,0,0,0
0,0,0,0,0,0
0,0,0,0,0,0
0,0,0,0,0,0
0.0,0.0,-0.08255003339885034,0.0,0.0,0.0
0.0,0.0,-0.1464943787480761,0.0,0.0,0.0
0.0,0.0,-0.09761323128381691,0.0,0.0,0.0
0.0,0.0,-0.24427492528233624,0.0,0.0,0.0
0.0,0.0,-0.30178894507202597,0.0,0.0,0.0
0.0,0.0,-0.31613261355895894,0.0,0.0,0.0
0.0,0.0,-0.2635418168603047,0.0,0.0,0.0
0.0,0.0,-0.2636163233050385,0.0,0.0,0.0
0.0,0.0,-0.24507665592244132,0.0,0.0,0.0
0.0,0.0,-0.28632677579781884,0.0,0.0,0.0
0.0,0.0,-0.195866115892686,0.0,0.0,0.0
0.0,0.0,-0.1385308837877164,-0.000478264793429223,0.0,0.0
0.0,0.0,-0.11331822503007587,0.0,0.0,0.0
0.0,0.0,-0.1610064667475915,-0.0002188693621009979,0.0,0.0
0.0,0.0,-0.06049163923021826,0.0,0.0,0.0
0.0,0.0,-0.19007685736864727,-0.0004297604555263297,0.0,0.0
0.0,0.0,-0.12011546759254274,0.0,0.0,0.0
0.0,0.0,-0.13032643105476102,0.0,0.0,0.0
0.0,0.0,-0.1228763407358912,0.0,0.0,0.0
0.0,0.0,-0.1990219749241508,0.0,0.0,0.0
0.0,0.0,-0.30970406027282626,0.0,0.0,0.0
0.0,0.0,-0.24020672802070533,0.0,0.0,0.0
0.0,0.0,-0.3102405250217117,0.0,0.0,0.0
0.0,0.0,-0.31858361005590907,0.0,0.0,0.0
0.0,0.0,-0.3307174865085579,0.0,0.0,0.0
0.0,0.0,-0.3434167892359057,0.0,0.0,0.0
0.0,0.0,-0.3174688369376477,0.0,0.0,0.0
0.0,0.0,-0.26326259667202206,0.0,0.0,0.0
0.0,0.0,-0.29370992005204777,0.0,0.0,0.0
0.0,0.0,-0.25395580722648564,0.0,0.0,0.0
0.0,0.0,-0.29421739618926424,0.0,0.0,0.0
0.0,0.0,-0.18425348606789313,0.0,0.0,0.0
0.0,0.0,-0.22439414791150053,0.0,0.0,0.0
0.0,0.0,-0.2955442702619617,-0.0018989193198462272,0.0,0.0
0.0,0.0,-0.2125927088679819,0.0,0.0,0.0
0.0,0.0,-0.24246734031025952,0.0,0.0,0.0
0.0,0.0,-0.31047158897903643,0.0,0.0,0.0
0.0,0.0,-0.36598247985464083,-0.0021533065713677723,0.0,0.0
0.0,0.0,-0.5163350655954533,0.0,0.0,0.0
0.0,0.0,-0.5820390198611014,0.0,0.0,0.0
0.0,0.0,-0.6443373050068801,0.0,0.0,0.0
0.0,0.0,-0.6885783999696093,0.0,0.0,0.0
0.0,0.0,-0.6823324263476592,0.0,0.0,0.0
0.0,0.0,-0.6823324263476592,0.0,0.0,0.0
0.0,0.0,-0.9155070910968842,0.0,0.0,0.0
0.0,0.0,-0.8160981401623296,0.0,0.0,0.0
0.0,0.0,-0.6787024159350381,0.0,0.0,0.0
0.0,0.0,-0.529513990983028,0.0,0.0,0.0
0.0,0.0,-0.5319290250486394,0.0,0.0,0.0
0.0,0.0,-0.4288014925478104,0.0,0.0,0.0
0.0,0.0,-0.4069785394776667,0.0,0.0,0.0
0.0,0.0,-0.4465376241165293,0.0,0.0,0.0
0.0,0.0,-0.48182929271296066,-0.0010822409691752192,0.0,0.0
0.0,0.0,-0.48182929271296066,-0.0010822409691752192,0.0,0.0
0.0,0.0,-0.5525746740457682,-0.0014213497565768545,0.0,0.0
0.0,0.0,-0.5036895525723061,0.0,0.0,0.0
0.0,0.0,-0.5383842210120207,0.0,0.0,0.0
0.0,0.0,-0.586243935599154,0.0,0.0,0.0
0.0,0.0,-0.4887832007740743,0.0,0.0,0.0
0.0,0.0,-0.6203939067578453,0.0,0.0,0.0
0.0,0.0,-0.5760460917732966,0.0,0.0,0.0
0.0,0.0,-0.5759217209743761,0.0,0.0,0.0
0.0,0.0,-0.731365268246688,0.0,0.0,0.0
0.0,0.0,-0.7347452206184262,0.0,0.0,0.0
0.0,0.0,-0.6825023919113484,0.0,0.0,0.0
0.0,0.0,-0.743923506972265,0.0,0.0,0.0
0.0,0.0,-0.6750329255120805,0.0,0.0,0.0
0.0,0.0,-0.6766519932640578,0.0,0.0,0.0
0.0,0.0,-0.7418623596222413,0.0,0.0,0.0
0.0,0.0,-0.578364666545917,0.0,0.0,0.0
0.0,0.0,-0.7435155130904437,0.0,0.0,0.0
0.0,0.0,-0.7509906116678815,0.0,0.0,0.0
0.0,0.0,-0.7339716523695855,0.0,0.0,0.0
0.0,0.0,-0.755087513585064,0.0,0.0,0.0
0.0,0.0,-0.7754136289500831,0.0,0.0,0.0
0.0,0.0,-0.7773834509052256,0.0,0.0,0.0
0.0,0.0,-0.7397681846583808,0.0,0.0,0.0
0.0,0.0,-0.766689442201056,0.0,0.0,0.0
0.0,0.0,-0.9129975506312216,-0.00013143544796840665,0.0,0.0
0.0,0.0,-0.8149480332608645,0.0,0.0,0.0
0.0,0.0,-0.8833856515584267,0.0,0.0,0.0
0.0,0.0,-0.9531791982295438,0.0,0.0,0.0
0.0,0.0,-1.0573341631841204,0.0,0.0,0.0
0.0,0.0,-0.8828558701751424,0.0,0.0,0.0
0.0,0.0,-0.8403536907131002,0.0,0.0,0.0
0.0,0.0,-0.7648227812643393,0.0,0.0,0.0
0.0,0.0,-0.8514169225195882,0.0,0.0,0.0
0.0,0.0,-0.7301237953428241,0.0,0.0,0.0
0.0,0.0,-0.7996280463989038,0.0,0.0,0.0
0.0,0.0,-0.7479970653190052,0.0,0.0,0.0
0.0,0.0,-0.622615412713952,0.0,0.0,0.0
0.0,0.0,-0.6627858409733014,0.0,0.0,0.0
0.0,0.0,-0.7501106517715853,0.0,0.0,0.0
0.0,0.0,-0.7626176417328678,0.0,0.0,0.0
0.0,0.0,-0.7841939188808372,0.0,0.0,0.0
0.0,0.0,-0.6867152531083254,0.0,0.0,0.0
0.0,0.0,-0.753111583048737,0.0,0.0,0.0
0.0,0.0,-0.6586207135630907,0.0,0.0,0.0
0.0,0.0,-0.7360910217207166,0.0,0.0,0.0
0.0,0.0,-0.8275065691119451,0.0,0.0,0.0
0.0,0.0,-0.943748834358338,0.0,0.0,0.0
0.0,0.0,-0.8936121788849697,0.0,0.0,0.0
0.0,0.0,-0.8797193473846029,0.0,0.0,0.0
0.0,0.0,-0.931139881896914,0.0,0.0,0.0
0.0,0.0,-0.9432133815170032,0.0,0.0,0.0
0.0,0.0,-0.9451119731143163,0.0,0.0,0.0
0.0,0.0,-0.8614803361211602,0.0,0.0,0.0
0.0,0.0,-0.9089439334798991,0.0,0.0,0.0
0.0,0.0,-0.9276152926170192,0.0,0.0,0.0
0.0,0.0,-0.8599362001197562,0.0,0.0,0.0
0.0,0.0,-0.8513006557888285,0.0,0.0,0.0
0.0,0.0,-0.950468070304507,0.0,0.0,0.0
0.0,0.0,-0.8738388298525755,0.0,0.0,0.0
0.0,0.0,-0.8337536218843526,-0.000905030512674034,0.0,0.0
0.0,0.0,-0.858184173388245,-0.0025015959268404127,0.0,0.0
0.0,0.0,-0.947337459796403,-0.0014314945337773736,0.0,0.0
0.0,0.0,-0.9110521908390291,-0.0010361951918068883,0.0,0.0
0.0,0.0,-0.9079212259527132,0.0,0.0,0.0
0.0,0.0,-0.7077747516479274,0.0,0.0,0.0
0.0,0.0,-0.8809113313825024,0.0,0.0,0.0
0.0,0.0,-0.7683226252793437,0.0,0.0,0.0
0.0,0.0,-0.6772787959484282,0.0,0.0,0.0
0.0,0.0,-0.6716900861637671,0.0,0.0,0.0
0.0,0.0,-0.7361671440785119,-7.457367493745424e-05,0.0,0.0
0.0,0.0,-0.6910526575849023,0.0,0.0,0.0
0.0,0.0,-0.6847779227357897,0.0,0.0,0.0
0.0,0.0,-0.5664536167984016,0.0,0.0,0.0
0.0,0.0,-0.5655898191265933,0.0,0.0,0.0
0.0,0.0,-0.5438757998690137,0.0,0.0,0.0
0.0,0.0,-0.5677337420185691,0.0,0.0,0.0
0.0,0.0,-0.6290758391900729,0.0,0.0,0.0
0.0,0.0,-0.6168148469987234,0.0,0.0,0.0
0.0,0.0,-0.5843706636689555,-0.0012305674180795175,0.0,0.0
0.0,0.0,-0.612672881299576,-0.001675385099260462,0.0,0.0
0.0,0.0,-0.5623686558474577,-0.002252440507491683,0.0,0.0
0.0,0.0,-0.4977482989858196,0.0,0.0,0.0
0.0,0.0,-0.5540158268279439,-0.0010366114103185406,0.0,0.0
0.0,0.0,-0.6206581734292481,-0.0016387059498141402,0.0,0.0
0.0,0.0,-0.5919912309104095,-0.0026733437993443467,0.0,0.0
0.0,0.0,-0.5639102344959779,0.0,0.0,0.0
0.0,0.0,-0.5442563928423938,-0.0017708958984290015,0.0,0.0
0.0,0.0,-0.5737339818574527,-0.003403167524387478,0.0,0.0
0.0,0.0,-0.5919514101690384,-0.0018987643856450006,0.0,0.0
0.0,0.0,-0.6012137540714264,0.0,0.0,0.0
0.0,0.0,-0.5044145599668652,-0.001691949360811013,0.0,0.0
0.0,0.0,-0.550200332279694,-0.0004631251920565492,0.0,0.0
0.0,0.0,-0.517926961744762,-0.0005644750800345282,0.0,0.0
0.0,0.0,-0.4939018935247052,-0.0036125650333157172,0.0,0.0
0.0,0.0,-0.4389837300360745,-0.001564476567060876,0.0,0.0
0.0,0.0,-0.6476864256133328,-0.0015266122240115045,0.0,0.0
0.0,0.0,-0.43588090182401906,-0.0036555489281747634,0.0,0.0
0.0,0.0,-0.5064431361629234,-0.0007275111444586614,0.0,0.0
0.0,0.0,-0.48221811861707675,-0.0012321923894982236,0.0,0.0
0.0,0.0,-0.42264696021648235,0.0,0.0,0.0
0.0,0.0,-0.4309189204593162,0.0,0.0,0.0
0.0,0.0,-0.39344486917381205,0.0,0.0,0.0
0.0,0.0,-0.3560424351984518,0.0,0.0,0.0
0.0,0.0,-0.30179441777829313,0.0,0.0,0.0
0.0,0.0,-0.37520758347565397,-0.000940784822072911,0.0,0.0
0.0,0.0,-0.4095142823940705,0.0,0.0,0.0
0.0,0.0,-0.32862392280148317,0.0,0.0,0.0
0.0,0.0,-0.3170937061630924,0.0,0.0,0.0
0.0,0.0,-0.3602020545316534,0.0,0.0,0.0
0.0,0.0,-0.3254642570617653,0.0,0.0,0.0
0.0,0.0,-0.3100287873356318,0.0,0.0,0.0
0.0,0.0,-0.2928480509086444,0.0,0.0,0.0
0.0,0.0,-0.2293585233183982,0.0,0.0,0.0
0.0,0.0,-0.2927588897921126,0.0,0.0,0.0
0.0,0.0,-0.32579262551227933,0.0,0.0,0.0
0.0,0.0,-0.31084831236860816,0.0,0.0,0.0
0.0,0.0,-0.2968484774087306,0.0,0.0,0.0
0.0,0.0,-0.26990388143881244,0.0,0.0,0.0
0.0,0.0,-0.2654788880044271,0.0,0.0,0.0
0.0,0.0,-0.21257222444756887,0.0,0.0,0.0
0.0,0.0,-0.13830522357800115,-0.0010089805371743337,0.0,0.0
0.0,0.0,-0.1783580648282387,0.0,0.0,0.0
0.0,0.0,-0.13605890086823483,0.0,0.0,0.0
0.0,0.0,-0.09807727036378086,0.0,0.0,0.0
0.0,0.0,-0.11542418018491536,-0.0015200606048297403,0.0,0.0
0.0,0.0,-0.1481138667867492,-0.002262507996698553,0.0,0.0
0.0,0.0,-0.144062298291193,0.0,0.0,0.0
0.0,0.0,-0.15603373850268784,0.0,0.0,0.0
0.0,0.0,-0.15999090613460867,0.0,0.0,0.0
0.0,0.0,-0.10380979487130712,0.0,0.0,0.0
0.0,0.0,-0.12707253080288425,0.0,0.0,0.0
0.0,0.0,-0.12707253080288425,0.0,0.0,0.0
0.0,0.0,-0.022916248535771063,0.0,0.0,0.0
0.0,0.0,-0.022916248535771063,0.0,0.0,0.0
0.0,0.0,-0.07765175686277415,0.0,0.0,0.0
0,0,0,0,0,0
0,0,0,0,0,0
0.0,0.0,-0.020707287628873545,0.0,0.0,0.0
0.0,0.0,-0.020707287628873545,0.0,0.0,0.0
0.0,0.0,-0.1016899253798467,0.0,0.0,0.0
0,0,0,0,0,0
0.0,0.0,-0.06082329978819477,0.0,0.0,0.0
0,0,0,0,0,0
0.0,0.0,-0.023378128192429536,0.0,0.0,0.0
0.0,0.0,-0.031892763605957435,0.0,0.0,0.0
0,0,0,0,0,0
0,0,0,0,0,0
0,0,0,0,0,0
0,0,0,0,0,0
0,0,0,0,0,0
0,0,0,0,0,0
0,0,0,0,0,0
0,0,0,0,0,0
0,0,0,0,0,0
0,0,0,0,0,0
0,0,0,0,0,0
0,0,0,0,0,0
0,0,0,0,0,0
0,0,0,0,0,0
0,0,0,0,0,0
0,0,0,0,0,0
0,0,0,0,0,0
0,0,0,0,0,0
0,0,0,0,0,0
0,0,0,0,0,0
0,0,0,0,0,0
0,0,0,0,0,0
0,0,0,0,0,0
0,0,0,0,0,0
0,0,0,0,0,0
0,0,0,0,0,0
0,0,0,0,0,0
0,0,0,0,0,0
0,0,0,0,0,0
0,0,0,0,0,0
0,0,0,0,0,0
0,0,0,0,0,0
0,0,0,0,0,0
0,0,0,0,0,0
0,0,0,0,0,0
0,0,0,0,0,0
