0.775762,-1.218035,1.973102,-2.273233,-1.558110,-2.454368
0.775815,-1.218568,1.971745,-2.271677,-1.558263,-2.454360
0.775847,-1.219040,1.970508,-2.270288,-1.558397,-2.454353
0.775840,-1.219300,1.969724,-2.269473,-1.558474,-2.454349
0.775784,-1.219271,1.969573,-2.269450,-1.558472,-2.454349
0.775677,-1.218949,1.970097,-2.270252,-1.558386,-2.454353
0.775525,-1.218394,1.971228,-2.271759,-1.558224,-2.454360
0.775335,-1.217710,1.972815,-2.273736,-1.558002,-2.454370
0.775119,-1.217033,1.974655,-2.275884,-1.557743,-2.454381
0.774889,-1.216506,1.976529,-2.277874,-1.557471,-2.454390
0.774657,-1.216269,1.978216,-2.279386,-1.557211,-2.454397
0.774435,-1.216447,1.979517,-2.280131,-1.556985,-2.454401
0.774232,-1.217141,1.980263,-2.279868,-1.556813,-2.454398
0.774057,-1.218429,1.980320,-2.278413,-1.556709,-2.454390
0.773915,-1.220360,1.979593,-2.275639,-1.556684,-2.454375
0.773810,-1.222960,1.978025,-2.271475,-1.556747,-2.454352
0.773745,-1.226231,1.975591,-2.265903,-1.556899,-2.454322
0.773720,-1.230150,1.972305,-2.258956,-1.557140,-2.454286
0.773735,-1.234675,1.968212,-2.250719,-1.557462,-2.454242
0.773785,-1.239739,1.963400,-2.241331,-1.557854,-2.454193
0.773868,-1.245248,1.957997,-2.230989,-1.558296,-2.454141
0.773975,-1.251085,1.952176,-2.219951,-1.558761,-2.454086
0.774098,-1.257112,1.946147,-2.208524,-1.559214,-2.454031
0.774228,-1.263177,1.940144,-2.197048,-1.559618,-2.453980
0.774356,-1.269129,1.934401,-2.185859,-1.559932,-2.453934
0.774473,-1.274834,1.929126,-2.175261,-1.560123,-2.453897
0.774573,-1.280187,1.924477,-2.165483,-1.560168,-2.453869
0.774651,-1.285124,1.920541,-2.156662,-1.560054,-2.453852
0.774706,-1.289628,1.917332,-2.148834,-1.559785,-2.453846
0.774741,-1.293718,1.914795,-2.141938,-1.559378,-2.453849
0.774760,-1.297450,1.912818,-2.135837,-1.558860,-2.453860
0.774768,-1.300901,1.911252,-2.130342,-1.558263,-2.453876
0.774770,-1.304160,1.909929,-2.125237,-1.557625,-2.453896
0.774775,-1.307320,1.908679,-2.120302,-1.556983,-2.453917
0.774787,-1.310467,1.907342,-2.115329,-1.556371,-2.453936
0.774811,-1.313675,1.905780,-2.110138,-1.555820,-2.453952
0.774853,-1.317008,1.903880,-2.104581,-1.555354,-2.453963
0.774915,-1.320511,1.901554,-2.098545,-1.554992,-2.453968
0.774998,-1.324217,1.898745,-2.091955,-1.554747,-2.453966
0.775105,-1.328144,1.895418,-2.084768,-1.554627,-2.453956
0.775235,-1.332296,1.891564,-2.076972,-1.554635,-2.453939
0.775387,-1.336667,1.887194,-2.068584,-1.554771,-2.453914
0.775562,-1.341239,1.882337,-2.059646,-1.555031,-2.453881
0.775758,-1.345984,1.877041,-2.050229,-1.555409,-2.453840
0.775973,-1.350861,1.871369,-2.040430,-1.555899,-2.453792
0.776206,-1.355819,1.865402,-2.030374,-1.556493,-2.453738
0.776457,-1.360798,1.859237,-2.020211,-1.557183,-2.453675
0.776725,-1.365729,1.852976,-2.010107,-1.557962,-2.453606
0.777008,-1.370543,1.846726,-2.000233,-1.558823,-2.453528
0.777308,-1.375175,1.840587,-1.990746,-1.559759,-2.453443
0.777621,-1.379574,1.834643,-1.981778,-1.560760,-2.453349
0.777947,-1.383700,1.828958,-1.973421,-1.561820,-2.453249
0.778285,-1.387537,1.823569,-1.965719,-1.562929,-2.453141
0.778631,-1.391085,1.818488,-1.958669,-1.564075,-2.453028
0.778983,-1.394361,1.813703,-1.952227,-1.565249,-2.452910
0.779337,-1.397397,1.809185,-1.946316,-1.566439,-2.452788
0.779691,-1.400232,1.804892,-1.940839,-1.567635,-2.452666
0.780041,-1.402910,1.800776,-1.935689,-1.568825,-2.452544
0.780385,-1.405474,1.796788,-1.930755,-1.570001,-2.452423
0.780719,-1.407967,1.792881,-1.925936,-1.571153,-2.452306
0.781042,-1.410425,1.789012,-1.921142,-1.572276,-2.452193
0.781351,-1.412879,1.785147,-1.916300,-1.573362,-2.452085
0.781646,-1.415351,1.781260,-1.911350,-1.574408,-2.451983
0.781925,-1.417861,1.777331,-1.906253,-1.575409,-2.451888
0.782188,-1.420417,1.773350,-1.900981,-1.576364,-2.451800
0.782434,-1.423026,1.769311,-1.895523,-1.577272,-2.451718
0.782663,-1.425687,1.765214,-1.889878,-1.578134,-2.451644
0.782874,-1.428392,1.761063,-1.884056,-1.578952,-2.451577
0.783066,-1.431130,1.756865,-1.878073,-1.579733,-2.451517
0.783238,-1.433884,1.752624,-1.871950,-1.580486,-2.451465
0.783387,-1.436630,1.748349,-1.865712,-1.581223,-2.451419
0.783510,-1.439343,1.744043,-1.859386,-1.581961,-2.451381
0.783604,-1.441994,1.739712,-1.853000,-1.582714,-2.451350
0.783666,-1.444556,1.735362,-1.846582,-1.583501,-2.451327
0.783693,-1.447004,1.730998,-1.840159,-1.584334,-2.451312
0.783684,-1.449321,1.726630,-1.833756,-1.585222,-2.451304
0.783641,-1.451497,1.722269,-1.827401,-1.586169,-2.451303
0.783564,-1.453527,1.717929,-1.821116,-1.587171,-2.451309
0.783458,-1.455417,1.713628,-1.814925,-1.588220,-2.451320
0.783329,-1.457178,1.709384,-1.808846,-1.589302,-2.451337
0.783180,-1.458824,1.705216,-1.802900,-1.590401,-2.451357
0.783020,-1.460376,1.701144,-1.797102,-1.591497,-2.451380
0.782854,-1.461851,1.697185,-1.791465,-1.592574,-2.451405
0.782687,-1.463268,1.693356,-1.786001,-1.593612,-2.451431
0.782526,-1.464646,1.689671,-1.780718,-1.594597,-2.451456
0.782374,-1.465999,1.686139,-1.775625,-1.595516,-2.451481
0.782235,-1.467339,1.682770,-1.770724,-1.596358,-2.451505
0.782112,-1.468676,1.679568,-1.766019,-1.597115,-2.451527
0.782007,-1.470018,1.676537,-1.761511,-1.597784,-2.451546
0.781921,-1.471368,1.673676,-1.757198,-1.598362,-2.451563
0.781854,-1.472728,1.670984,-1.753078,-1.598851,-2.451578
0.781807,-1.474098,1.668456,-1.749145,-1.599252,-2.451590
0.781779,-1.475476,1.666086,-1.745392,-1.599574,-2.451600
0.781768,-1.476856,1.663865,-1.741809,-1.599823,-2.451607
0.781774,-1.478233,1.661782,-1.738380,-1.600012,-2.451613
0.781795,-1.479599,1.659825,-1.735089,-1.600154,-2.451616
0.781830,-1.480947,1.657980,-1.731918,-1.600262,-2.451618
0.781877,-1.482267,1.656233,-1.728848,-1.600352,-2.451619
0.781933,-1.483553,1.654571,-1.725862,-1.600437,-2.451620
0.781998,-1.484797,1.652984,-1.722946,-1.600529,-2.451620
0.782070,-1.485996,1.651462,-1.720091,-1.600634,-2.451619
0.782147,-1.487146,1.650000,-1.717293,-1.600757,-2.451618
0.782229,-1.488246,1.648595,-1.714554,-1.600898,-2.451618
0.782314,-1.489297,1.647245,-1.711880,-1.601054,-2.451617
0.782402,-1.490302,1.645952,-1.709279,-1.601220,-2.451617
0.782491,-1.491263,1.644719,-1.706763,-1.601390,-2.451616
0.782582,-1.492185,1.643549,-1.704344,-1.601555,-2.451615
0.782673,-1.493072,1.642445,-1.702033,-1.601707,-2.451614
0.782764,-1.493927,1.641410,-1.699841,-1.601840,-2.451612
0.782856,-1.494756,1.640446,-1.697775,-1.601946,-2.451609
0.782947,-1.495562,1.639554,-1.695841,-1.602020,-2.451607
0.783039,-1.496349,1.638736,-1.694043,-1.602058,-2.451603
0.783131,-1.497122,1.637990,-1.692382,-1.602057,-2.451599
0.783224,-1.497884,1.637316,-1.690854,-1.602016,-2.451595
0.783319,-1.498638,1.636710,-1.689459,-1.601933,-2.451590
0.783415,-1.499387,1.636171,-1.688189,-1.601808,-2.451585
0.783513,-1.500132,1.635696,-1.687039,-1.601644,-2.451580
0.783614,-1.500875,1.635279,-1.686003,-1.601441,-2.451574
0.783717,-1.501615,1.634918,-1.685073,-1.601204,-2.451569
0.783822,-1.502352,1.634608,-1.684242,-1.600935,-2.451563
0.783928,-1.503083,1.634346,-1.683503,-1.600638,-2.451558
0.784035,-1.503807,1.634126,-1.682849,-1.600318,-2.451552
0.784142,-1.504519,1.633944,-1.682273,-1.599978,-2.451547
0.784247,-1.505218,1.633798,-1.681770,-1.599624,-2.451541
0.784350,-1.505900,1.633682,-1.681333,-1.599258,-2.451535
0.784451,-1.506561,1.633594,-1.680958,-1.598885,-2.451530
0.784547,-1.507199,1.633529,-1.680638,-1.598508,-2.451524
0.784639,-1.507812,1.633486,-1.680369,-1.598132,-2.451518
0.784726,-1.508398,1.633460,-1.680147,-1.597757,-2.451512
0.784807,-1.508954,1.633450,-1.679967,-1.597388,-2.451506
0.784882,-1.509481,1.633453,-1.679824,-1.597026,-2.451499
0.784951,-1.509977,1.633468,-1.679716,-1.596673,-2.451493
0.785014,-1.510443,1.633491,-1.679638,-1.596330,-2.451487
0.785071,-1.510879,1.633522,-1.679587,-1.595998,-2.451480
0.785122,-1.511285,1.633560,-1.679559,-1.595679,-2.451473
0.785168,-1.511662,1.633602,-1.679552,-1.595372,-2.451467
0.785208,-1.512011,1.633648,-1.679564,-1.595078,-2.451460
0.785242,-1.512334,1.633698,-1.679591,-1.594797,-2.451453
0.785272,-1.512632,1.633749,-1.679631,-1.594530,-2.451446
0.785298,-1.512906,1.633801,-1.679682,-1.594276,-2.451440
0.785319,-1.513158,1.633854,-1.679743,-1.594035,-2.451433
0.785336,-1.513388,1.633908,-1.679811,-1.593806,-2.451426
0.785350,-1.513599,1.633961,-1.679886,-1.593589,-2.451420
0.785361,-1.513792,1.634014,-1.679965,-1.593385,-2.451413
0.785370,-1.513968,1.634065,-1.680048,-1.593192,-2.451407
0.785376,-1.514129,1.634116,-1.680134,-1.593010,-2.451401
0.785379,-1.514275,1.634166,-1.680221,-1.592838,-2.451395
0.785381,-1.514408,1.634214,-1.680309,-1.592676,-2.451389
0.785381,-1.514530,1.634260,-1.680397,-1.592524,-2.451384
0.785380,-1.514640,1.634305,-1.680484,-1.592381,-2.451378
