0.1474,0.3859,0.3639,-0.0549,3.0202,-0.6542
0.1473,0.3859,0.3639,-0.0537,3.0205,-0.6543
0.1473,0.3859,0.3638,-0.0520,3.0210,-0.6545
0.1473,0.3858,0.3637,-0.0500,3.0215,-0.6548
0.1472,0.3858,0.3636,-0.0478,3.0220,-0.6550
0.1472,0.3858,0.3634,-0.0454,3.0226,-0.6553
0.1471,0.3858,0.3631,-0.0431,3.0232,-0.6556
0.1471,0.3858,0.3628,-0.0410,3.0237,-0.6558
0.1470,0.3858,0.3624,-0.0391,3.0242,-0.6560
0.1470,0.3859,0.3620,-0.0376,3.0246,-0.6562
0.1470,0.3859,0.3616,-0.0365,3.0249,-0.6564
0.1470,0.3860,0.3611,-0.0359,3.0250,-0.6564
0.1470,0.3862,0.3605,-0.0358,3.0251,-0.6564
0.1470,0.3864,0.3599,-0.0364,3.0250,-0.6564
0.1470,0.3866,0.3592,-0.0375,3.0248,-0.6563
0.1471,0.3868,0.3585,-0.0391,3.0244,-0.6561
0.1471,0.3870,0.3577,-0.0413,3.0239,-0.6558
0.1472,0.3873,0.3568,-0.0440,3.0233,-0.6555
0.1473,0.3877,0.3559,-0.0471,3.0225,-0.6552
0.1473,0.3880,0.3550,-0.0507,3.0217,-0.6547
0.1474,0.3884,0.3539,-0.0545,3.0207,-0.6543
0.1475,0.3888,0.3528,-0.0585,3.0196,-0.6538
0.1476,0.3892,0.3516,-0.0627,3.0184,-0.6533
0.1478,0.3897,0.3503,-0.0670,3.0172,-0.6528
0.1479,0.3902,0.3489,-0.0712,3.0159,-0.6523
0.1480,0.3907,0.3474,-0.0753,3.0146,-0.6518
0.1481,0.3912,0.3459,-0.0792,3.0132,-0.6512
0.1482,0.3917,0.3442,-0.0828,3.0118,-0.6508
0.1484,0.3923,0.3424,-0.0861,3.0105,-0.6503
0.1485,0.3929,0.3406,-0.0890,3.0091,-0.6499
0.1486,0.3934,0.3386,-0.0914,3.0078,-0.6495
0.1487,0.3940,0.3365,-0.0933,3.0065,-0.6492
0.1488,0.3946,0.3343,-0.0945,3.0053,-0.6489
0.1489,0.3952,0.3320,-0.0951,3.0041,-0.6487
0.1490,0.3958,0.3296,-0.0950,3.0031,-0.6485
0.1491,0.3965,0.3271,-0.0941,3.0021,-0.6485
0.1491,0.3971,0.3245,-0.0925,3.0012,-0.6485
0.1492,0.3977,0.3218,-0.0901,3.0004,-0.6485
0.1492,0.3983,0.3190,-0.0868,2.9998,-0.6487
0.1493,0.3989,0.3161,-0.0827,2.9992,-0.6489
0.1493,0.3995,0.3131,-0.0778,2.9987,-0.6493
0.1493,0.4002,0.3100,-0.0719,2.9984,-0.6497
0.1493,0.4008,0.3068,-0.0652,2.9982,-0.6502
0.1493,0.4014,0.3035,-0.0576,2.9980,-0.6507
0.1492,0.4020,0.3001,-0.0491,2.9980,-0.6514
0.1492,0.4026,0.2967,-0.0397,2.9981,-0.6521
0.1492,0.4032,0.2931,-0.0295,2.9982,-0.6529
0.1491,0.4037,0.2895,-0.0184,2.9985,-0.6538
0.1490,0.4043,0.2858,-0.0065,2.9988,-0.6547
0.1489,0.4049,0.2821,0.0063,2.9991,-0.6558
0.1488,0.4055,0.2783,0.0199,2.9996,-0.6568
0.1487,0.4060,0.2744,0.0343,3.0000,-0.6580
0.1486,0.4065,0.2705,0.0495,3.0005,-0.6592
0.1484,0.4071,0.2665,0.0654,3.0010,-0.6604
0.1483,0.4076,0.2624,0.0821,3.0015,-0.6617
0.1481,0.4081,0.2583,0.0995,3.0019,-0.6630
0.1480,0.4086,0.2542,0.1175,3.0024,-0.6643
0.1478,0.4091,0.2500,0.1363,3.0028,-0.6657
0.1476,0.4096,0.2458,0.1556,3.0032,-0.6671
0.1474,0.4101,0.2416,0.1756,3.0035,-0.6685
0.1472,0.4105,0.2374,0.1961,3.0037,-0.6700
0.1470,0.4110,0.2331,0.2171,3.0039,-0.6714
0.1467,0.4114,0.2288,0.2387,3.0039,-0.6729
0.1465,0.4118,0.2245,0.2608,3.0038,-0.6743
0.1463,0.4123,0.2202,0.2833,3.0037,-0.6758
0.1460,0.4127,0.2159,0.3063,3.0033,-0.6772
0.1457,0.4131,0.2115,0.3296,3.0029,-0.6787
0.1455,0.4135,0.2072,0.3533,3.0023,-0.6801
0.1452,0.4138,0.2029,0.3774,3.0015,-0.6815
0.1449,0.4142,0.1985,0.4017,3.0006,-0.6828
0.1447,0.4146,0.1942,0.4263,2.9995,-0.6842
0.1444,0.4149,0.1899,0.4512,2.9982,-0.6855
0.1441,0.4153,0.1856,0.4763,2.9967,-0.6868
0.1438,0.4156,0.1814,0.5016,2.9950,-0.6880
0.1435,0.4159,0.1771,0.5271,2.9932,-0.6892
0.1432,0.4162,0.1729,0.5526,2.9912,-0.6904
0.1429,0.4165,0.1687,0.5783,2.9889,-0.6915
0.1426,0.4168,0.1645,0.6040,2.9865,-0.6927
0.1423,0.4171,0.1604,0.6297,2.9838,-0.6938
0.1420,0.4174,0.1563,0.6553,2.9810,-0.6948
0.1416,0.4177,0.1523,0.6809,2.9780,-0.6959
0.1413,0.4180,0.1483,0.7063,2.9747,-0.6970
0.1410,0.4183,0.1444,0.7314,2.9713,-0.6981
0.1406,0.4186,0.1406,0.7563,2.9677,-0.6993
0.1402,0.4189,0.1369,-0.7796,-2.9592,0.6994
0.1399,0.4192,0.1332,-0.8023,-2.9502,0.6995
0.1395,0.4195,0.1297,-0.8244,-2.9413,0.6998
0.1391,0.4198,0.1263,-0.8460,-2.9323,0.7002
0.1386,0.4202,0.1230,-0.8669,-2.9233,0.7008
0.1382,0.4205,0.1199,-0.8872,-2.9145,0.7016
0.1377,0.4209,0.1169,-0.9067,-2.9057,0.7026
0.1372,0.4214,0.1141,-0.9255,-2.8970,0.7038
0.1367,0.4218,0.1114,-0.9435,-2.8884,0.7053
0.1362,0.4222,0.1088,-0.9608,-2.8800,0.7070
0.1356,0.4227,0.1064,-0.9773,-2.8718,0.7090
0.1350,0.4232,0.1042,-0.9930,-2.8637,0.7111
0.1344,0.4238,0.1021,-1.0080,-2.8558,0.7136
0.1338,0.4243,0.1001,-1.0222,-2.8481,0.7162
0.1332,0.4249,0.0983,-1.0357,-2.8406,0.7191
0.1325,0.4255,0.0966,-1.0486,-2.8332,0.7221
0.1318,0.4261,0.0950,-1.0608,-2.8261,0.7254
0.1312,0.4267,0.0936,-1.0724,-2.8191,0.7288
0.1305,0.4273,0.0922,-1.0835,-2.8122,0.7323
0.1298,0.4279,0.0910,-1.0940,-2.8055,0.7359
0.1291,0.4286,0.0898,-1.1041,-2.7990,0.7397
0.1284,0.4292,0.0888,-1.1137,-2.7926,0.7435
0.1276,0.4298,0.0878,-1.1229,-2.7863,0.7474
0.1269,0.4305,0.0868,-1.1317,-2.7801,0.7513
0.1262,0.4311,0.0859,-1.1403,-2.7740,0.7552
0.1255,0.4318,0.0851,-1.1485,-2.7680,0.7591
0.1248,0.4324,0.0843,-1.1565,-2.7620,0.7630
0.1241,0.4330,0.0835,-1.1643,-2.7562,0.7669
0.1234,0.4336,0.0828,-1.1719,-2.7503,0.7706
0.1228,0.4342,0.0820,-1.1794,-2.7446,0.7743
0.1221,0.4348,0.0813,-1.1867,-2.7388,0.7779
0.1215,0.4354,0.0806,-1.1940,-2.7331,0.7814
0.1208,0.4360,0.0799,-1.2012,-2.7274,0.7848
0.1202,0.4365,0.0792,-1.2083,-2.7217,0.7880
0.1196,0.4370,0.0785,-1.2154,-2.7160,0.7911
0.1190,0.4375,0.0778,-1.2226,-2.7103,0.7941
0.1185,0.4380,0.0770,-1.2297,-2.7046,0.7969
0.1179,0.4385,0.0763,-1.2368,-2.6989,0.7995
0.1174,0.4389,0.0755,-1.2440,-2.6932,0.8020
0.1169,0.4394,0.0747,-1.2512,-2.6875,0.8043
0.1164,0.4398,0.0738,-1.2585,-2.6817,0.8064
0.1159,0.4401,0.0730,-1.2659,-2.6759,0.8083
0.1154,0.4405,0.0721,-1.2733,-2.6701,0.8101
0.1150,0.4408,0.0712,-1.2808,-2.6643,0.8117
0.1146,0.4411,0.0702,-1.2884,-2.6584,0.8130
0.1142,0.4414,0.0692,-1.2960,-2.6525,0.8142
0.1138,0.4417,0.0682,-1.3037,-2.6466,0.8153
0.1135,0.4420,0.0672,-1.3116,-2.6406,0.8161
0.1131,0.4422,0.0661,-1.3194,-2.6346,0.8168
0.1128,0.4424,0.0650,-1.3274,-2.6286,0.8173
0.1125,0.4426,0.0639,-1.3355,-2.6225,0.8176
0.1122,0.4428,0.0627,-1.3436,-2.6165,0.8177
0.1120,0.4429,0.0615,-1.3518,-2.6104,0.8177
0.1117,0.4430,0.0603,-1.3600,-2.6043,0.8175
0.1115,0.4431,0.0591,-1.3683,-2.5981,0.8172
0.1113,0.4432,0.0578,-1.3767,-2.5920,0.8167
0.1111,0.4433,0.0565,-1.3851,-2.5858,0.8161
0.1109,0.4434,0.0552,-1.3936,-2.5796,0.8153
0.1108,0.4434,0.0538,-1.4021,-2.5734,0.8144
0.1106,0.4434,0.0525,-1.4106,-2.5672,0.8133
0.1105,0.4435,0.0511,-1.4192,-2.5609,0.8122
0.1104,0.4434,0.0497,-1.4278,-2.5547,0.8109
0.1103,0.4434,0.0482,-1.4364,-2.5485,0.8094
0.1102,0.4434,0.0468,-1.4450,-2.5422,0.8079
0.1101,0.4433,0.0454,-1.4536,-2.5360,0.8063
0.1101,0.4433,0.0439,-1.4623,-2.5297,0.8045
0.1100,0.4432,0.0424,-1.4709,-2.5235,0.8027
0.1100,0.4431,0.0409,-1.4795,-2.5173,0.8007
0.1099,0.4430,0.0394,-1.4881,-2.5111,0.7987
0.1099,0.4429,0.0379,-1.4966,-2.5049,0.7966
0.1099,0.4428,0.0364,-1.5052,-2.4987,0.7944
0.1099,0.4427,0.0349,-1.5137,-2.4925,0.7922
0.1099,0.4426,0.0334,-1.5221,-2.4864,0.7899
0.1099,0.4424,0.0318,-1.5305,-2.4803,0.7875
0.1100,0.4423,0.0303,-1.5389,-2.4742,0.7851
0.1100,0.4421,0.0288,-1.5472,-2.4682,0.7827
0.1101,0.4420,0.0273,-1.5554,-2.4622,0.7802
0.1101,0.4418,0.0258,-1.5635,-2.4563,0.7777
0.1102,0.4416,0.0243,-1.5716,-2.4504,0.7752
0.1102,0.4415,0.0228,-1.5795,-2.4446,0.7727
0.1103,0.4413,0.0213,-1.5873,-2.4389,0.7703
0.1103,0.4411,0.0198,-1.5950,-2.4333,0.7679
0.1104,0.4410,0.0184,-1.6025,-2.4278,0.7656
0.1105,0.4408,0.0170,-1.6098,-2.4225,0.7633
0.1106,0.4407,0.0156,-1.6170,-2.4173,0.7612
0.1106,0.4405,0.0143,-1.6240,-2.4123,0.7592
0.1107,0.4404,0.0130,-1.6308,-2.4074,0.7574
0.1108,0.4402,0.0117,-1.6374,-2.4027,0.7557
0.1108,0.4401,0.0104,-1.6438,-2.3982,0.7542
0.1109,0.4400,0.0093,-1.6499,-2.3939,0.7529
0.1110,0.4399,0.0081,-1.6558,-2.3898,0.7517
0.1110,0.4398,0.0070,-1.6615,-2.3860,0.7508
0.1111,0.4397,0.0059,-1.6670,-2.3823,0.7501
0.1112,0.4397,0.0049,-1.6722,-2.3788,0.7496
0.1112,0.4396,0.0040,-1.6772,-2.3756,0.7493
0.1113,0.4396,0.0030,-1.6820,-2.3726,0.7491
0.1113,0.4395,0.0022,-1.6865,-2.3697,0.7492
0.1114,0.4395,0.0013,-1.6909,-2.3671,0.7494
0.1114,0.4395,0.0005,-1.6950,-2.3646,0.7499
0.1114,0.4395,-0.0002,-1.6990,-2.3623,0.7504
0.1115,0.4395,-0.0010,-1.7028,-2.3602,0.7512
0.1115,0.4395,-0.0017,-1.7064,-2.3582,0.7520
0.1116,0.4395,-0.0023,-1.7099,-2.3563,0.7530
0.1116,0.4396,-0.0030,-1.7132,-2.3546,0.7540
0.1116,0.4396,-0.0036,-1.7164,-2.3529,0.7552
0.1116,0.4396,-0.0041,-1.7194,-2.3514,0.7564
0.1117,0.4397,-0.0047,-1.7224,-2.3500,0.7577
0.1117,0.4397,-0.0053,-1.7253,-2.3486,0.7590
0.1117,0.4397,-0.0058,-1.7280,-2.3473,0.7604
0.1118,0.4398,-0.0063,-1.7307,-2.3461,0.7617
0.1118,0.4398,-0.0068,-1.7334,-2.3448,0.7631
0.1118,0.4399,-0.0073,-1.7360,-2.3437,0.7644
0.1119,0.4399,-0.0078,-1.7385,-2.3425,0.7657
0.1119,0.4399,-0.0083,-1.7410,-2.3414,0.7670
0.1119,0.4400,-0.0087,-1.7435,-2.3402,0.7683
0.1120,0.4400,-0.0092,-1.7459,-2.3391,0.7694
0.1120,0.4400,-0.0097,-1.7483,-2.3379,0.7706
0.1120,0.4401,-0.0102,-1.7507,-2.3368,0.7716
0.1121,0.4401,-0.0106,-1.7531,-2.3356,0.7726
0.1121,0.4401,-0.0111,-1.7555,-2.3344,0.7735
0.1122,0.4401,-0.0116,-1.7579,-2.3331,0.7743
0.1122,0.4401,-0.0120,-1.7603,-2.3319,0.7750
0.1122,0.4401,-0.0125,-1.7628,-2.3306,0.7756
0.1123,0.4401,-0.0130,-1.7652,-2.3292,0.7761
0.1123,0.4400,-0.0135,-1.7676,-2.3278,0.7765
0.1124,0.4400,-0.0140,-1.7701,-2.3264,0.7767
0.1125,0.4400,-0.0145,-1.7726,-2.3249,0.7769
0.1125,0.4399,-0.0150,-1.7751,-2.3234,0.7770
0.1126,0.4399,-0.0155,-1.7776,-2.3218,0.7770
0.1126,0.4398,-0.0161,-1.7801,-2.3202,0.7768
0.1127,0.4398,-0.0166,-1.7827,-2.3185,0.7766
0.1128,0.4397,-0.0171,-1.7853,-2.3168,0.7762
0.1128,0.4397,-0.0177,-1.7879,-2.3151,0.7758
0.1129,0.4396,-0.0182,-1.7905,-2.3133,0.7752
0.1130,0.4395,-0.0188,-1.7932,-2.3114,0.7746
0.1131,0.4394,-0.0194,-1.7958,-2.3096,0.7738
0.1131,0.4393,-0.0199,-1.7985,-2.3076,0.7729
0.1132,0.4392,-0.0205,-1.8012,-2.3057,0.7720
0.1133,0.4391,-0.0211,-1.8039,-2.3036,0.7709
0.1134,0.4390,-0.0217,-1.8066,-2.3016,0.7698
0.1135,0.4389,-0.0222,-1.8093,-2.2995,0.7686
0.1135,0.4388,-0.0228,-1.8121,-2.2974,0.7673
0.1136,0.4386,-0.0234,-1.8148,-2.2952,0.7659
0.1137,0.4385,-0.0240,-1.8176,-2.2931,0.7644
0.1138,0.4384,-0.0246,-1.8204,-2.2908,0.7629
0.1139,0.4382,-0.0252,-1.8231,-2.2886,0.7613
0.1140,0.4381,-0.0258,-1.8259,-2.2864,0.7596
0.1141,0.4380,-0.0264,-1.8286,-2.2841,0.7579
0.1142,0.4378,-0.0270,-1.8314,-2.2818,0.7561
0.1142,0.4377,-0.0277,-1.8342,-2.2794,0.7542
0.1143,0.4375,-0.0283,-1.8369,-2.2771,0.7523
0.1144,0.4373,-0.0289,-1.8397,-2.2747,0.7504
0.1145,0.4372,-0.0295,-1.8424,-2.2724,0.7484
0.1146,0.4370,-0.0301,-1.8451,-2.2700,0.7464
0.1147,0.4369,-0.0307,-1.8478,-2.2676,0.7443
0.1148,0.4367,-0.0313,-1.8505,-2.2652,0.7422
0.1149,0.4365,-0.0319,-1.8532,-2.2629,0.7401
0.1150,0.4364,-0.0325,-1.8558,-2.2605,0.7379
0.1151,0.4362,-0.0331,-1.8585,-2.2581,0.7358
0.1152,0.4361,-0.0337,-1.8610,-2.2558,0.7336
0.1152,0.4359,-0.0343,-1.8636,-2.2534,0.7314
0.1153,0.4357,-0.0348,-1.8661,-2.2511,0.7293
0.1154,0.4356,-0.0354,-1.8686,-2.2489,0.7272
0.1155,0.4354,-0.0359,-1.8710,-2.2467,0.7251
0.1156,0.4353,-0.0365,-1.8733,-2.2445,0.7231
0.1156,0.4351,-0.0370,-1.8756,-2.2424,0.7211
0.1157,0.4350,-0.0375,-1.8778,-2.2404,0.7192
0.1158,0.4348,-0.0379,-1.8799,-2.2384,0.7173
0.1158,0.4347,-0.0384,-1.8819,-2.2366,0.7156
0.1159,0.4346,-0.0388,-1.8838,-2.2348,0.7140
0.1159,0.4344,-0.0392,-1.8857,-2.2332,0.7124
0.1160,0.4343,-0.0396,-1.8874,-2.2316,0.7110
0.1160,0.4342,-0.0400,-1.8891,-2.2302,0.7097
0.1160,0.4341,-0.0403,-1.8906,-2.2288,0.7085
0.1160,0.4340,-0.0406,-1.8920,-2.2276,0.7075
0.1160,0.4340,-0.0409,-1.8933,-2.2265,0.7065
0.1160,0.4339,-0.0412,-1.8946,-2.2255,0.7057
0.1160,0.4338,-0.0414,-1.8957,-2.2247,0.7050
0.1160,0.4338,-0.0416,-1.8967,-2.2239,0.7044
0.1160,0.4337,-0.0418,-1.8977,-2.2232,0.7040
0.1160,0.4337,-0.0419,-1.8985,-2.2226,0.7036
0.1160,0.4336,-0.0421,-1.8993,-2.2222,0.7033
0.1159,0.4336,-0.0422,-1.9000,-2.2218,0.7031
0.1159,0.4336,-0.0423,-1.9006,-2.2214,0.7031
0.1158,0.4335,-0.0424,-1.9012,-2.2212,0.7030
0.1158,0.4335,-0.0424,-1.9017,-2.2210,0.7031
0.1158,0.4335,-0.0425,-1.9022,-2.2209,0.7032
0.1157,0.4335,-0.0425,-1.9026,-2.2208,0.7033
0.1157,0.4335,-0.0426,-1.9029,-2.2207,0.7035
0.1156,0.4335,-0.0426,-1.9033,-2.2207,0.7037
0.1155,0.4335,-0.0426,-1.9036,-2.2207,0.7040
0.1155,0.4335,-0.0426,-1.9039,-2.2207,0.7042
0.1154,0.4335,-0.0426,-1.9041,-2.2208,0.7045
0.1154,0.4335,-0.0426,-1.9044,-2.2208,0.7047
0.1153,0.4335,-0.0427,-1.9047,-2.2209,0.7050
0.1153,0.4334,-0.0427,-1.9049,-2.2209,0.7052
0.1152,0.4334,-0.0427,-1.9052,-2.2209,0.7054
0.1152,0.4334,-0.0427,-1.9054,-2.2209,0.7056
0.1151,0.4334,-0.0427,-1.9057,-2.2209,0.7058
0.1151,0.4334,-0.0427,-1.9059,-2.2209,0.7059
0.1150,0.4334,-0.0428,-1.9062,-2.2209,0.7060
0.1150,0.4334,-0.0428,-1.9065,-2.2208,0.7060
0.1150,0.4334,-0.0428,-1.9069,-2.2207,0.7060
0.1149,0.4334,-0.0429,-1.9072,-2.2205,0.7060
0.1149,0.4333,-0.0429,-1.9076,-2.2203,0.7059
0.1149,0.4333,-0.0430,-1.9080,-2.2201,0.7058
0.1149,0.4333,-0.0430,-1.9084,-2.2199,0.7056
0.1148,0.4333,-0.0431,-1.9089,-2.2196,0.7053
0.1148,0.4332,-0.0432,-1.9093,-2.2192,0.7050
0.1148,0.4332,-0.0433,-1.9098,-2.2188,0.7046
0.1148,0.4332,-0.0434,-1.9104,-2.2184,0.7042
0.1148,0.4331,-0.0435,-1.9109,-2.2180,0.7038
0.1148,0.4331,-0.0436,-1.9115,-2.2175,0.7032
0.1148,0.4330,-0.0438,-1.9121,-2.2169,0.7027
0.1148,0.4330,-0.0439,-1.9128,-2.2163,0.7020
0.1148,0.4329,-0.0440,-1.9134,-2.2157,0.7013
0.1148,0.4329,-0.0442,-1.9141,-2.2150,0.7006
0.1148,0.4328,-0.0444,-1.9148,-2.2143,0.6998
0.1148,0.4328,-0.0445,-1.9156,-2.2136,0.6990
0.1149,0.4327,-0.0447,-1.9164,-2.2128,0.6981
0.1149,0.4326,-0.0449,-1.9172,-2.2120,0.6972
0.1149,0.4326,-0.0451,-1.9180,-2.2111,0.6962
0.1149,0.4325,-0.0453,-1.9188,-2.2103,0.6952
0.1150,0.4324,-0.0455,-1.9197,-2.2094,0.6941
0.1150,0.4324,-0.0457,-1.9206,-2.2084,0.6930
0.1150,0.4323,-0.0459,-1.9214,-2.2074,0.6919
0.1151,0.4322,-0.0461,-1.9224,-2.2064,0.6907
0.1151,0.4321,-0.0464,-1.9233,-2.2054,0.6895
0.1152,0.4320,-0.0466,-1.9242,-2.2044,0.6883
0.1152,0.4320,-0.0468,-1.9252,-2.2033,0.6870
0.1153,0.4319,-0.0471,-1.9262,-2.2022,0.6857
0.1153,0.4318,-0.0473,-1.9271,-2.2011,0.6844
0.1154,0.4317,-0.0476,-1.9281,-2.1999,0.6831
0.1154,0.4316,-0.0478,-1.9291,-2.1988,0.6817
0.1155,0.4315,-0.0481,-1.9301,-2.1976,0.6803
0.1155,0.4314,-0.0484,-1.9311,-2.1964,0.6789
0.1156,0.4313,-0.0486,-1.9322,-2.1952,0.6775
0.1156,0.4312,-0.0489,-1.9332,-2.1940,0.6760
0.1157,0.4312,-0.0491,-1.9342,-2.1928,0.6746
0.1158,0.4311,-0.0494,-1.9352,-2.1916,0.6731
0.1158,0.4310,-0.0497,-1.9363,-2.1904,0.6717
0.1159,0.4309,-0.0500,-1.9373,-2.1891,0.6702
0.1160,0.4308,-0.0502,-1.9383,-2.1879,0.6687
0.1160,0.4307,-0.0505,-1.9393,-2.1867,0.6672
0.1161,0.4306,-0.0508,-1.9403,-2.1854,0.6657
0.1161,0.4305,-0.0510,-1.9413,-2.1842,0.6643
0.1162,0.4304,-0.0513,-1.9423,-2.1830,0.6628
0.1163,0.4303,-0.0516,-1.9433,-2.1818,0.6613
0.1164,0.4302,-0.0518,-1.9443,-2.1806,0.6599
0.1164,0.4301,-0.0521,-1.9452,-2.1795,0.6584
0.1165,0.4300,-0.0523,-1.9461,-2.1783,0.6570
0.1166,0.4299,-0.0526,-1.9470,-2.1772,0.6555
0.1166,0.4299,-0.0528,-1.9479,-2.1761,0.6541
0.1167,0.4298,-0.0530,-1.9488,-2.1750,0.6527
0.1168,0.4297,-0.0533,-1.9496,-2.1739,0.6513
0.1169,0.4296,-0.0535,-1.9504,-2.1729,0.6500
0.1169,0.4295,-0.0537,-1.9512,-2.1719,0.6486
0.1170,0.4294,-0.0539,-1.9520,-2.1709,0.6473
0.1171,0.4293,-0.0541,-1.9527,-2.1700,0.6460
0.1172,0.4293,-0.0543,-1.9534,-2.1691,0.6447
0.1172,0.4292,-0.0545,-1.9541,-2.1682,0.6435
0.1173,0.4291,-0.0547,-1.9548,-2.1673,0.6422
0.1174,0.4290,-0.0549,-1.9555,-2.1665,0.6410
0.1175,0.4289,-0.0551,-1.9561,-2.1657,0.6398
0.1175,0.4289,-0.0553,-1.9567,-2.1649,0.6386
0.1176,0.4288,-0.0554,-1.9573,-2.1641,0.6374
0.1177,0.4287,-0.0556,-1.9579,-2.1634,0.6363
0.1178,0.4286,-0.0557,-1.9584,-2.1626,0.6352
0.1178,0.4286,-0.0559,-1.9590,-2.1619,0.6341
0.1179,0.4285,-0.0561,-1.9595,-2.1613,0.6330
0.1180,0.4284,-0.0562,-1.9600,-2.1606,0.6319
0.1181,0.4284,-0.0563,-1.9605,-2.1599,0.6309
0.1181,0.4283,-0.0565,-1.9610,-2.1593,0.6298
0.1182,0.4282,-0.0566,-1.9615,-2.1587,0.6288
0.1183,0.4282,-0.0568,-1.9620,-2.1580,0.6278
0.1184,0.4281,-0.0569,-1.9624,-2.1574,0.6268
0.1184,0.4280,-0.0570,-1.9629,-2.1568,0.6258
0.1185,0.4280,-0.0572,-1.9633,-2.1562,0.6249
0.1186,0.4279,-0.0573,-1.9638,-2.1556,0.6239
0.1186,0.4278,-0.0574,-1.9642,-2.1551,0.6230
0.1187,0.4278,-0.0575,-1.9646,-2.1545,0.6221
0.1187,0.4277,-0.0577,-1.9651,-2.1539,0.6212
0.1188,0.4277,-0.0578,-1.9655,-2.1533,0.6203
0.1189,0.4276,-0.0579,-1.9659,-2.1528,0.6194
0.1189,0.4276,-0.0580,-1.9663,-2.1522,0.6185
0.1190,0.4275,-0.0582,-1.9667,-2.1516,0.6176
0.1190,0.4274,-0.0583,-1.9672,-2.1511,0.6168
0.1191,0.4274,-0.0584,-1.9676,-2.1505,0.6159
0.1192,0.4273,-0.0585,-1.9680,-2.1500,0.6151
0.1192,0.4273,-0.0587,-1.9684,-2.1494,0.6143
0.1193,0.4272,-0.0588,-1.9688,-2.1488,0.6135
0.1193,0.4272,-0.0589,-1.9692,-2.1483,0.6127
0.1194,0.4271,-0.0590,-1.9697,-2.1477,0.6119
0.1194,0.4271,-0.0592,-1.9701,-2.1471,0.6111
0.1195,0.4270,-0.0593,-1.9705,-2.1466,0.6103
0.1195,0.4270,-0.0594,-1.9709,-2.1460,0.6095
0.1196,0.4269,-0.0595,-1.9713,-2.1455,0.6088
0.1196,0.4269,-0.0596,-1.9717,-2.1449,0.6080
0.1196,0.4269,-0.0598,-1.9721,-2.1443,0.6073
0.1197,0.4268,-0.0599,-1.9725,-2.1438,0.6066
0.1197,0.4268,-0.0600,-1.9730,-2.1432,0.6059
0.1198,0.4267,-0.0601,-1.9734,-2.1426,0.6051
0.1198,0.4267,-0.0602,-1.9738,-2.1421,0.6044
0.1198,0.4266,-0.0604,-1.9742,-2.1415,0.6037
0.1199,0.4266,-0.0605,-1.9746,-2.1409,0.6031
0.1199,0.4265,-0.0606,-1.9750,-2.1404,0.6024
0.1199,0.4265,-0.0607,-1.9754,-2.1398,0.6017
0.1200,0.4265,-0.0608,-1.9758,-2.1392,0.6011
0.1200,0.4264,-0.0610,-1.9762,-2.1387,0.6004
0.1200,0.4264,-0.0611,-1.9767,-2.1381,0.5998
0.1201,0.4264,-0.0612,-1.9771,-2.1375,0.5992
0.1201,0.4263,-0.0613,-1.9775,-2.1370,0.5985
0.1201,0.4263,-0.0614,-1.9779,-2.1364,0.5979
0.1201,0.4262,-0.0616,-1.9783,-2.1358,0.5973
0.1202,0.4262,-0.0617,-1.9788,-2.1353,0.5967
0.1202,0.4262,-0.0618,-1.9792,-2.1347,0.5961
0.1202,0.4262,-0.0619,-1.9796,-2.1341,0.5955
0.1202,0.4261,-0.0620,-1.9801,-2.1336,0.5950
0.1203,0.4261,-0.0622,-1.9805,-2.1330,0.5944
0.1203,0.4261,-0.0623,-1.9809,-2.1324,0.5938
0.1203,0.4260,-0.0624,-1.9814,-2.1318,0.5933
0.1203,0.4260,-0.0625,-1.9819,-2.1312,0.5927
0.1203,0.4260,-0.0626,-1.9823,-2.1307,0.5922
0.1203,0.4260,-0.0628,-1.9828,-2.1301,0.5917
0.1204,0.4259,-0.0629,-1.9832,-2.1295,0.5911
0.1204,0.4259,-0.0630,-1.9837,-2.1289,0.5906
0.1204,0.4259,-0.0631,-1.9842,-2.1283,0.5901
0.1204,0.4259,-0.0633,-1.9847,-2.1278,0.5896
0.1204,0.4259,-0.0634,-1.9852,-2.1272,0.5891
0.1204,0.4259,-0.0635,-1.9856,-2.1266,0.5886
0.1204,0.4258,-0.0636,-1.9861,-2.1260,0.5881
0.1204,0.4258,-0.0638,-1.9866,-2.1254,0.5876
0.1204,0.4258,-0.0639,-1.9871,-2.1249,0.5872
0.1205,0.4258,-0.0640,-1.9876,-2.1243,0.5867
0.1205,0.4258,-0.0641,-1.9881,-2.1237,0.5863
0.1205,0.4258,-0.0642,-1.9885,-2.1231,0.5858
0.1205,0.4258,-0.0644,-1.9890,-2.1226,0.5854
0.1205,0.4258,-0.0645,-1.9895,-2.1220,0.5849
0.1205,0.4257,-0.0646,-1.9900,-2.1215,0.5845
0.1205,0.4257,-0.0647,-1.9904,-2.1209,0.5841
0.1205,0.4257,-0.0648,-1.9909,-2.1204,0.5837
0.1205,0.4257,-0.0649,-1.9913,-2.1199,0.5833
0.1205,0.4257,-0.0650,-1.9918,-2.1194,0.5829
0.1205,0.4257,-0.0652,-1.9922,-2.1189,0.5825
0.1205,0.4257,-0.0653,-1.9926,-2.1184,0.5821
0.1205,0.4257,-0.0654,-1.9931,-2.1179,0.5818
0.1205,0.4257,-0.0655,-1.9935,-2.1174,0.5814
0.1205,0.4257,-0.0656,-1.9939,-2.1169,0.5811
0.1205,0.4257,-0.0657,-1.9943,-2.1164,0.5807
0.1205,0.4257,-0.0658,-1.9947,-2.1160,0.5804
0.1205,0.4256,-0.0659,-1.9950,-2.1155,0.5800
0.1205,0.4256,-0.0659,-1.9954,-2.1151,0.5797
0.1206,0.4256,-0.0660,-1.9958,-2.1147,0.5794
0.1206,0.4256,-0.0661,-1.9961,-2.1142,0.5791
0.1206,0.4256,-0.0662,-1.9964,-2.1138,0.5788
0.1206,0.4256,-0.0663,-1.9968,-2.1134,0.5785
0.1206,0.4256,-0.0664,-1.9971,-2.1131,0.5782
0.1206,0.4256,-0.0665,-1.9974,-2.1127,0.5779
0.1206,0.4256,-0.0665,-1.9977,-2.1123,0.5776
0.1206,0.4256,-0.0666,-1.9980,-2.1119,0.5774
0.1206,0.4256,-0.0667,-1.9982,-2.1116,0.5771
0.1206,0.4256,-0.0667,-1.9985,-2.1113,0.5769
0.1206,0.4255,-0.0668,-1.9988,-2.1109,0.5766
0.1206,0.4255,-0.0669,-1.9990,-2.1106,0.5764
0.1206,0.4255,-0.0669,-1.9992,-2.1103,0.5761
0.1206,0.4255,-0.0670,-1.9995,-2.1100,0.5759
0.1206,0.4255,-0.0671,-1.9997,-2.1097,0.5757
0.1206,0.4255,-0.0671,-1.9999,-2.1094,0.5755
0.1206,0.4255,-0.0672,-2.0001,-2.1092,0.5753
0.1206,0.4255,-0.0672,-2.0003,-2.1089,0.5751
0.1206,0.4255,-0.0673,-2.0005,-2.1086,0.5749
0.1206,0.4255,-0.0673,-2.0006,-2.1084,0.5747
0.1206,0.4255,-0.0674,-2.0008,-2.1082,0.5745
0.1206,0.4254,-0.0674,-2.0010,-2.1079,0.5743
0.1206,0.4254,-0.0675,-2.0011,-2.1077,0.5741
0.1206,0.4254,-0.0675,-2.0013,-2.1075,0.5740
0.1206,0.4254,-0.0676,-2.0014,-2.1073,0.5738
0.1206,0.4254,-0.0676,-2.0015,-2.1071,0.5736
0.1206,0.4254,-0.0676,-2.0017,-2.1069,0.5735
0.1206,0.4254,-0.0677,-2.0018,-2.1067,0.5733
0.1206,0.4254,-0.0677,-2.0019,-2.1065,0.5732
0.1206,0.4254,-0.0677,-2.0020,-2.1064,0.5730
0.1206,0.4253,-0.0678,-2.0021,-2.1062,0.5729
0.1206,0.4253,-0.0678,-2.0022,-2.1060,0.5727
0.1206,0.4253,-0.0678,-2.0023,-2.1059,0.5726
0.1206,0.4253,-0.0679,-2.0023,-2.1058,0.5725
0.1206,0.4253,-0.0679,-2.0024,-2.1056,0.5724
0.1206,0.4253,-0.0679,-2.0025,-2.1055,0.5722
0.1206,0.4253,-0.0679,-2.0025,-2.1053,0.5721
0.1206,0.4253,-0.0680,-2.0026,-2.1052,0.5720
0.1206,0.4253,-0.0680,-2.0027,-2.1051,0.5719
0.1206,0.4253,-0.0680,-2.0027,-2.1050,0.5718
0.1206,0.4252,-0.0680,-2.0028,-2.1049,0.5717
0.1206,0.4252,-0.0681,-2.0028,-2.1048,0.5716
0.1206,0.4252,-0.0681,-2.0028,-2.1047,0.5715
0.1206,0.4252,-0.0681,-2.0029,-2.1046,0.5714
0.1206,0.4252,-0.0681,-2.0029,-2.1045,0.5713
0.1206,0.4252,-0.0681,-2.0029,-2.1044,0.5712
0.1206,0.4252,-0.0681,-2.0030,-2.1043,0.5711
0.1206,0.4252,-0.0682,-2.0030,-2.1042,0.5711
0.1206,0.4252,-0.0682,-2.0030,-2.1042,0.5710
0.1207,0.4251,-0.0682,-2.0030,-2.1041,0.5709
0.1207,0.4251,-0.0682,-2.0030,-2.1040,0.5708
0.1207,0.4251,-0.0682,-2.0030,-2.1040,0.5708
0.1207,0.4251,-0.0682,-2.0031,-2.1039,0.5707
0.1207,0.4251,-0.0682,-2.0031,-2.1038,0.5706
0.1207,0.4251,-0.0682,-2.0031,-2.1038,0.5706
0.1207,0.4251,-0.0682,-2.0031,-2.1037,0.5705
0.1207,0.4251,-0.0683,-2.0031,-2.1037,0.5704
0.1207,0.4251,-0.0683,-2.0031,-2.1036,0.5704
0.1207,0.4251,-0.0683,-2.0031,-2.1036,0.5703
0.1207,0.4251,-0.0683,-2.0031,-2.1035,0.5703
0.1207,0.4250,-0.0683,-2.0031,-2.1035,0.5702
0.1207,0.4250,-0.0683,-2.0031,-2.1034,0.5702
0.1207,0.4250,-0.0683,-2.0030,-2.1034,0.5701
0.1207,0.4250,-0.0683,0.0000,0.0000,0.0000
