0.097049,-0.940222,0.955134,-1.543986,-1.520885,-0.936159
0.090162,-0.919220,0.958717,-1.542865,-1.515909,-0.946763
0.080859,-0.890850,0.963523,-1.541372,-1.509226,-0.961074
0.069682,-0.856763,0.969270,-1.539612,-1.501227,-0.978243
0.057091,-0.818366,0.975731,-1.537657,-1.492233,-0.997560
0.043475,-0.776850,0.982712,-1.535544,-1.482511,-1.018438
0.029160,-0.733212,0.990054,-1.533309,-1.472284,-1.040390
0.014419,-0.688263,0.997620,-1.531010,-1.461745,-1.063002
-0.000528,-0.642664,1.005294,-1.528705,-1.451051,-1.085931
-0.015509,-0.596957,1.012971,-1.526411,-1.440333,-1.108900
-0.030393,-0.551582,1.020547,-1.524104,-1.429693,-1.131699
-0.045071,-0.506889,1.027932,-1.521756,-1.419215,-1.154158
-0.059443,-0.463145,1.035053,-1.519365,-1.408969,-1.176138
-0.073421,-0.420550,1.041855,-1.516954,-1.399006,-1.197523
-0.086942,-0.379249,1.048295,-1.514546,-1.389361,-1.218227
-0.099970,-0.339349,1.054346,-1.512146,-1.380049,-1.238191
-0.112488,-0.300934,1.059992,-1.509737,-1.371087,-1.257373
-0.124486,-0.264071,1.065227,-1.507279,-1.362498,-1.275744
-0.135958,-0.228808,1.070048,-1.504736,-1.354303,-1.293285
-0.146897,-0.195177,1.074455,-1.502101,-1.346512,-1.309996
-0.157301,-0.163178,1.078439,-1.499397,-1.339124,-1.325891
-0.167191,-0.132789,1.081989,-1.496649,-1.332140,-1.340987
-0.176612,-0.103953,1.085078,-1.493862,-1.325570,-1.355303
-0.185609,-0.076609,1.087682,-1.491021,-1.319418,-1.368855
-0.194189,-0.050701,1.089788,-1.488100,-1.313660,-1.381658
-0.202332,-0.026181,1.091401,-1.485079,-1.308260,-1.393730
-0.210026,-0.003001,1.092570,-1.481967,-1.303205,-1.405099
-0.217289,0.018898,1.093374,-1.478804,-1.298519,-1.415804
-0.224164,0.039585,1.093867,-1.475620,-1.294230,-1.425882
-0.230700,0.059134,1.094031,-1.472402,-1.290313,-1.435359
-0.236936,0.077614,1.093794,-1.469097,-1.286708,-1.444256
-0.242902,0.095074,1.093117,-1.465671,-1.283363,-1.452596
-0.248612,0.111545,1.092036,-1.462131,-1.280275,-1.460412
-0.254070,0.127062,1.090629,-1.458513,-1.277464,-1.467742
-0.259264,0.141683,1.088961,-1.454858,-1.274942,-1.474617
-0.264179,0.155480,1.087070,-1.451193,-1.272690,-1.481057
-0.268805,0.168500,1.084986,-1.447541,-1.270663,-1.487083
-0.273149,0.180757,1.082737,-1.443924,-1.268803,-1.492719
-0.277233,0.192271,1.080325,-1.440345,-1.267074,-1.497987
-0.281091,0.203109,1.077699,-1.436778,-1.265492,-1.502914
-0.284760,0.213369,1.074795,-1.433181,-1.264095,-1.507520
-0.288263,0.223110,1.071621,-1.429522,-1.262890,-1.511824
-0.291608,0.232341,1.068264,-1.425787,-1.261831,-1.515845
-0.294796,0.241054,1.064786,-1.421975,-1.260865,-1.519600
-0.297826,0.249273,1.061134,-1.418080,-1.259983,-1.523110
-0.300702,0.257053,1.057193,-1.414103,-1.259209,-1.526394
-0.303419,0.264434,1.052950,-1.410085,-1.258562,-1.529466
-0.305968,0.271430,1.048538,-1.406100,-1.258026,-1.532339
-0.308356,0.278057,1.044112,-1.402200,-1.257567,-1.535023
-0.310617,0.284361,1.039709,-1.398362,-1.257158,-1.537533
-0.312798,0.290399,1.035261,-1.394517,-1.256791,-1.539884
-0.314920,0.296190,1.030686,-1.390631,-1.256490,-1.542085
-0.316970,0.301706,1.025952,-1.386727,-1.256289,-1.544138
-0.318915,0.306923,1.021079,-1.382847,-1.256190,-1.546045
-0.320735,0.311864,1.016117,-1.379007,-1.256143,-1.547817
-0.322425,0.316588,1.011103,-1.375200,-1.256085,-1.549473
-0.324005,0.321136,1.006045,-1.371420,-1.256018,-1.551029
-0.325507,0.325513,1.000924,-1.367685,-1.256012,-1.552501
-0.326962,0.329698,0.995757,-1.364029,-1.256116,-1.553891
-0.328389,0.333670,0.990621,-1.360483,-1.256286,-1.555194
-0.329792,0.337434,0.985614,-1.357069,-1.256438,-1.556407
-0.331162,0.341025,0.980769,-1.353787,-1.256560,-1.557543
-0.332483,0.344492,0.976043,-1.350632,-1.256721,-1.558633
-0.333749,0.347832,0.971389,-1.347654,-1.256986,-1.559701
-0.334967,0.350953,0.966821,-1.344983,-1.257337,-1.560753
-0.336152,0.353748,0.962420,-1.342781,-1.257709,-1.561787
-0.337309,0.356178,0.958303,-1.341161,-1.258072,-1.562819
-0.338438,0.358292,0.954579,-1.340153,-1.258457,-1.563881
-0.339542,0.360124,0.951279,-1.339721,-1.258894,-1.565009
-0.340635,0.361636,0.948337,-1.339785,-1.259365,-1.566215
-0.341720,0.362765,0.945656,-1.340273,-1.259815,-1.567479
-0.342761,0.363515,0.943207,-1.341149,-1.260212,-1.568739
-0.343695,0.363965,0.941027,-1.342425,-1.260558,-1.569932
-0.344494,0.364176,0.939158,-1.344153,-1.260884,-1.571045
-0.345194,0.364129,0.937582,-1.346395,-1.261223,-1.572138
-0.345854,0.363767,0.936258,-1.349164,-1.261577,-1.573261
-0.346503,0.363073,0.935179,-1.352369,-1.261902,-1.574343
-0.347121,0.362075,0.934386,-1.355876,-1.262133,-1.575225
-0.347691,0.360768,0.933936,-1.359682,-1.262257,-1.575802
-0.348223,0.359075,0.933866,-1.363980,-1.262343,-1.576123
-0.348742,0.356895,0.934204,-1.368999,-1.262478,-1.576318
-0.349253,0.354182,0.934976,-1.374790,-1.262679,-1.576478
-0.349743,0.350971,0.936200,-1.381198,-1.262895,-1.576622
-0.350192,0.347334,0.937848,-1.388005,-1.263090,-1.576743
-0.350602,0.343349,0.939839,-1.395056,-1.263285,-1.576855
-0.350978,0.339058,0.942099,-1.402297,-1.263512,-1.576979
-0.351320,0.334456,0.944631,-1.409762,-1.263737,-1.577114
-0.351622,0.329500,0.947503,-1.417534,-1.263875,-1.577241
-0.351888,0.324132,0.950768,-1.425718,-1.263888,-1.577346
-0.352136,0.318314,0.954417,-1.434401,-1.263822,-1.577441
-0.352388,0.312071,0.958392,-1.443612,-1.263736,-1.577546
-0.352648,0.305518,0.962629,-1.453297,-1.263611,-1.577658
-0.352908,0.298802,0.967083,-1.463372,-1.263370,-1.577760
-0.353165,0.291969,0.971749,-1.473838,-1.262979,-1.577832
-0.353429,0.284935,0.976658,-1.484814,-1.262484,-1.577874
-0.353715,0.277596,0.981850,-1.496424,-1.261940,-1.577898
-0.354025,0.269957,0.987351,-1.508673,-1.261304,-1.577918
-0.354353,0.262110,0.993171,-1.521489,-1.260474,-1.577944
-0.354686,0.254100,0.999303,-1.534865,-1.259403,-1.577976
-0.355023,0.245869,1.005740,-1.548913,-1.258143,-1.578002
-0.355367,0.237334,1.012482,-1.563753,-1.256772,-1.577991
-0.355722,0.228483,1.019540,-1.579387,-1.255306,-1.577904
-0.356089,0.219371,1.026926,-1.595730,-1.253709,-1.577707
-0.356450,0.210024,1.034630,-1.612730,-1.251984,-1.577409
-0.356775,0.200409,1.042619,-1.630425,-1.250198,-1.577048
-0.357035,0.190494,1.050852,-1.648851,-1.248428,-1.576633
-0.357222,0.180309,1.059306,-1.667951,-1.246691,-1.576080
-0.357347,0.169917,1.067983,-1.687616,-1.244963,-1.575253
-0.357423,0.159325,1.076897,-1.707801,-1.243241,-1.574037
-0.357461,0.148477,1.086060,-1.728547,-1.241577,-1.572398
-0.357453,0.137352,1.095436,-1.749852,-1.240046,-1.570385
-0.357378,0.126046,1.104925,-1.771566,-1.238709,-1.568113
-0.357207,0.114687,1.114441,-1.793498,-1.237621,-1.565681
-0.356929,0.103270,1.124011,-1.815621,-1.236857,-1.563076
-0.356552,0.091657,1.133750,-1.838039,-1.236498,-1.560177
-0.356095,0.079809,1.143655,-1.860625,-1.236568,-1.556871
-0.355583,0.067958,1.153456,-1.882791,-1.236983,-1.553156
-0.355031,0.056475,1.162781,-1.903800,-1.237621,-1.549117
-0.354436,0.045582,1.171445,-1.923345,-1.238443,-1.544851
-0.353770,0.035260,1.179529,-1.941691,-1.239517,-1.540442
-0.352977,0.025378,1.187202,-1.959303,-1.240933,-1.536000
-0.351978,0.015838,1.194542,-1.976471,-1.242728,-1.531716
-0.350709,0.006612,1.201532,-1.993222,-1.244899,-1.527811
-0.349169,-0.002303,1.208142,-2.009415,-1.247459,-1.524467
-0.347414,-0.010915,1.214373,-2.024855,-1.250454,-1.521773
-0.345489,-0.019241,1.220210,-2.039367,-1.253931,-1.519693
-0.343383,-0.027301,1.225587,-2.052838,-1.257894,-1.518077
-0.341059,-0.035140,1.230444,-2.065237,-1.262313,-1.516709
-0.338505,-0.042850,1.234817,-2.076633,-1.267144,-1.515367
-0.335760,-0.050532,1.238830,-2.087166,-1.272341,-1.513855
-0.332879,-0.058183,1.242599,-2.096959,-1.277859,-1.512006
-0.329912,-0.065666,1.246163,-2.106084,-1.283652,-1.509682
-0.326889,-0.072835,1.249513,-2.114622,-1.289706,-1.506772
-0.323820,-0.079726,1.252660,-2.122740,-1.296072,-1.503207
-0.320708,-0.086534,1.255661,-2.130670,-1.302834,-1.498964
-0.317558,-0.093425,1.258584,-2.138567,-1.310031,-1.494074
-0.314384,-0.100401,1.261482,-2.146435,-1.317602,-1.488618
-0.311195,-0.107361,1.264382,-2.154225,-1.325410,-1.482714
-0.307981,-0.114239,1.267304,-2.161979,-1.333298,-1.476496
-0.304713,-0.121057,1.270265,-2.169853,-1.341140,-1.470087
-0.301355,-0.127901,1.273291,-2.178010,-1.348881,-1.463559
-0.297886,-0.134870,1.276406,-2.186537,-1.356534,-1.456932
-0.294321,-0.142000,1.279609,-2.195413,-1.364094,-1.450235
-0.290722,-0.149212,1.282848,-2.204520,-1.371449,-1.443569
-0.287172,-0.156372,1.286054,-2.213721,-1.378408,-1.437082
-0.283700,-0.163413,1.289217,-2.222980,-1.384812,-1.430873
-0.280261,-0.170396,1.292415,-2.232399,-1.390605,-1.424943
-0.276787,-0.177441,1.295743,-2.242102,-1.395798,-1.419255
-0.273255,-0.184615,1.299234,-2.252106,-1.400413,-1.413819
-0.269693,-0.191923,1.302855,-2.262320,-1.404458,-1.408691
-0.266143,-0.199344,1.306553,-2.272626,-1.407947,-1.403894
-0.262631,-0.206879,1.310294,-2.282942,-1.410910,-1.399387
-0.259165,-0.214531,1.314051,-2.293207,-1.413386,-1.395086
-0.255741,-0.222287,1.317776,-2.303333,-1.415407,-1.390920
-0.252358,-0.230108,1.321412,-2.313205,-1.417009,-1.386856
-0.249005,-0.237948,1.324926,-2.322706,-1.418255,-1.382889
-0.245668,-0.245779,1.328325,-2.331741,-1.419239,-1.379035
-0.242315,-0.253619,1.331622,-2.340257,-1.420049,-1.375289
-0.238910,-0.261552,1.334806,-2.348241,-1.420732,-1.371609
-0.235436,-0.269663,1.337840,-2.355662,-1.421295,-1.367945
-0.231943,-0.277940,1.340682,-2.362385,-1.421735,-1.364303
-0.228539,-0.286256,1.343303,-2.368188,-1.422066,-1.360742
-0.225295,-0.294489,1.345678,-2.372917,-1.422339,-1.357288
-0.222171,-0.302627,1.347782,-2.376619,-1.422645,-1.353848
-0.219060,-0.310752,1.349593,-2.379464,-1.423064,-1.350267
-0.215898,-0.318937,1.351104,-2.381555,-1.423601,-1.346435
-0.212709,-0.327194,1.352333,-2.382868,-1.424187,-1.342336
-0.209529,-0.335490,1.353305,-2.383382,-1.424779,-1.337952
-0.206328,-0.343793,1.354046,-2.383215,-1.425441,-1.333191
-0.203041,-0.352088,1.354572,-2.382557,-1.426293,-1.327920
-0.199651,-0.360382,1.354895,-2.381506,-1.427385,-1.322074
-0.196207,-0.368701,1.355025,-2.380015,-1.428659,-1.315691
-0.192755,-0.377098,1.354986,-2.377998,-1.430032,-1.308848
-0.189277,-0.385647,1.354828,-2.375441,-1.431476,-1.301602
-0.185715,-0.394397,1.354601,-2.372392,-1.432998,-1.294025
-0.182050,-0.403324,1.354326,-2.368886,-1.434570,-1.286286
-0.178322,-0.412327,1.353988,-2.364910,-1.436105,-1.278636
-0.174594,-0.421305,1.353565,-2.360461,-1.437512,-1.271277
-0.170905,-0.430224,1.353055,-2.355588,-1.438742,-1.264250
-0.167245,-0.439136,1.352468,-2.350352,-1.439798,-1.257452
-0.163555,-0.448161,1.351803,-2.344773,-1.440717,-1.250711
-0.159760,-0.457417,1.351047,-2.338826,-1.441538,-1.243879
-0.155829,-0.466905,1.350196,-2.332538,-1.442268,-1.236923
-0.151806,-0.476449,1.349273,-2.326048,-1.442876,-1.229956
-0.147763,-0.485838,1.348319,-2.319529,-1.443328,-1.223125
-0.143732,-0.495008,1.347370,-2.313081,-1.443642,-1.216478
-0.139687,-0.504059,1.346444,-2.306698,-1.443889,-1.209937
-0.135602,-0.513093,1.345533,-2.300360,-1.444146,-1.203403
-0.131487,-0.522101,1.344610,-2.294089,-1.444447,-1.196835
-0.127369,-0.531011,1.343656,-2.287925,-1.444794,-1.190245
-0.123242,-0.539804,1.342681,-2.281870,-1.445175,-1.183646
-0.119069,-0.548529,1.341721,-2.275881,-1.445596,-1.177038
-0.114818,-0.557191,1.340793,-2.269938,-1.446095,-1.170443
-0.110491,-0.565704,1.339866,-2.264070,-1.446756,-1.163920
-0.106100,-0.573986,1.338889,-2.258274,-1.447679,-1.157500
-0.101641,-0.582106,1.337824,-2.252415,-1.448952,-1.151118
-0.097091,-0.590240,1.336660,-2.246273,-1.450632,-1.144658
-0.092438,-0.598462,1.335398,-2.239714,-1.452728,-1.138102
-0.087702,-0.606639,1.334043,-2.232790,-1.455200,-1.131589
-0.082916,-0.614576,1.332609,-2.225636,-1.457981,-1.125297
-0.078099,-0.622218,1.331137,-2.218324,-1.460998,-1.119265
-0.073252,-0.629676,1.329683,-2.210843,-1.464185,-1.113393
-0.068371,-0.637094,1.328282,-2.203187,-1.467494,-1.107565
-0.063460,-0.644535,1.326942,-2.195419,-1.470890,-1.101740
-0.058517,-0.651975,1.325651,-2.187625,-1.474346,-1.095933
-0.053516,-0.659340,1.324408,-2.179841,-1.477821,-1.090161
-0.048427,-0.666560,1.323222,-2.172044,-1.481267,-1.084420
-0.043248,-0.673627,1.322095,-2.164210,-1.484631,-1.078694
-0.038021,-0.680596,1.321008,-2.156357,-1.487861,-1.072979
-0.032793,-0.687511,1.319944,-2.148548,-1.490919,-1.067282
-0.027575,-0.694345,1.318904,-2.140884,-1.493777,-1.061627
-0.022355,-0.701011,1.317907,-2.133476,-1.496426,-1.056039
-0.017152,-0.707446,1.316980,-2.126417,-1.498871,-1.050553
-0.012027,-0.713645,1.316147,-2.119768,-1.501129,-1.045198
-0.007040,-0.719625,1.315412,-2.113561,-1.503227,-1.039981
-0.002198,-0.725376,1.314757,-2.107813,-1.505199,-1.034879
0.002534,-0.730861,1.314156,-2.102536,-1.507067,-1.029861
0.007184,-0.736066,1.313604,-2.097743,-1.508829,-1.024933
0.011749,-0.741018,1.313119,-2.093437,-1.510453,-1.020143
0.016214,-0.745761,1.312714,-2.089574,-1.511916,-1.015524
0.020579,-0.750324,1.312361,-2.086048,-1.513233,-1.011042
0.024856,-0.754705,1.312010,-2.082736,-1.514446,-1.006629
0.029048,-0.758867,1.311625,-2.079596,-1.515588,-1.002259
0.033140,-0.762758,1.311198,-2.076678,-1.516667,-0.997981
0.037106,-0.766347,1.310740,-2.074026,-1.517654,-0.993862
0.040929,-0.769663,1.310259,-2.071593,-1.518505,-0.989940
0.044601,-0.772765,1.309754,-2.069266,-1.519188,-0.986206
0.048130,-0.775706,1.309220,-2.066969,-1.519738,-0.982634
0.051533,-0.778507,1.308658,-2.064698,-1.520240,-0.979196
0.054817,-0.781160,1.308068,-2.062479,-1.520758,-0.975882
0.057977,-0.783651,1.307459,-2.060311,-1.521281,-0.972701
0.061010,-0.785975,1.306837,-2.058166,-1.521745,-0.969653
0.063944,-0.788151,1.306208,-2.056014,-1.522110,-0.966696
0.066828,-0.790217,1.305575,-2.053850,-1.522385,-0.963760
0.069685,-0.792194,1.304944,-2.051697,-1.522608,-0.960822
0.072481,-0.794063,1.304327,-2.049606,-1.522809,-0.957952
0.075155,-0.795792,1.303731,-2.047625,-1.523002,-0.955248
0.077685,-0.797380,1.303152,-2.045768,-1.523187,-0.952741
0.080093,-0.798864,1.302577,-2.044013,-1.523359,-0.950372
0.082409,-0.800283,1.301998,-2.042340,-1.523519,-0.948079
0.084634,-0.801645,1.301427,-2.040754,-1.523675,-0.945858
0.086752,-0.802937,1.300889,-2.039285,-1.523839,-0.943746
0.088768,-0.804141,1.300415,-2.037961,-1.524008,-0.941758
0.090708,-0.805246,1.300027,-2.036796,-1.524173,-0.939875
0.092603,-0.806252,1.299734,-2.035791,-1.524322,-0.938062
0.094467,-0.807163,1.299537,-2.034937,-1.524447,-0.936299
0.096297,-0.807985,1.299425,-2.034217,-1.524547,-0.934582
0.098085,-0.808725,1.299386,-2.033616,-1.524621,-0.932914
0.099818,-0.809391,1.299406,-2.033118,-1.524674,-0.931305
0.101485,-0.809988,1.299474,-2.032708,-1.524707,-0.929762
