0.775552,-1.258577,1.952606,-2.214921,-1.553873,-2.454566
0.775432,-1.270542,1.943834,-2.195965,-1.551935,-2.454635
0.775068,-1.315337,1.912791,-2.123779,-1.546184,-2.455056
0.774966,-1.330568,1.893496,-2.089919,-1.544721,-2.455517
0.774872,-1.369382,1.856881,-2.017888,-1.540624,-2.456000
0.774787,-1.381535,1.831089,-1.981042,-1.539285,-2.456355
0.774613,-1.411091,1.793373,-1.916913,-1.535482,-2.456785
0.774646,-1.417703,1.767203,-1.885046,-1.534473,-2.456972
0.774711,-1.437584,1.734994,-1.834657,-1.532270,-2.457202
0.774767,-1.439629,1.713534,-1.811037,-1.532300,-2.457285
0.774847,-1.452577,1.690663,-1.776611,-1.530894,-2.457468
0.774954,-1.452017,1.675803,-1.762644,-1.531073,-2.457454
0.774993,-1.460572,1.660724,-1.739482,-1.529968,-2.457555
0.775077,-1.458799,1.651485,-1.731922,-1.530286,-2.457568
0.775114,-1.465047,1.640870,-1.715612,-1.529486,-2.457613
0.775197,-1.463055,1.635453,-1.712125,-1.529855,-2.457620
0.775333,-1.467286,1.628200,-1.700866,-1.529325,-2.457661
0.775248,-1.465172,1.624988,-1.699811,-1.529678,-2.457631
0.775297,-1.468642,1.620201,-1.691801,-1.529255,-2.457643
0.775286,-1.466738,1.618580,-1.691880,-1.529557,-2.457626
0.775371,-1.469206,1.615365,-1.686212,-1.529239,-2.457675
0.775309,-1.467683,1.614499,-1.686916,-1.529461,-2.457659
0.775324,-1.469581,1.612142,-1.682867,-1.529189,-2.457657
0.775282,-1.468173,1.611863,-1.683767,-1.529462,-2.457643
0.775369,-1.469740,1.610475,-1.680966,-1.529218,-2.457662
0.775389,-1.468591,1.610364,-1.681780,-1.529400,-2.457605
0.775370,-1.469844,1.609316,-1.679687,-1.529264,-2.457642
0.775441,-1.468860,1.609310,-1.680480,-1.529339,-2.457647
0.775405,-1.469861,1.608680,-1.679037,-1.529215,-2.457677
0.775398,-1.469160,1.608575,-1.679605,-1.529151,-2.457725
