-1.686307,-0.556332,1.757810,-1.218694,-1.263640,0.000203
-1.685926,-0.557349,1.758089,-1.219266,-1.263869,0.000751
-1.685506,-0.558467,1.758390,-1.219887,-1.264116,0.001352
-1.685127,-0.559467,1.758655,-1.220432,-1.264332,0.001887
-1.684852,-0.560180,1.758837,-1.220801,-1.264475,0.002263
-1.684724,-0.560488,1.758903,-1.220929,-1.264518,0.002415
-1.684769,-0.560321,1.758832,-1.220773,-1.264447,0.002308
-1.684994,-0.559660,1.758614,-1.220321,-1.264256,0.001930
-1.685391,-0.558527,1.758249,-1.219583,-1.263954,0.001295
-1.685939,-0.556983,1.757745,-1.218589,-1.263557,0.000438
-1.686604,-0.555117,1.757116,-1.217386,-1.263087,-0.000592
-1.687347,-0.553038,1.756383,-1.216032,-1.262574,-0.001732
-1.688121,-0.550873,1.755568,-1.214593,-1.262050,-0.002914
-1.688879,-0.548751,1.754695,-1.213140,-1.261548,-0.004063
-1.689572,-0.546803,1.753789,-1.211741,-1.261103,-0.005107
-1.690156,-0.545153,1.752872,-1.210461,-1.260744,-0.005977
-1.690590,-0.543910,1.751963,-1.209359,-1.260502,-0.006611
-1.690843,-0.543163,1.751078,-1.208480,-1.260400,-0.006959
-1.690891,-0.542977,1.750223,-1.207855,-1.260454,-0.006985
-1.690722,-0.543382,1.749397,-1.207496,-1.260676,-0.006668
-1.690341,-0.544376,1.748588,-1.207394,-1.261068,-0.006008
-1.689762,-0.545916,1.747773,-1.207517,-1.261622,-0.005027
-1.689017,-0.547921,1.746917,-1.207808,-1.262323,-0.003764
-1.688153,-0.550272,1.745975,-1.208190,-1.263147,-0.002282
-1.687225,-0.552818,1.744890,-1.208564,-1.264062,-0.000658
-1.686301,-0.555387,1.743600,-1.208820,-1.265032,0.001016
-1.685450,-0.557791,1.742041,-1.208838,-1.266016,0.002642
-1.684743,-0.559845,1.740149,-1.208503,-1.266974,0.004123
-1.684244,-0.561378,1.737869,-1.207706,-1.267869,0.005368
-1.684009,-0.562243,1.735154,-1.206359,-1.268669,0.006300
-1.684079,-0.562332,1.731972,-1.204397,-1.269347,0.006859
-1.684479,-0.561577,1.728310,-1.201781,-1.269889,0.007010
-1.685215,-0.559958,1.724169,-1.198506,-1.270288,0.006739
-1.686278,-0.557501,1.719571,-1.194595,-1.270545,0.006059
-1.687642,-0.554274,1.714552,-1.190099,-1.270674,0.005003
-1.689264,-0.550384,1.709163,-1.185095,-1.270694,0.003625
-1.691094,-0.545967,1.703467,-1.179678,-1.270631,0.001993
-1.693070,-0.541181,1.697534,-1.173960,-1.270515,0.000189
-1.695126,-0.536199,1.691439,-1.168058,-1.270381,-0.001700
-1.697194,-0.531200,1.685262,-1.162097,-1.270262,-0.003583
-1.699206,-0.526363,1.679080,-1.156199,-1.270195,-0.005368
-1.701097,-0.521855,1.672966,-1.150482,-1.270211,-0.006969
-1.702808,-0.517835,1.666990,-1.145056,-1.270342,-0.008308
-1.704285,-0.514438,1.661213,-1.140015,-1.270613,-0.009314
-1.705488,-0.511775,1.655685,-1.135440,-1.271047,-0.009934
-1.706384,-0.509928,1.650447,-1.131392,-1.271658,-0.010127
-1.706956,-0.508942,1.645523,-1.127911,-1.272455,-0.009873
-1.707203,-0.508824,1.640924,-1.125013,-1.273438,-0.009172
-1.707136,-0.509540,1.636646,-1.122687,-1.274600,-0.008047
-1.706786,-0.511015,1.632666,-1.120898,-1.275924,-0.006544
-1.706197,-0.513133,1.628948,-1.119586,-1.277387,-0.004729
-1.705427,-0.515741,1.625439,-1.118669,-1.278957,-0.002688
-1.704547,-0.518661,1.622078,-1.118049,-1.280599,-0.000523
-1.703633,-0.521693,1.618794,-1.117613,-1.282271,0.001656
-1.702762,-0.524634,1.615516,-1.117246,-1.283932,0.003733
-1.702013,-0.527285,1.612172,-1.116834,-1.285542,0.005600
-1.701453,-0.529468,1.608700,-1.116275,-1.287065,0.007157
-1.701140,-0.531031,1.605045,-1.115481,-1.288468,0.008321
-1.701117,-0.531863,1.601169,-1.114386,-1.289730,0.009031
-1.701410,-0.531896,1.597049,-1.112947,-1.290834,0.009250
-1.702026,-0.531107,1.592680,-1.111149,-1.291776,0.008969
-1.702957,-0.529518,1.588073,-1.109000,-1.292557,0.008200
-1.704177,-0.527192,1.583254,-1.106532,-1.293189,0.006982
-1.705647,-0.524230,1.578263,-1.103799,-1.293689,0.005372
-1.707315,-0.520761,1.573151,-1.100869,-1.294083,0.003446
-1.709123,-0.516935,1.567978,-1.097825,-1.294397,0.001288
-1.711006,-0.512919,1.562808,-1.094758,-1.294663,-0.001006
-1.712896,-0.508885,1.557708,-1.091761,-1.294914,-0.003338
-1.714727,-0.505006,1.552745,-1.088931,-1.295181,-0.005611
-1.716435,-0.501448,1.547984,-1.086362,-1.295495,-0.007730
-1.717960,-0.498367,1.543489,-1.084143,-1.295882,-0.009609
-1.719252,-0.495899,1.539315,-1.082357,-1.296367,-0.011175
-1.720272,-0.494162,1.535514,-1.081081,-1.296964,-0.012365
-1.720990,-0.493247,1.532133,-1.080385,-1.297683,-0.013138
-1.721394,-0.493217,1.529209,-1.080331,-1.298523,-0.013469
-1.721484,-0.494104,1.526775,-1.080975,-1.299475,-0.013358
-1.721281,-0.495910,1.524857,-1.082366,-1.300518,-0.012824
-1.720817,-0.498605,1.523475,-1.084546,-1.301620,-0.011911
-1.720144,-0.502132,1.522643,-1.087554,-1.302741,-0.010684
-1.719321,-0.506407,1.522370,-1.091420,-1.303833,-0.009223
-1.718422,-0.511329,1.522659,-1.096170,-1.304840,-0.007622
-1.717522,-0.516782,1.523509,-1.101822,-1.305708,-0.005985
-1.716698,-0.522647,1.524915,-1.108385,-1.306379,-0.004412
-1.716022,-0.528805,1.526865,-1.115862,-1.306802,-0.003001
-1.715557,-0.535146,1.529345,-1.124243,-1.306934,-0.001838
-1.715353,-0.541575,1.532336,-1.133508,-1.306743,-0.000991
-1.715446,-0.548017,1.535816,-1.143629,-1.306206,-0.000508
-1.715854,-0.554418,1.539759,-1.154566,-1.305317,-0.000416
-1.716577,-0.560747,1.544137,-1.166268,-1.304082,-0.000718
-1.717599,-0.566996,1.548920,-1.178677,-1.302519,-0.001394
-1.718890,-0.573176,1.554074,-1.191728,-1.300660,-0.002406
-1.720406,-0.579319,1.559567,-1.205350,-1.298546,-0.003696
-1.722092,-0.585469,1.565363,-1.219466,-1.296224,-0.005196
-1.723885,-0.591682,1.571428,-1.234001,-1.293749,-0.006824
-1.725721,-0.598022,1.577728,-1.248874,-1.291179,-0.008495
-1.727532,-0.604554,1.584229,-1.264010,-1.288572,-0.010119
-1.729249,-0.611345,1.590898,-1.279335,-1.285987,-0.011611
-1.730810,-0.618456,1.597706,-1.294778,-1.283482,-0.012886
-1.732157,-0.625943,1.604622,-1.310277,-1.281107,-0.013870
-1.733241,-0.633850,1.611621,-1.325777,-1.278911,-0.014498
-1.734022,-0.642210,1.618680,-1.341233,-1.276937,-0.014717
-1.734474,-0.651039,1.625778,-1.356614,-1.275221,-0.014493
-1.734583,-0.660337,1.632898,-1.371898,-1.273793,-0.013804
-1.734347,-0.670085,1.640028,-1.387080,-1.272674,-0.012650
-1.733782,-0.680244,1.647158,-1.402171,-1.271880,-0.011047
-1.732915,-0.690760,1.654284,-1.417191,-1.271422,-0.009028
-1.731786,-0.701562,1.661402,-1.432178,-1.271301,-0.006642
-1.730443,-0.712567,1.668514,-1.447173,-1.271516,-0.003951
-1.728943,-0.723683,1.675621,-1.462228,-1.272060,-0.001024
-1.727344,-0.734816,1.682726,-1.477394,-1.272922,0.002063
-1.725705,-0.745874,1.689833,-1.492719,-1.274087,0.005239
-1.724080,-0.756770,1.696945,-1.508246,-1.275542,0.008433
-1.722517,-0.767431,1.704062,-1.524004,-1.277268,0.011585
-1.721052,-0.777798,1.711182,-1.540012,-1.279248,0.014645
-1.719712,-0.787828,1.718303,-1.556273,-1.281465,0.017580
-1.718509,-0.797496,1.725416,-1.572772,-1.283903,0.020370
-1.717446,-0.806798,1.732513,-1.589480,-1.286545,0.023008
-1.716513,-0.815744,1.739580,-1.606354,-1.289377,0.025504
-1.715689,-0.824360,1.746605,-1.623338,-1.292386,0.027881
-1.714945,-0.832688,1.753570,-1.640364,-1.295558,0.030170
-1.714245,-0.840776,1.760459,-1.657360,-1.298882,0.032412
-1.713550,-0.848680,1.767254,-1.674247,-1.302348,0.034654
-1.712816,-0.856463,1.773936,-1.690946,-1.305945,0.036946
-1.711999,-0.864185,1.780490,-1.707376,-1.309664,0.039338
-1.711058,-0.871909,1.786898,-1.723465,-1.313495,0.041879
-1.709953,-0.879690,1.793147,-1.739143,-1.317431,0.044614
-1.708650,-0.887580,1.799224,-1.754353,-1.321462,0.047584
-1.707121,-0.895618,1.805119,-1.769048,-1.325579,0.050819
-1.705346,-0.903837,1.810827,-1.783197,-1.329774,0.054341
-1.703313,-0.912253,1.816345,-1.796786,-1.334035,0.058163
-1.701018,-0.920873,1.821674,-1.809816,-1.338354,0.062282
-1.698471,-0.929688,1.826819,-1.822309,-1.342719,0.066686
-1.695686,-0.938675,1.831791,-1.834305,-1.347120,0.071351
-1.692690,-0.947799,1.836601,-1.845859,-1.351545,0.076240
-1.689516,-0.957016,1.841265,-1.857039,-1.355983,0.081308
-1.686200,-0.966273,1.845801,-1.867925,-1.360421,0.086505
-1.682784,-0.975512,1.850228,-1.878599,-1.364847,0.091774
-1.679310,-0.984677,1.854564,-1.889144,-1.369251,0.097061
-1.675818,-0.993711,1.858826,-1.899635,-1.373623,0.102312
-1.672345,-1.002565,1.863029,-1.910140,-1.377951,0.107480
-1.668921,-1.011198,1.867187,-1.920711,-1.382228,0.112524
-1.665570,-1.019579,1.871307,-1.931383,-1.386447,0.117415
-1.662309,-1.027689,1.875396,-1.942174,-1.390601,0.122134
-1.659145,-1.035521,1.879452,-1.953081,-1.394685,0.126671
-1.656078,-1.043078,1.883475,-1.964086,-1.398698,0.131030
-1.653102,-1.050377,1.887457,-1.975153,-1.402635,0.135221
-1.650203,-1.057442,1.891389,-1.986233,-1.406497,0.139267
-1.647363,-1.064304,1.895261,-1.997265,-1.410283,0.143194
-1.644559,-1.071001,1.899059,-2.008181,-1.413995,0.147034
-1.641766,-1.077573,1.902768,-2.018908,-1.417632,0.150824
-1.638960,-1.084066,1.906374,-2.029371,-1.421197,0.154602
-1.636113,-1.090521,1.909862,-2.039494,-1.424691,0.158406
-1.633201,-1.096981,1.913219,-2.049205,-1.428116,0.162271
-1.630202,-1.103486,1.916432,-2.058439,-1.431473,0.166233
-1.627097,-1.110072,1.919488,-2.067134,-1.434762,0.170322
-1.623871,-1.116771,1.922378,-2.075238,-1.437981,0.174565
-1.620515,-1.123609,1.925094,-2.082707,-1.441129,0.178981
-1.617024,-1.130610,1.927628,-2.089505,-1.444200,0.183587
-1.613400,-1.137787,1.929976,-2.095608,-1.447190,0.188392
-1.609650,-1.145153,1.932136,-2.100999,-1.450088,0.193400
-1.605788,-1.152712,1.934106,-2.105672,-1.452886,0.198608
-1.601832,-1.160465,1.935888,-2.109628,-1.455572,0.204012
-1.597801,-1.168407,1.937482,-2.112874,-1.458134,0.209598
-1.593721,-1.176532,1.938893,-2.115428,-1.460559,0.215354
-1.589617,-1.184827,1.940126,-2.117309,-1.462836,0.221261
-1.585513,-1.193279,1.941186,-2.118543,-1.464954,0.227302
-1.581432,-1.201872,1.942080,-2.119158,-1.466905,0.233456
-1.577395,-1.210591,1.942815,-2.119186,-1.468682,0.239705
-1.573419,-1.219417,1.943399,-2.118657,-1.470283,0.246031
-1.569515,-1.228334,1.943839,-2.117607,-1.471708,0.252418
-1.565691,-1.237323,1.944143,-2.116066,-1.472962,0.258849
-1.561951,-1.246369,1.944320,-2.114068,-1.474051,0.265314
-1.558293,-1.255455,1.944378,-2.111644,-1.474985,0.271801
-1.554712,-1.264566,1.944323,-2.108824,-1.475778,0.278302
-1.551200,-1.273688,1.944165,-2.105638,-1.476444,0.284809
-1.547745,-1.282807,1.943911,-2.102113,-1.476999,0.291319
-1.544335,-1.291912,1.943568,-2.098277,-1.477462,0.297826
-1.540954,-1.300990,1.943142,-2.094153,-1.477849,0.304329
-1.537588,-1.310032,1.942641,-2.089766,-1.478179,0.310825
-1.534223,-1.319029,1.942072,-2.085138,-1.478470,0.317312
-1.530843,-1.327971,1.941439,-2.080289,-1.478741,0.323791
-1.527434,-1.336854,1.940749,-2.075239,-1.479008,0.330259
-1.523984,-1.345670,1.940008,-2.070004,-1.479289,0.336718
-1.520480,-1.354418,1.939219,-2.064597,-1.479600,0.343165
-1.516913,-1.363094,1.938388,-2.059032,-1.479958,0.349602
-1.513273,-1.371701,1.937518,-2.053316,-1.480380,0.356028
-1.509551,-1.380240,1.936613,-2.047456,-1.480881,0.362443
-1.505740,-1.388715,1.935676,-2.041456,-1.481479,0.368847
-1.501836,-1.397132,1.934710,-2.035316,-1.482188,0.375241
-1.497833,-1.405499,1.933717,-2.029038,-1.483024,0.381624
-1.493729,-1.413822,1.932699,-2.022618,-1.484001,0.387996
-1.489522,-1.422110,1.931659,-2.016058,-1.485131,0.394358
-1.485213,-1.430369,1.930597,-2.009355,-1.486424,0.400706
-1.480804,-1.438603,1.929517,-2.002512,-1.487889,0.407040
-1.476297,-1.446816,1.928419,-1.995532,-1.489528,0.413357
-1.471699,-1.455008,1.927307,-1.988422,-1.491343,0.419652
-1.467017,-1.463177,1.926182,-1.981193,-1.493332,0.425922
-1.462257,-1.471318,1.925048,-1.973856,-1.495487,0.432161
-1.457431,-1.479423,1.923906,-1.966430,-1.497800,0.438362
-1.452548,-1.487482,1.922759,-1.958934,-1.500258,0.444519
-1.447620,-1.495482,1.921612,-1.951389,-1.502844,0.450626
-1.442656,-1.503410,1.920466,-1.943821,-1.505542,0.456676
-1.437668,-1.511251,1.919325,-1.936254,-1.508332,0.462662
-1.432665,-1.518989,1.918192,-1.928715,-1.511192,0.468580
-1.427657,-1.526609,1.917069,-1.921230,-1.514102,0.474425
-1.422652,-1.534096,1.915960,-1.913825,-1.517039,0.480193
-1.417657,-1.541436,1.914866,-1.906525,-1.519981,0.485883
-1.412676,-1.548616,1.913791,-1.899354,-1.522907,0.491493
-1.407714,-1.555623,1.912736,-1.892334,-1.525797,0.497024
-1.402775,-1.562448,1.911703,-1.885485,-1.528631,0.502477
-1.397860,-1.569081,1.910694,-1.878824,-1.531391,0.507853
-1.392972,-1.575516,1.909709,-1.872368,-1.534062,0.513154
-1.388112,-1.581746,1.908751,-1.866129,-1.536629,0.518383
-1.383283,-1.587767,1.907819,-1.860119,-1.539081,0.523540
-1.378487,-1.593576,1.906915,-1.854345,-1.541407,0.528627
-1.373726,-1.599170,1.906038,-1.848814,-1.543601,0.533644
-1.369004,-1.604549,1.905190,-1.843531,-1.545656,0.538590
-1.364327,-1.609712,1.904371,-1.838497,-1.547569,0.543464
-1.359698,-1.614660,1.903581,-1.833712,-1.549339,0.548262
-1.355125,-1.619395,1.902819,-1.829175,-1.550966,0.552981
-1.350614,-1.623919,1.902086,-1.824883,-1.552452,0.557617
-1.346172,-1.628234,1.901382,-1.820832,-1.553800,0.562165
-1.341808,-1.632343,1.900706,-1.817017,-1.555015,0.566617
-1.337528,-1.636251,1.900059,-1.813430,-1.556102,0.570970
-1.333342,-1.639961,1.899439,-1.810066,-1.557068,0.575215
-1.329256,-1.643477,1.898848,-1.806915,-1.557919,0.579348
-1.325278,-1.646805,1.898283,-1.803970,-1.558664,0.583362
-1.321415,-1.649950,1.897744,-1.801222,-1.559309,0.587251
-1.317674,-1.652916,1.897232,-1.798663,-1.559862,0.591010
-1.314059,-1.655710,1.896745,-1.796282,-1.560332,0.594636
-1.310577,-1.658337,1.896283,-1.794071,-1.560725,0.598123
-1.307229,-1.660803,1.895846,-1.792022,-1.561049,0.601469
-1.304021,-1.663114,1.895431,-1.790124,-1.561312,0.604672
-1.300954,-1.665276,1.895040,-1.788370,-1.561519,0.607730
-1.298030,-1.667295,1.894670,-1.786750,-1.561678,0.610641
-1.295248,-1.669178,1.894322,-1.785257,-1.561794,0.613407
-1.292610,-1.670930,1.893994,-1.783882,-1.561873,0.616027
-1.290115,-1.672557,1.893686,-1.782617,-1.561921,0.618504
-1.287759,-1.674066,1.893397,-1.781456,-1.561941,0.620838
-1.285543,-1.675463,1.893125,-1.780391,-1.561939,0.623033
-1.283463,-1.676753,1.892871,-1.779415,-1.561917,0.625091
-1.281515,-1.677943,1.892633,-1.778522,-1.561881,0.627015
-1.279696,-1.679037,1.892411,-1.777707,-1.561832,0.628811
-1.278002,-1.680042,1.892204,-1.776962,-1.561774,0.630481
-1.276430,-1.680962,1.892011,-1.776284,-1.561709,0.632031
-1.274974,-1.681803,1.891832,-1.775666,-1.561639,0.633465
-1.273629,-1.682570,1.891665,-1.775104,-1.561567,0.634787
-1.272391,-1.683267,1.891510,-1.774594,-1.561493,0.636003
-1.271256,-1.683900,1.891366,-1.774131,-1.561419,0.637117
-1.270217,-1.684472,1.891233,-1.773712,-1.561347,0.638135
