0.131451,-1.340543,1.153832,-1.878245,-1.610160,-0.932578
0.125110,-1.339807,1.150980,-1.870418,-1.608786,-0.936843
0.116458,-1.338764,1.147144,-1.859743,-1.606906,-0.942701
0.106053,-1.337427,1.142612,-1.846948,-1.604534,-0.949803
0.094403,-1.335801,1.137632,-1.832687,-1.601691,-0.957832
0.081919,-1.333891,1.132379,-1.817454,-1.598468,-0.966533
0.068909,-1.331707,1.126956,-1.801569,-1.595031,-0.975720
0.055610,-1.329265,1.121430,-1.785235,-1.591535,-0.985254
0.042227,-1.326577,1.115875,-1.768615,-1.588050,-0.995021
0.028943,-1.323655,1.110376,-1.751871,-1.584551,-1.004916
0.015912,-1.320521,1.105012,-1.735171,-1.580991,-1.014846
0.003236,-1.317224,1.099833,-1.718678,-1.577383,-1.024730
-0.009025,-1.313819,1.094854,-1.702539,-1.573806,-1.034495
-0.020819,-1.310351,1.090086,-1.686874,-1.570353,-1.044055
-0.032073,-1.306820,1.085556,-1.671769,-1.567061,-1.053297
-0.042693,-1.303193,1.081317,-1.657282,-1.563903,-1.062090
-0.052604,-1.299443,1.077420,-1.643470,-1.560835,-1.070328
-0.061779,-1.295585,1.073897,-1.630396,-1.557844,-1.077960
-0.070242,-1.291677,1.070755,-1.618130,-1.554959,-1.084990
-0.078030,-1.287775,1.067982,-1.606708,-1.552220,-1.091437
-0.085149,-1.283895,1.065560,-1.596110,-1.549644,-1.097301
-0.091578,-1.280015,1.063482,-1.586267,-1.547219,-1.102562
-0.097307,-1.276111,1.061757,-1.577104,-1.544930,-1.107211
-0.102366,-1.272192,1.060418,-1.568589,-1.542790,-1.111280
-0.106819,-1.268296,1.059503,-1.560726,-1.540848,-1.114826
-0.110710,-1.264442,1.059028,-1.553529,-1.539177,-1.117872
-0.114020,-1.260586,1.058965,-1.546983,-1.537860,-1.120357
-0.116687,-1.256641,1.059241,-1.541034,-1.536963,-1.122165
-0.118694,-1.252546,1.059778,-1.535602,-1.536508,-1.123222
-0.120131,-1.248321,1.060517,-1.530604,-1.536464,-1.123574
-0.121164,-1.244055,1.061424,-1.525971,-1.536759,-1.123370
-0.121917,-1.239821,1.062485,-1.521669,-1.537345,-1.122744
-0.122368,-1.235607,1.063684,-1.517712,-1.538231,-1.121719
-0.122378,-1.231321,1.065004,-1.514143,-1.539469,-1.120224
-0.121836,-1.226870,1.066433,-1.510998,-1.541084,-1.118213
-0.120785,-1.222235,1.067973,-1.508279,-1.543010,-1.115772
-0.119406,-1.217476,1.069632,-1.505957,-1.545101,-1.113108
-0.117900,-1.212690,1.071402,-1.504005,-1.547197,-1.110438
-0.116360,-1.207956,1.073249,-1.502429,-1.549179,-1.107880
-0.114764,-1.203310,1.075119,-1.501268,-1.550986,-1.105445
-0.113039,-1.198748,1.076982,-1.500567,-1.552593,-1.103097
-0.111141,-1.194238,1.078857,-1.500353,-1.553980,-1.100817
-0.109076,-1.189742,1.080795,-1.500620,-1.555127,-1.098628
-0.106877,-1.185231,1.082832,-1.501336,-1.556031,-1.096568
-0.104572,-1.180707,1.084948,-1.502451,-1.556719,-1.094667
-0.102172,-1.176189,1.087080,-1.503923,-1.557232,-1.092939
-0.099679,-1.171701,1.089181,-1.505751,-1.557585,-1.091410
-0.097100,-1.167249,1.091261,-1.507997,-1.557742,-1.090137
-0.094444,-1.162818,1.093387,-1.510755,-1.557629,-1.089185
-0.091708,-1.158374,1.095630,-1.514103,-1.557194,-1.088585
-0.088871,-1.153873,1.098028,-1.518047,-1.556449,-1.088288
-0.085900,-1.149273,1.100568,-1.522537,-1.555460,-1.088181
-0.082778,-1.144555,1.103208,-1.527497,-1.554304,-1.088133
-0.079523,-1.139732,1.105892,-1.532868,-1.553029,-1.088031
-0.076179,-1.134836,1.108567,-1.538602,-1.551647,-1.087800
-0.072787,-1.129898,1.111194,-1.544648,-1.550167,-1.087402
-0.069362,-1.124923,1.113756,-1.550923,-1.548620,-1.086826
-0.065898,-1.119901,1.116249,-1.557327,-1.547054,-1.086070
-0.062390,-1.114828,1.118684,-1.563773,-1.545515,-1.085138
-0.058849,-1.109733,1.121081,-1.570216,-1.544020,-1.084027
-0.055305,-1.104658,1.123458,-1.576649,-1.542566,-1.082730
-0.051789,-1.099633,1.125827,-1.583084,-1.541144,-1.081247
-0.048316,-1.094652,1.128188,-1.589523,-1.539755,-1.079586
-0.044890,-1.089687,1.130522,-1.595950,-1.538416,-1.077762
-0.041512,-1.084733,1.132785,-1.602311,-1.537151,-1.075790
-0.038189,-1.079830,1.134920,-1.608522,-1.535983,-1.073682
-0.034937,-1.075049,1.136864,-1.614490,-1.534923,-1.071448
-0.031767,-1.070443,1.138593,-1.620160,-1.533968,-1.069111
-0.028684,-1.066017,1.140130,-1.625533,-1.533095,-1.066708
-0.025693,-1.061738,1.141529,-1.630645,-1.532279,-1.064291
-0.022811,-1.057579,1.142838,-1.635509,-1.531510,-1.061908
-0.020071,-1.053553,1.144067,-1.640086,-1.530799,-1.059595
-0.017503,-1.049703,1.145197,-1.644317,-1.530170,-1.057369
-0.015103,-1.046058,1.146213,-1.648200,-1.529617,-1.055224
-0.012815,-1.042604,1.147124,-1.651833,-1.529097,-1.053137
-0.010559,-1.039295,1.147962,-1.655366,-1.528547,-1.051077
-0.008294,-1.036091,1.148747,-1.658890,-1.527942,-1.049027
-0.006046,-1.032980,1.149476,-1.662368,-1.527326,-1.046988
-0.003882,-1.029974,1.150121,-1.665683,-1.526780,-1.044976
-0.001840,-1.027079,1.150662,-1.668744,-1.526354,-1.042997
0.000117,-1.024272,1.151095,-1.671568,-1.526029,-1.041040
0.002066,-1.021520,1.151441,-1.674250,-1.525727,-1.039086
0.004063,-1.018800,1.151725,-1.676871,-1.525372,-1.037126
0.006097,-1.016125,1.151967,-1.679440,-1.524927,-1.035174
0.008108,-1.013525,1.152186,-1.681919,-1.524402,-1.033256
0.010060,-1.011015,1.152402,-1.684304,-1.523833,-1.031375
0.011980,-1.008577,1.152648,-1.686675,-1.523259,-1.029503
0.013930,-1.006166,1.152956,-1.689154,-1.522704,-1.027596
0.015949,-1.003745,1.153343,-1.691809,-1.522168,-1.025633
0.018006,-1.001302,1.153806,-1.694596,-1.521628,-1.023637
0.020034,-0.998845,1.154327,-1.697413,-1.521056,-1.021651
0.021993,-0.996384,1.154898,-1.700201,-1.520451,-1.019697
0.023909,-0.993911,1.155527,-1.703012,-1.519851,-1.017751
0.025847,-0.991406,1.156237,-1.705964,-1.519315,-1.015760
0.027852,-0.988856,1.157048,-1.709136,-1.518882,-1.013704
0.029909,-0.986263,1.157963,-1.712507,-1.518552,-1.011614
0.031958,-0.983645,1.158976,-1.715986,-1.518290,-1.009555
0.033945,-0.981028,1.160074,-1.719497,-1.518051,-1.007574
0.035852,-0.978437,1.161252,-1.723036,-1.517796,-1.005670
0.037695,-0.975887,1.162507,-1.726652,-1.517508,-1.003810
0.039491,-0.973378,1.163841,-1.730393,-1.517198,-1.001973
0.041237,-0.970896,1.165254,-1.734268,-1.516898,-1.000172
0.042918,-0.968415,1.166745,-1.738245,-1.516646,-0.998443
0.044520,-0.965916,1.168310,-1.742290,-1.516458,-0.996806
0.046052,-0.963387,1.169942,-1.746387,-1.516326,-0.995246
0.047532,-0.960832,1.171630,-1.750537,-1.516229,-0.993718
0.048977,-0.958273,1.173352,-1.754739,-1.516166,-0.992178
0.050393,-0.955745,1.175079,-1.758975,-1.516166,-0.990602
0.051773,-0.953291,1.176779,-1.763215,-1.516268,-0.988982
0.053102,-0.950950,1.178430,-1.767422,-1.516481,-0.987322
0.054367,-0.948751,1.180022,-1.771566,-1.516776,-0.985623
0.055565,-0.946703,1.181557,-1.775628,-1.517105,-0.983885
0.056710,-0.944792,1.183044,-1.779618,-1.517453,-0.982101
0.057832,-0.942985,1.184492,-1.783563,-1.517854,-0.980268
0.058958,-0.941242,1.185907,-1.787485,-1.518358,-0.978394
0.060084,-0.939544,1.187288,-1.791365,-1.518973,-0.976510
0.061174,-0.937897,1.188627,-1.795138,-1.519641,-0.974676
0.062181,-0.936316,1.189912,-1.798723,-1.520268,-0.972956
0.063093,-0.934807,1.191136,-1.802082,-1.520780,-0.971386
0.063947,-0.933351,1.192296,-1.805237,-1.521161,-0.969964
0.064794,-0.931917,1.193399,-1.808255,-1.521435,-0.968664
0.065654,-0.930487,1.194466,-1.811198,-1.521642,-0.967456
0.066498,-0.929066,1.195528,-1.814097,-1.521804,-0.966322
0.067273,-0.927669,1.196613,-1.816950,-1.521927,-0.965260
0.067957,-0.926302,1.197733,-1.819732,-1.522006,-0.964275
0.068579,-0.924952,1.198879,-1.822409,-1.522027,-0.963369
0.069196,-0.923596,1.200032,-1.824955,-1.521979,-0.962540
0.069844,-0.922223,1.201177,-1.827371,-1.521850,-0.961770
0.070516,-0.920837,1.202314,-1.829679,-1.521633,-0.961034
0.071179,-0.919454,1.203457,-1.831914,-1.521317,-0.960309
0.071802,-0.918084,1.204625,-1.834105,-1.520893,-0.959588
0.072381,-0.916721,1.205841,-1.836268,-1.520354,-0.958887
0.072931,-0.915355,1.207119,-1.838411,-1.519712,-0.958222
0.073476,-0.913976,1.208455,-1.840558,-1.519015,-0.957593
0.074031,-0.912586,1.209834,-1.842745,-1.518343,-0.956974
0.074606,-0.911192,1.211233,-1.845010,-1.517767,-0.956339
0.075200,-0.909797,1.212641,-1.847376,-1.517302,-0.955685
0.075811,-0.908399,1.214064,-1.849834,-1.516896,-0.955043
0.076431,-0.906988,1.215512,-1.852366,-1.516477,-0.954450
0.077052,-0.905557,1.216992,-1.854954,-1.516022,-0.953912
0.077665,-0.904102,1.218497,-1.857591,-1.515578,-0.953393
0.078259,-0.902625,1.220010,-1.860275,-1.515216,-0.952845
0.078828,-0.901137,1.221512,-1.862995,-1.514974,-0.952250
0.079366,-0.899653,1.222987,-1.865724,-1.514829,-0.951633
0.079872,-0.898190,1.224424,-1.868433,-1.514720,-0.951041
0.080351,-0.896762,1.225823,-1.871103,-1.514599,-0.950505
0.080815,-0.895374,1.227189,-1.873731,-1.514454,-0.950023
0.081277,-0.894029,1.228531,-1.876319,-1.514299,-0.949567
0.081746,-0.892724,1.229857,-1.878858,-1.514154,-0.949105
0.082224,-0.891456,1.231168,-1.881332,-1.514030,-0.948617
0.082710,-0.890215,1.232461,-1.883725,-1.513926,-0.948104
0.083196,-0.888993,1.233731,-1.886047,-1.513835,-0.947591
0.083670,-0.887779,1.234973,-1.888335,-1.513751,-0.947118
0.084125,-0.886569,1.236187,-1.890626,-1.513668,-0.946715
0.084554,-0.885381,1.237377,-1.892927,-1.513587,-0.946366
0.084955,-0.884244,1.238555,-1.895212,-1.513511,-0.946018
0.085332,-0.883184,1.239724,-1.897437,-1.513446,-0.945612
0.085690,-0.882204,1.240874,-1.899571,-1.513392,-0.945130
0.086033,-0.881276,1.241978,-1.901606,-1.513348,-0.944608
0.086367,-0.880366,1.243018,-1.903558,-1.513307,-0.944105
0.086698,-0.879457,1.243999,-1.905445,-1.513268,-0.943672
0.087033,-0.878556,1.244954,-1.907283,-1.513230,-0.943327
0.087374,-0.877686,1.245913,-1.909073,-1.513193,-0.943055
0.087722,-0.876863,1.246870,-1.910806,-1.513158,-0.942815
0.088074,-0.876093,1.247787,-1.912458,-1.513126,-0.942558
0.088427,-0.875368,1.248619,-1.914014,-1.513095,-0.942248
0.088779,-0.874674,1.249361,-1.915473,-1.513064,-0.941879
0.089130,-0.874000,1.250054,-1.916856,-1.513032,-0.941476
0.089478,-0.873342,1.250749,-1.918184,-1.512999,-0.941078
0.089819,-0.872708,1.251474,-1.919468,-1.512968,-0.940718
0.090143,-0.872117,1.252216,-1.920703,-1.512940,-0.940407
0.090438,-0.871581,1.252940,-1.921882,-1.512920,-0.940143
0.090704,-0.871091,1.253618,-1.923010,-1.512904,-0.939913
0.090944,-0.870621,1.254241,-1.924110,-1.512890,-0.939702
0.091168,-0.870141,1.254817,-1.925206,-1.512874,-0.939497
0.091384,-0.869637,1.255365,-1.926303,-1.512856,-0.939285
0.091596,-0.869111,1.255902,-1.927392,-1.512839,-0.939059
0.091801,-0.868578,1.256443,-1.928457,-1.512828,-0.938815
0.091995,-0.868047,1.256997,-1.929500,-1.512823,-0.938558
0.092172,-0.867516,1.257566,-1.930538,-1.512822,-0.938298
0.092330,-0.866979,1.258150,-1.931598,-1.512822,-0.938044
0.092476,-0.866430,1.258749,-1.932696,-1.512827,-0.937803
0.092625,-0.865868,1.259362,-1.933834,-1.512843,-0.937576
0.092792,-0.865291,1.259977,-1.934994,-1.512887,-0.937361
0.092984,-0.864701,1.260575,-1.936145,-1.512976,-0.937157
0.093199,-0.864092,1.261126,-1.937250,-1.513128,-0.936961
0.093432,-0.863458,1.261612,-1.938277,-1.513352,-0.936774
0.093677,-0.862785,1.262042,-1.939210,-1.513633,-0.936587
0.093934,-0.862062,1.262447,-1.940054,-1.513948,-0.936393
0.094196,-0.861287,1.262861,-1.940825,-1.514281,-0.936186
0.094452,-0.860477,1.263299,-1.941547,-1.514642,-0.935967
0.094686,-0.859660,1.263750,-1.942243,-1.515062,-0.935746
0.094887,-0.858861,1.264200,-1.942941,-1.515557,-0.935528
0.095059,-0.858083,1.264641,-1.943671,-1.516100,-0.935310
0.095218,-0.857313,1.265081,-1.944458,-1.516625,-0.935077
0.095379,-0.856528,1.265531,-1.945319,-1.517069,-0.934822
0.095548,-0.855722,1.265989,-1.946250,-1.517410,-0.934550
0.095715,-0.854903,1.266444,-1.947232,-1.517678,-0.934285
0.095871,-0.854092,1.266884,-1.948250,-1.517936,-0.934047
0.096016,-0.853315,1.267315,-1.949306,-1.518243,-0.933843
0.096161,-0.852594,1.267755,-1.950421,-1.518643,-0.933665
0.096320,-0.851939,1.268223,-1.951612,-1.519134,-0.933499
0.096492,-0.851343,1.268724,-1.952878,-1.519674,-0.933335
0.096669,-0.850787,1.269248,-1.954193,-1.520194,-0.933176
0.096835,-0.850247,1.269779,-1.955526,-1.520645,-0.933021
0.096984,-0.849708,1.270306,-1.956848,-1.521033,-0.932867
0.097116,-0.849163,1.270827,-1.958142,-1.521413,-0.932703
0.097235,-0.848620,1.271337,-1.959397,-1.521837,-0.932525
0.097341,-0.848092,1.271825,-1.960610,-1.522319,-0.932342
0.097433,-0.847595,1.272272,-1.961775,-1.522820,-0.932171
0.097510,-0.847140,1.272668,-1.962885,-1.523288,-0.932028
0.097577,-0.846727,1.273015,-1.963932,-1.523682,-0.931909
0.097645,-0.846347,1.273332,-1.964911,-1.523991,-0.931793
0.097722,-0.845984,1.273639,-1.965825,-1.524227,-0.931663
0.097811,-0.845627,1.273948,-1.966694,-1.524413,-0.931518
0.097904,-0.845264,1.274259,-1.967543,-1.524576,-0.931371
0.097996,-0.844887,1.274570,-1.968394,-1.524734,-0.931240
0.098080,-0.844490,1.274883,-1.969251,-1.524893,-0.931131
0.098154,-0.844066,1.275205,-1.970107,-1.525051,-0.931041
0.098223,-0.843615,1.275541,-1.970950,-1.525202,-0.930962
0.098290,-0.843145,1.275888,-1.971783,-1.525343,-0.930888
0.098360,-0.842669,1.276236,-1.972615,-1.525475,-0.930823
0.098434,-0.842197,1.276575,-1.973458,-1.525599,-0.930769
0.098505,-0.841728,1.276908,-1.974318,-1.525716,-0.930726
0.098565,-0.841255,1.277242,-1.975190,-1.525822,-0.930691
0.098605,-0.840768,1.277586,-1.976068,-1.525914,-0.930658
0.098626,-0.840262,1.277938,-1.976951,-1.525989,-0.930625
0.098636,-0.839740,1.278291,-1.977842,-1.526047,-0.930594
0.098643,-0.839205,1.278634,-1.978746,-1.526091,-0.930574
0.098657,-0.838653,1.278968,-1.979670,-1.526127,-0.930579
0.098679,-0.838077,1.279296,-1.980616,-1.526161,-0.930625
0.098709,-0.837470,1.279629,-1.981585,-1.526199,-0.930712
0.098745,-0.836830,1.279975,-1.982573,-1.526240,-0.930821
0.098783,-0.836163,1.280337,-1.983577,-1.526284,-0.930918
0.098821,-0.835481,1.280714,-1.984597,-1.526327,-0.930979
0.098858,-0.834803,1.281103,-1.985637,-1.526368,-0.930998
0.098896,-0.834145,1.281496,-1.986703,-1.526410,-0.930986
0.098931,-0.833515,1.281889,-1.987794,-1.526452,-0.930960
0.098959,-0.832909,1.282283,-1.988898,-1.526493,-0.930927
0.098972,-0.832308,1.282682,-1.989997,-1.526531,-0.930886
0.098970,-0.831693,1.283092,-1.991079,-1.526563,-0.930831
0.098963,-0.831046,1.283516,-1.992152,-1.526588,-0.930766
0.098965,-0.830361,1.283953,-1.993238,-1.526608,-0.930699
0.098981,-0.829639,1.284398,-1.994361,-1.526622,-0.930639
0.099009,-0.828898,1.284846,-1.995539,-1.526632,-0.930594
0.099032,-0.828155,1.285290,-1.996777,-1.526631,-0.930564
0.099041,-0.827428,1.285725,-1.998074,-1.526612,-0.930552
0.099038,-0.826724,1.286149,-1.999424,-1.526564,-0.930559
0.099034,-0.826043,1.286565,-2.000818,-1.526477,-0.930586
0.099038,-0.825379,1.286979,-2.002238,-1.526352,-0.930631
0.099051,-0.824728,1.287407,-2.003664,-1.526205,-0.930683
0.099064,-0.824090,1.287861,-2.005066,-1.526058,-0.930730
0.099071,-0.823471,1.288344,-2.006420,-1.525929,-0.930764
0.099072,-0.822881,1.288844,-2.007706,-1.525821,-0.930783
0.099074,-0.822335,1.289338,-2.008911,-1.525727,-0.930792
0.099086,-0.821839,1.289807,-2.010033,-1.525640,-0.930797
0.099113,-0.821395,1.290240,-2.011073,-1.525556,-0.930795
0.099154,-0.820993,1.290639,-2.012040,-1.525481,-0.930782
0.099208,-0.820625,1.291011,-2.012940,-1.525421,-0.930755
0.099272,-0.820282,1.291361,-2.013781,-1.525378,-0.930715
0.099345,-0.819957,1.291692,-2.014565,-1.525349,-0.930671
0.099430,-0.819646,1.292003,-2.015294,-1.525334,-0.930633
0.099530,-0.819342,1.292293,-2.015973,-1.525330,-0.930615
0.099648,-0.819041,1.292562,-2.016606,-1.525336,-0.930621
0.099777,-0.818743,1.292816,-2.017200,-1.525347,-0.930653
0.099907,-0.818451,1.293068,-2.017762,-1.525358,-0.930700
0.100021,-0.818174,1.293329,-2.018300,-1.525362,-0.930748
0.100113,-0.817914,1.293603,-2.018816,-1.525361,-0.930787
0.100187,-0.817668,1.293882,-2.019309,-1.525366,-0.930812
0.100254,-0.817427,1.294151,-2.019786,-1.525389,-0.930828
0.100323,-0.817182,1.294410,-2.020276,-1.525425,-0.930842
0.100390,-0.816929,1.294679,-2.020832,-1.525444,-0.930861
0.100445,-0.816670,1.294983,-2.021497,-1.525417,-0.930885
0.100485,-0.816413,1.295326,-2.022261,-1.525346,-0.930908
0.100517,-0.816165,1.295684,-2.023040,-1.525275,-0.930916
0.100553,-0.815930,1.296019,-2.023750,-1.525262,-0.930899
0.100598,-0.815696,1.296325,-2.024400,-1.525310,-0.930865
0.100640,-0.815441,1.296636,-2.025133,-1.525354,-0.930843
0.100667,-0.815145,1.297000,-2.026100,-1.525315,-0.930860
0.100683,-0.814814,1.297419,-2.027279,-1.525208,-0.930909
0.100716,-0.814488,1.297825,-2.028394,-1.525175,-0.930935
0.100804,-0.814226,1.298127,-2.029082,-1.525414,-0.930869
0.100959,-0.814072,1.298295,-2.029184,-1.526028,-0.930691
0.101157,-0.814034,1.298400,-2.028886,-1.526948,-0.930450
0.101351,-0.814097,1.298571,-2.028585,-1.527977,-0.930237
0.101499,-0.814243,1.298908,-2.028603,-1.528900,-0.930120
0.101590,-0.814467,1.299434,-2.029028,-1.529569,-0.930105
0.101631,-0.814774,1.300107,-2.029766,-1.529930,-0.930151
0.101636,-0.815156,1.300876,-2.030732,-1.530019,-0.930215
0.101612,-0.815592,1.301716,-2.031959,-1.529934,-0.930275
0.101559,-0.816046,1.302624,-2.033542,-1.529782,-0.930330
0.101482,-0.816487,1.303592,-2.035497,-1.529628,-0.930383
0.101390,-0.816899,1.304587,-2.037689,-1.529485,-0.930426
0.101298,-0.817278,1.305561,-2.039894,-1.529321,-0.930444
0.101221,-0.817626,1.306471,-2.041898,-1.529102,-0.930422
0.101166,-0.817946,1.307290,-2.043561,-1.528802,-0.930351
0.101138,-0.818243,1.308005,-2.044818,-1.528414,-0.930231
0.101137,-0.818519,1.308613,-2.045662,-1.527942,-0.930064
0.101159,-0.818776,1.309120,-2.046117,-1.527395,-0.929856
0.101203,-0.819014,1.309534,-2.046227,-1.526788,-0.929616
