0.311039,-1.667739,1.569081,-1.441073,-1.592866,-2.830888
0.329179,-1.660247,1.580197,-1.459915,-1.590823,-2.825204
0.357253,-1.649025,1.596454,-1.486928,-1.589848,-2.813985
0.391045,-1.636068,1.616629,-1.518537,-1.590778,-2.795552
0.427694,-1.621585,1.640073,-1.550987,-1.595795,-2.770098
0.464972,-1.604590,1.664032,-1.580580,-1.607365,-2.738827
0.501081,-1.585035,1.685978,-1.607996,-1.622580,-2.706182
0.533817,-1.564804,1.705664,-1.636858,-1.633682,-2.679802
0.562919,-1.544641,1.723872,-1.670241,-1.636429,-2.663388
0.590352,-1.523230,1.741631,-1.709976,-1.632520,-2.654460
0.616567,-1.499978,1.758431,-1.753582,-1.625797,-2.646201
0.640794,-1.476098,1.772899,-1.794750,-1.619829,-2.633513
0.661860,-1.453882,1.784169,-1.829160,-1.616093,-2.618020
0.678902,-1.435418,1.791592,-1.854980,-1.614137,-2.603208
0.692539,-1.420778,1.796073,-1.873795,-1.612688,-2.590721
0.704639,-1.408074,1.798932,-1.889201,-1.611262,-2.579645
0.716295,-1.396143,1.801440,-1.903657,-1.609241,-2.569064
0.727883,-1.383858,1.805586,-1.919960,-1.606878,-2.558408
0.738984,-1.370877,1.812068,-1.939291,-1.605395,-2.547842
0.748678,-1.357865,1.820388,-1.960787,-1.604657,-2.538353
0.756512,-1.345625,1.829411,-1.982946,-1.604914,-2.529897
0.762961,-1.335377,1.837511,-2.003928,-1.606918,-2.521101
0.768451,-1.327488,1.843967,-2.022131,-1.609621,-2.512431
0.773012,-1.320505,1.849437,-2.036900,-1.610823,-2.506104
0.776652,-1.313558,1.855049,-2.049029,-1.609663,-2.501919
0.779907,-1.306426,1.861553,-2.060316,-1.606898,-2.498494
0.783213,-1.299123,1.868813,-2.072437,-1.604113,-2.495418
0.786415,-1.291712,1.876319,-2.086110,-1.602683,-2.492550
0.789182,-1.284659,1.883254,-2.099619,-1.602179,-2.489814
0.791579,-1.278519,1.889400,-2.111649,-1.601995,-2.487178
0.793725,-1.273274,1.894969,-2.122369,-1.601787,-2.484846
0.795611,-1.268944,1.899687,-2.131458,-1.601632,-2.482826
0.797436,-1.265571,1.903445,-2.138548,-1.601471,-2.481054
0.798961,-1.262817,1.906653,-2.144361,-1.601343,-2.479602
0.800057,-1.260151,1.909574,-2.149799,-1.601300,-2.478356
0.801009,-1.257165,1.912405,-2.155397,-1.601566,-2.477122
0.802148,-1.253570,1.915046,-2.160522,-1.602747,-2.475979
0.803391,-1.249425,1.917345,-2.164710,-1.604813,-2.474819
0.804346,-1.245381,1.919703,-2.169491,-1.606965,-2.473561
0.805079,-1.242081,1.922219,-2.175808,-1.609036,-2.472547
0.805724,-1.239521,1.924704,-2.182384,-1.611029,-2.471787
0.806181,-1.237456,1.926675,-2.187808,-1.612561,-2.471069
0.806597,-1.235475,1.928210,-2.192008,-1.613446,-2.470488
0.806991,-1.233116,1.929888,-2.196075,-1.613835,-2.470148
0.807190,-1.230329,1.931714,-2.200597,-1.614111,-2.470117
0.807341,-1.227192,1.933584,-2.205634,-1.614262,-2.470290
0.807516,-1.223841,1.935610,-2.211073,-1.614447,-2.470294
0.807588,-1.220440,1.937788,-2.216936,-1.614591,-2.469993
0.807623,-1.216990,1.940014,-2.223477,-1.614389,-2.469870
0.807705,-1.213936,1.942267,-2.230071,-1.613815,-2.470001
0.807953,-1.211812,1.944319,-2.235183,-1.613414,-2.469999
0.808423,-1.210393,1.945868,-2.238430,-1.613469,-2.469881
0.808926,-1.209154,1.947115,-2.240913,-1.613602,-2.469977
0.809245,-1.207878,1.948551,-2.243901,-1.613609,-2.470105
0.809467,-1.206600,1.950194,-2.247652,-1.613893,-2.469964
0.809846,-1.205923,1.951970,-2.250742,-1.615578,-2.469630
0.810262,-1.207000,1.954662,-2.253798,-1.618190,-2.469427
0.809828,-1.208927,1.959510,-2.262809,-1.616728,-2.469363
0.809205,-1.210670,1.964063,-2.271984,-1.614194,-2.469355
0.808682,-1.211943,1.967492,-2.279099,-1.611975,-2.469362
