0,0,0,0,0,0
0.0,0.0,0.5339381362907613,0.0,0.0,0.0
0.0,0.0,0.7074529578816097,0.0,0.0,0.0
0.0,0.0,0.8111741441003124,0.0,0.0,0.0
0.0,0.0,0.9209671164417268,0.0,0.0,0.0
0.0,0.0,0.9575169987039702,0.0,0.0,0.0
0.0,0.0,0.9743058052041016,0.0,0.0,0.0
0.0,0.0,1.1047109589168211,0.0,0.0,0.0
0.0,0.0,1.2241279511988494,0.0,0.0,0.0
0.0,0.0,1.3537504304129846,0.0,0.0,0.0
0.0,0.0,1.3889864821106466,0.0,0.0,0.0
0.0,0.0,1.352070939439289,0.0,0.0,0.0
0.0,0.0,1.6234812186230212,0.0,0.0,0.0
0.0,0.0,1.8105188837902617,0.0,0.0,0.0
0.0,0.0,2.0618833428778514,0.0,0.0,0.0
0.0,0.0,1.9815667149113216,0.0,0.0,0.0
0.0,0.0,2.043231892870696,0.0,0.0,0.0
0.0,0.0,2.202505277579057,0.0,0.0,0.0
0.0,0.0,2.310431013856992,0.0,0.0,0.0
0.0,0.0,2.374481018071827,0.0,0.0,0.0
0.0,0.0,2.567941836425423,0.0,0.0,0.0
0.0,0.0,2.563438382274568,0.0,0.0,0.0
0.0,0.0,2.5764650973769774,0.0,0.0,0.0
0.0,0.0,2.759901939154737,0.0,0.0,0.0
0.0,0.0,2.83025956149767,0.0,0.0,0.0
0.0,0.0,2.8384332757077475,0.0,0.0,0.0
0.0,0.0,2.841668864351522,0.0,0.0,0.0
0.0,0.0,3.0036377696419434,0.0,0.0,0.0
0.0,0.0,3.181292496793776,0.0,0.0,0.0
0.0,0.0,3.1780717061917123,0.0,0.0,0.0
0.0,0.0,3.220887191237736,0.0,0.0,0.0
0.0,0.0,3.2809000627373757,0.0,0.0,0.0
0.0,0.0,3.215188598171013,0.0,0.0,0.0
0.0,0.0,3.3213496478103037,0.0,0.0,0.0
0.0,0.0,3.382163099029473,0.0,0.0,0.0
0.0,0.0,3.352202960822466,0.0,0.0,0.0
0.0,0.0,3.6793580306146403,0.0,0.0,0.0
0.0,0.0,3.6513024345313334,-0.001503043660664149,0.0,0.0
0.0,0.0,3.9047734494001483,-0.0024188738640960523,0.0,0.0
0.0,0.0,4.062692645730094,-0.008702169965145126,0.0,0.0
0.0,0.0,3.969647722689353,-0.007279120579688217,0.0,0.0
0.0,0.0,4.2934808029450595,-0.006260674195208614,0.0,0.0
0.0,0.0,4.156016927880581,-0.011692295235217995,0.0,0.0
0.0,0.0,4.3409781324284165,-0.013869770209898751,0.0,0.0
0.0,0.0,4.376830136346459,-0.01723163775310735,0.0,0.0
0.0,0.0,4.376678061035131,-0.014297424811989434,0.0,0.0
0.0,0.0,4.415057381623686,-0.014671441395938845,0.0,0.0
0.0,0.0,4.5400170056921345,-0.011872337911836447,0.0,0.0
0.0,0.0,4.529302540612621,-0.020218522207639568,0.0,0.0
0.0,0.0,4.582459166923652,-0.01514185770822308,0.0,0.0
0.0,0.0,4.579254756765364,-0.01699951084431011,0.0,0.0
0.0,0.0,4.584146548039589,-0.014906816441184734,0.0,0.0
0.0,0.0,4.698209732748534,-0.020407941796608355,-0.0005326375441032992,0.0
0.0,0.0,4.63567055878203,-0.018699348648172825,-0.0019999993332049473,0.0
0.0,0.0,4.870234121400859,-0.020476864908408766,-0.004162092289611862,0.0
0.0,0.0,5.004282352898351,-0.02121551799202852,-0.00625842008396624,0.0
0.0,0.0,5.059361661897342,-0.021211100692092623,-0.006766678392249971,0.0
0.0,0.0,4.963056987443177,-0.026013063333857035,-0.004771625984360244,0.0
0.0,0.0,5.196024902048727,-0.027085617581628984,-0.004676258325663749,0.0
0.0,0.0,5.2613959475688,-0.035476817864271155,-0.0013540522253402986,0.0
0.0,0.0,5.429387690131071,-0.03210545152165388,-0.0003928112978718441,0.0
0.0,0.0,5.337085766939428,-0.03866882949960736,-0.0010492107250642795,0.0
0.0,0.0,5.285136426613042,-0.04132223991482935,-0.00036679030136311044,0.0
0.0,0.0,5.465619429977898,-0.04101671999386697,-0.0069176047420595604,0.0
0.0,0.0,5.490983080718296,-0.04114259003152838,-0.010429698008238241,0.0
0.0,0.0,5.429698012916229,-0.036972614119521206,-0.007030708573693122,0.0
0.0,0.0,5.5540432652737675,-0.035604635158852004,-0.005285296196269986,0.0
0.0,0.0,5.636693379205601,-0.037540783104340635,-0.00745977577526586,0.0
0.0,0.0,5.793574035726516,-0.044461828071068715,-0.007647906389502433,0.0
0.0,0.0,5.764499470217269,-0.04852722729280098,-0.00988585068958391,0.0
0.0,0.0,5.839487328752246,-0.04389673449711646,-0.01243814400826608,0.0
0.0,0.0,5.778965734711262,-0.04513831903000022,-0.015207848460296464,0.0
0.0,0.0,5.743650588523481,-0.03910883298519117,-0.02087152289878813,0.0
0.0,0.0,5.650631465551497,-0.03762249348766665,-0.019748166756540907,0.0
0.0,0.0,5.805262815560404,-0.04190440288402145,-0.022375669182571695,0.0
0.0,0.0,5.840353442695185,-0.03981185132127825,-0.018614812105196037,0.0
0.0,0.0,5.9540443611918565,-0.03599911325193781,-0.015653005821251523,0.0
0.0,0.0,6.204714749793526,-0.043305298568654574,-0.024474840575829902,0.0
0.0,0.0,6.10260591866383,-0.05402284095620711,-0.013463090415631379,0.0
0.0,0.0,6.074354248274914,-0.06208313817064363,-0.011800036263641622,0.0
0.0,0.0,6.264312334562058,-0.06758354032437489,-0.011962027473088319,0.0
0.0,0.0,6.332873373841158,-0.06269891956117572,-0.007632095534748323,0.0
0.0,0.0,6.481737902529881,-0.06389908951249115,-0.004105858405161052,0.0
0.0,0.0,6.6608140317715865,-0.05924085103227548,-0.01512649341940497,0.0
0.0,0.0,6.6608140317715865,-0.05924085103227548,-0.01512649341940497,0.0
0.0,0.0,6.826634872292068,-0.05358788867408475,-0.019911530953591407,-0.0013173012288056462
0.0,0.0,6.732530805311429,-0.04813942163303322,-0.018894106556819956,-0.0035566511145573945
0.0,0.0,6.942891531922601,-0.05182889345630241,-0.016714163618736465,-0.004785222014640334
0.0,0.0,6.853608115362843,-0.05334034961908973,-0.013579917893141464,-0.007579384221059251
0.0,0.0,6.9857863480665205,-0.05101983057947394,-0.01736685334561324,-0.011670378256703898
0.0,0.0,7.1162717669979845,-0.048428840916954444,-0.017525023248342673,-0.013846295025687044
0.0,0.0,7.060291451297211,-0.04443547523761545,-0.0193205850185395,-0.015244899015594915
0.0,0.0,7.396762757378147,-0.047704680738783416,-0.019821836928025704,-0.02066968639999176
0.0,0.0,7.199962677458951,-0.050186837700398244,-0.011168663009404712,-0.018978224579427425
0.0,0.0,7.5368694038746895,-0.06150701957149216,-0.005130437646325533,-0.02293655216323843
0.0,-0.008145492636764786,7.226007654894057,-0.07094605660836656,-0.0004643555316918804,-0.025949195151566528
0.0,0.0,7.64783233874676,-0.06870080018719434,-0.004047249661715818,-0.028505442986603104
0.0,0.0,7.597897922111569,-0.05795611217903686,-0.012571960184653546,-0.028503500336936084
0.0,0.0,7.765490336442018,-0.052083857117446467,-0.01668300275076419,-0.02729335009120898
0.0,0.0,7.495132538241107,-0.050936944776470684,-0.014400010177616256,-0.026927926280816285
0.0,0.0,7.733657715658902,-0.04731709979906509,-0.01696655552819904,-0.030377290888865427
0.0,0.0,7.558008226861721,-0.05474947564820115,-0.01863184338530848,-0.030447684497205023
0.0,0.0,7.716161459673174,-0.06905534089756718,-0.014609395983281287,-0.03306443209357674
0.0,-0.02656189742978344,8.157032249239297,-0.07310174128302446,-0.009957741326955757,-0.03080787084063009
0.0,-0.10435355360475759,7.746755775505048,-0.08566756141408989,-0.003384000939598951,-0.03669531517577492
0.0,-0.014623673798978252,7.679600631102863,-0.0800155884931413,-0.003195936554253663,-0.03371501549539074
0.0,0.0,8.028105860640755,-0.07193847178180748,-0.0059496600510401355,-0.030652535701248602
0.0,0.0,7.992520659886949,-0.058124640055447,-0.01398422186331974,-0.03390197011044526
0.0,0.0,7.511199857546354,-0.05137267616744958,-0.029625092734436198,-0.034121466289562995
0.0939839862340895,0.0,7.572940233275477,-0.041874656099623236,-0.042506990222788116,-0.03267456453322402
0.3243430165583859,0.0,7.706890496681224,-0.038398208927887645,-0.0466578517857814,-0.0358555172514634
0.06949858842947947,0.0,7.641914310306264,-0.04415441333990147,-0.04253808972523125,-0.031304781622234
0.011966782012379294,0.0,7.488596937134419,-0.056878315102761,-0.031121527955720135,-0.027157349118018304
0.0,0.0,7.7680505621939675,-0.06354889137047104,-0.022078655006343838,-0.02879921797570213
0.0,0.0,7.93657255320449,-0.07438190692179474,-0.018287743581611164,-0.03034408216171867
0.0,-0.12581066774760874,7.923262719638548,-0.08179217428562277,-0.0097619126687396,-0.027925082111605444
0.0,0.0,7.908322627293911,-0.08000008647741189,-0.013762941298304349,-0.026470339486706924
0.0,0.0,7.916917169696562,-0.06485058861588494,-0.02432336572731278,-0.026904418271541143
0.2230043642924513,0.0,7.859662096130334,-0.05146734298428426,-0.03170069752257722,-0.023315403421795493
0.36605950018437866,0.0,7.938486127438869,-0.028452136570149732,-0.04617071576254747,-0.025434128750548957
0.5968796084686433,0.0,8.057026405394575,-0.028742886393643318,-0.05006178310505287,-0.023047793077418815
0.48743739333603253,0.0,8.078650370504409,-0.03022423705213249,-0.05077703281379311,-0.0253396262286827
0.2604445983673874,0.0,8.191028377052941,-0.04019807908490393,-0.03571405224397996,-0.02181926655520959
0.0,0.0,8.197195084422274,-0.06598388880326847,-0.02154778562056984,-0.02018315850593679
0.0,0.0,8.179786827436345,-0.08229013951889048,-0.008855982968206746,-0.02412893873435749
0.0,0.0,7.94367923452991,-0.09299853299999526,-0.0035937697311453783,-0.02389374716430209
0.0,0.0,8.137391816407078,-0.08035011642166101,-0.0068533173566840385,-0.021616563270764295
0.13168289178597065,0.0,8.160380673134016,-0.05593749099077956,-0.017660577541490165,-0.02083406080119165
0.5603385589297277,0.0,8.031443185180224,-0.03620373353023411,-0.036652882876052346,-0.018758885506435695
0.4210603293618574,0.0,8.122152276736173,-0.022653412268648667,-0.048490172385346864,-0.018880482702458613
0.4902117008562323,0.0,8.230897163429647,-0.01446488868848054,-0.04026007774834559,-0.01562805900129828
0.029643930062906405,0.0,8.28427064307467,-0.028611093503344582,-0.02388724046253939,-0.018895851814387805
0.0,0.0,8.000143649187725,-0.04673161606100745,-0.009588265004055716,-0.01816058752716491
0.0,0.0,8.103761630043838,-0.052923148232599325,-0.0008576696206626817,-0.019681820392377574
0.0,0.0,8.399603768569095,-0.05243120324265047,-0.003227947140427388,-0.018179287649186117
0.0,0.0,8.541561522034296,-0.05294519520344383,-0.009888343232638269,-0.01936980918492541
0.0,0.0,8.330721775207119,-0.037178887995947256,-0.011342695601550006,-0.01737464128857375
0.0,0.0,8.299262648627156,-0.026493113094398207,-0.026804640816669983,-0.0127143969140549
0.0,0.0,8.640729590375884,-0.022106665876622994,-0.03041531967089134,-0.01421739281539805
0.0,0.0,8.450987817145036,-0.023218176742640945,-0.026551430098136635,-0.011112106949871383
0.0,0.0,8.42208493119354,-0.05291625379815893,-0.0191610020548236,-0.00906284035238301
0.0,0.0,8.005132634377675,-0.08357355391118412,-0.006208885191636593,-0.006519348350962552
0.0,0.0,8.276437351623137,-0.09649437015078023,-0.014538502442642312,-0.007311044598158079
0.0,0.0,8.637038273721132,-0.0832250799435725,-0.02511006627597572,-0.008014272106680976
0.0,0.0,8.388669984823679,-0.08422984888919348,-0.031562067452219386,-0.0053230894923220655
0.0,0.0,8.292640240507342,-0.07725309622256009,-0.031690943174657246,-0.0035786146672158537
0.0,0.0,8.616350291677488,-0.06287589498200533,-0.03059154408937844,-0.0036365191092072244
0.0,0.0,8.473474221260355,-0.07058777761204842,-0.01741374621647062,-0.004551058799092929
0.0,0.0,8.57365225070379,-0.07089176695010799,-0.02127012037074646,-0.006576843112694441
0.0,0.0,8.55871448516245,-0.06986090776866759,-0.02180218994405939,-0.006776799705225943
0.0,0.0,8.722622244535634,-0.0725036476962512,-0.024970497669021603,-0.0028593008879903756
0.0,0.0,8.61361044041395,-0.08744275319889017,-0.01919270933093556,-0.0067952605534419425
0.0,0.0,8.632509025239372,-0.06277939535131107,-0.01386463112263982,-0.00643853261945228
0.0,0.0,8.664817470562403,-0.03756640612602414,-0.016807403038313167,-0.003323944864992964
0.021445112240830552,0.0,8.728404963663472,-0.019983923908549587,-0.02329299652727721,-0.0022614263094070993
0.021445112240830552,0.0,8.728404963663472,-0.019983923908549587,-0.02329299652727721,-0.0022614263094070993
0.128785163552807,0.0,9.07591381767512,-0.013157941961130671,-0.02419228168816166,-0.0006707742330669638
0.0,0.0,8.811841950291017,-0.03556551572350189,-0.008633956322012162,0.0
0.0,0.0,8.596783511630175,-0.059361643627005224,-0.0023537271581550922,-0.0002923926751636984
0.0,0.0,8.649198920064828,-0.06775671518182994,-0.0028404225481748046,-0.0014477879685377375
0.0,0.0,8.775694173684782,-0.05978327108951753,-0.00488815864900711,-0.00025909465555460737
0.07542605310625221,0.0,8.758240778044259,-0.0351929217075876,-0.019968917403456625,0.0
0.10434243250175172,0.0,9.257285647956826,-0.027905003392529625,-0.03157282180488157,-0.00044748198103687994
0.0,0.0,9.227668063901545,-0.04078087987772246,-0.02112034158782136,0.0
0.0,0.0,8.87990562547031,-0.06290773042628646,-0.013920473104943435,-0.0009933177925693219
0.0,0.0,9.104047611081569,-0.0696395208080978,-0.015616050919850822,-0.0009526382235725911
0.0,0.0,9.283283753043523,-0.06746556253871978,-0.02243041858511948,-0.0017664128095655734
0.0,0.0,9.436449854018992,-0.07926054996103507,-0.014760881542557867,-0.00014780583650559866
0.0,-0.08752519217499836,9.30425603704768,-0.09182558475998602,-0.0072149519996597715,-0.0016555167225241981
0.0,0.0,9.144195371309433,-0.09086653692406606,-0.007523956572014092,-0.0051432900336876326
0.0,0.0,9.482545333755521,-0.05898351434123252,-0.017574999102952436,-0.0036426063450209815
0.0,0.0,9.910207635444875,-0.030493841801435217,-0.025018932629835965,-0.002310356552300152
0.0,0.0,9.663082629487574,-0.041176160148238966,-0.011117206813040011,-0.004052367050287462
0.0,0.0,9.036313572634413,-0.0728156675244793,-0.002547158177280607,-0.0017713288978497496
0.0,0.0,9.314927677176648,-0.086482787533804,-0.004202641893900681,-0.00545605713129277
0.0,0.0,9.096953537531084,-0.08723824113085407,-0.002159097654175032,-0.005181814726739195
0.0,0.0,9.011756810513448,-0.059703437693339065,-0.013586377826997897,-0.004119261238672305
0.0,0.0,9.199175809123975,-0.04503898799393006,-0.013319961419608764,-0.0056940012249545886
0.0,0.0,8.972669315296175,-0.039402100059517074,-0.00520874521002246,-0.003984010027676446
0.0,0.0,8.871779148975017,-0.032508222138322926,-0.00382297241432802,-0.004217440156191403
0.0,0.0,8.689757001801734,-0.030845694848934773,-0.0034433409892515635,-0.0058276229772668
0.0,0.0,8.894332633163913,-0.02272745823313441,-0.007693592483813331,-0.006581282266523106
0.0,0.0,9.318388916485365,-0.027904777376305607,-0.003999568850961621,-0.002458609900534508
0.0,0.0,9.061884049096168,-0.047974402704833476,-0.000989840206223341,-0.008687770736724287
0.0,0.0,8.581753026132384,-0.0724010596610822,0.0,-0.0075822200988022795
0.0,0.0,9.016134440012227,-0.06507811913017225,0.0,-0.008941593167053213
0.0,0.0,9.609921916990496,-0.04327359718609173,-0.006733088836807753,-0.008923066917658727
0.0,0.0,9.53919082537972,-0.03509303456859422,-0.008296300553563658,-0.007997188805553484
0.0,0.0,9.822542231844912,-0.03231713187771224,-0.01985225015898667,-0.004698976962299127
0.0,0.0,9.78253570842562,-0.05739953086722645,-0.014398306076765085,-0.009276725926784865
0.0,0.0,9.791610259487097,-0.051051171491832394,-0.017923674852832902,-0.00885405279633925
0.0,0.0,9.97282469206262,-0.05606515457655957,-0.011603246944436171,-0.011120020145000489
0.0,0.0,10.180555051475718,-0.05942878752414742,-0.004518645310296965,-0.0064649269751230875
0.0,0.0,9.838149388475403,-0.09240888185894498,0.0,-0.010518441387330203
0.0,0.0,9.577008769648254,-0.10462300136244103,0.0,-0.013584009382451545
0.0,0.0,9.616658861335104,-0.08313811249943119,0.0,-0.014609009764778502
0.0,0.0,9.86945032647763,-0.0499200243944779,-0.0011178908987664164,-0.009523038469962764
0.0,0.0,9.917238249383267,-0.03455652458837634,-0.0070858626681079145,-0.012319076928178565
0.0,0.0,9.144661318090296,-0.03299713387298353,0.0,-0.01371537360830612
0.0,0.0,9.002556749186061,-0.02397603841668408,-0.004459263890732821,-0.01300155570489305
0.0,0.0,9.504653604404668,-0.01137311686742119,-0.0026525785733778084,-0.011788796823587482
0.0,0.0,9.649859460220686,-0.040146685419774494,0.0,-0.01449411023805101
0.0,0.0,8.596814674400154,-0.0769168601536479,0.0,-0.013528054390049931
0.0,0.0,8.580191990847812,-0.08558019187792469,0.0,-0.01929049147342872
0.0,0.0,8.695402340198592,-0.04998765549955658,-0.0011032318287811922,-0.017747512576224277
0.0,0.0,9.243364520892502,-0.018551297912287074,-0.008220881156139694,-0.013328835865933442
0.0,0.0,9.154290126927018,-0.024615397993022786,-0.009620490134060895,-0.011347361596470814
0.0,0.0,8.05893690951119,-0.046809416811705,-0.004711566743056689,-0.015471958066274502
0.0,0.0,8.382811533353914,-0.04937716282999808,-0.003179468956967435,-0.01638889977989485
0.0,0.0,9.470126602981086,-0.05472124428652793,-0.005750752612211862,-0.011945559917609063
0.0,0.0,9.291735489442415,-0.07790160141935125,0.0,-0.013072404332189386
0.0,0.0,8.523440676204684,-0.09074644909330151,-0.0011658148385750215,-0.017996181811096808
0.0,0.0,8.797759174738799,-0.06793676820232149,-0.0024918394440325586,-0.013391034648522726
0.0,0.0,9.658388418651926,-0.03298050003680889,-0.0011329406099085013,-0.010984998029286748
0.0,0.0,9.673247620298575,-0.027728862260170812,0.0,-0.014896006460163341
0.0,0.0,8.706422183544515,-0.04900118410656917,0.0,-0.021284294146771746
0.0,0.0,9.1663402103359,-0.03838937710740111,0.0,-0.015329187390858784
0.0,0.0,9.843808456456566,-0.04224646068375294,0.0,-0.016090344457505113
0.0,0.0,9.714769824678614,-0.07587494274396653,0.0,-0.01870719620272595
0.0,0.0,8.878254952351238,-0.06845698255010942,0.0,-0.021679567584988006
0.0,0.0,9.167435168114958,-0.050102634274977895,0.0,-0.017712876163816033
0.0,0.0,9.54911967454499,-0.026402749448237107,0.0,-0.013762325338138476
0.0,0.0,9.312298328724271,-0.02047317574707322,0.0,-0.01833068618106465
0.0,0.0,8.712735928145065,-0.01569904182216396,0.0,-0.01659461240913499
0.0,0.0,9.011210882289792,-0.02017474343404222,0.0,-0.01587183827388038
0.0,0.0,9.011210882289792,-0.02017474343404222,0.0,-0.01587183827388038
0.0,0.0,8.076321055108604,-0.05671552601394616,0.0,-0.021262161978059885
0.0,0.0,7.746463886052434,-0.05886245420226488,0.0,-0.021284851201645073
0.0,0.0,9.311591375961983,-0.026338841345626713,-0.019153464019605795,-0.01728725448101762
0.0,0.0,9.311591375961983,-0.026338841345626713,-0.019153464019605795,-0.01728725448101762
0.0,0.0,9.011563930602005,-0.032426643435102064,-0.008594650154270942,-0.014717030551871697
0.0,0.0,8.217486595064635,-0.04877574810807973,0.0,-0.02055360378204408
0.0,0.0,8.872277908586081,-0.045318203972236126,0.0,-0.016068880156698898
0.0,0.0,8.3497565409801,-0.06801244687125048,0.0,-0.02040847503820796
0.0,-0.0371288955345773,8.165517927852878,-0.06552443771749132,-0.0002795359835734754,-0.018519140368629953
0.0,0.0,8.417353203111086,-0.0681275289870498,0.0,-0.02208551151115202
0.0,0.0,8.432932084761848,-0.05725643516884974,0.0,-0.021724299185959136
0.0,0.0,8.368104318212819,-0.047348845137953524,0.0,-0.02161441858888975
0.0,0.0,8.240247348335195,-0.023340938995739465,0.0,-0.02043380426739134
0.0,0.0,9.05132140936755,-0.01092606854161263,0.0,-0.022970279306089865
0.0,0.0,8.714746153583022,-0.018886598517469353,0.0,-0.020466441808343692
0.0,0.0,8.60012970195189,-0.03727422944718939,0.0,-0.023339449091453364
0.0,0.0,8.658049637427185,-0.04039965795158091,0.0,-0.02231795777274001
0.0,0.0,8.956048920399452,-0.04749919568840245,0.0,-0.021175304139257705
0.0,0.0,8.977793374965922,-0.04628156872540472,0.0,-0.01846717704762062
0.0,0.0,9.241905292846443,-0.04239067920988556,0.0,-0.02084918460493777
0.0,0.0,9.277976137759417,-0.06303772961367918,0.0,-0.016382600897967215
0.0,0.0,8.420665354065765,-0.07995761517833064,0.0,-0.015656798827563934
0.0,0.0,8.865452170407405,-0.06015861878258535,0.0,-0.014256827921084844
0.0,0.0,9.4087832813153,-0.05269231843372076,0.0,-0.015225368246133436
0.0,0.0,8.250843025754206,-0.07455384461977438,0.0,-0.01209334795539554
0.0,0.0,7.605460573668507,-0.07639585577530258,0.0,-0.009363351433511878
0.0,0.0,8.272729547821955,-0.041828325797624216,-0.007504745189249583,-0.005656370024240572
0.0,0.0,8.267094999981158,-0.03280318020467038,0.0,-0.0006282757325913052
0.0,0.0,7.487179172858108,-0.03862814657947068,0.0,0.0
0.0,0.0,7.323786305693055,-0.024010482753006747,0.0,0.0
0.0,0.0,7.120356938591014,-0.028250642158635292,0.0,0.0
0.0,0.0,7.155834432954867,-0.02691799648325156,0.0,0.0
0.0,0.0,7.167245106338788,-0.04060857429444724,0.0,0.0
0.0,0.0,6.680286262749709,-0.04210086856664619,0.0,0.0
0.0,0.0,6.769864052055117,-0.030716029013474023,0.0,0.0
0.0,0.0,6.85765719163839,-0.021510772939800565,0.0,0.0
0.0,0.0,7.141129415902706,-0.010568283397164705,0.0,0.0
0.0,0.0,7.031796927296988,-0.007488397687735042,0.0,0.0
0.0,0.0,6.931624669363802,-0.015292997821397725,0.0,0.0
0.0,0.0,7.036798102475165,-0.01333570531828219,0.0,0.0
0.0,0.0,7.730200107798998,-0.006857302899381598,0.0,0.0
0.0,0.0,7.756334344789856,-0.019987320705956175,0.0,0.0
0.0,0.0,7.467663906616226,-0.047417461476582726,0.0,0.0
0.0,0.0,7.619781930396781,-0.03856255768065906,0.0,0.0
0.0,0.0,8.25364129745606,-0.023498492625925776,0.0,0.0
0.0,0.0,8.506753699060406,-0.019270942987053476,0.0,0.0
0.0,0.0,8.385638516558947,-0.03319961778869943,0.0,0.0
0.0,0.0,8.032805287875016,-0.05135079546136723,0.0,0.0
0.0,0.0,7.501843996253063,-0.058790566590352235,0.0,0.0
0.0,0.0,8.311782454200847,-0.04319500378907302,0.0,0.0
0.0,0.0,8.385153910655031,-0.03874811759441904,0.0,0.0
0.0,0.0,7.790609904628333,-0.06110210586338795,0.0,0.0
0.0,0.0,6.78300059717874,-0.06640666875822175,0.0,0.0
0.0,0.0,7.190588278854508,-0.040633287381061506,0.0,0.0
0.0,0.0,6.275322808248787,-0.036408850377362335,0.0,0.0
0.0,0.0,6.626608112144085,-0.011100955162861819,0.0,0.0
0.0,0.0,7.302797440664318,0.0,-0.0009056974863904489,0.0
0.0,0.0,7.4324961080975696,0.0,0.0,0.0
0.0,0.0,7.3269392372728905,0.0,0.0,0.0
0.0,0.0,7.1782960537674665,-0.004332915282233512,0.0,0.0
0.0,0.0,7.884989276249473,-0.014421725892731935,0.0,0.0
0.0,0.0,7.602036203331892,-0.025335709344822467,0.0,0.0
0.0,0.0,7.326376065085304,-0.032255210908062784,0.0,0.0
0.0,0.0,7.4008025197665335,-0.015796797084080237,0.0,0.0
0.0,0.0,7.26095016883711,-0.0026259956505585704,0.0,0.0
0.0,0.0,6.81545276565655,0.0,0.0,0.0
0.0,0.0,7.0369264941520315,0.0,0.0,0.0
0.0,0.0,6.45568767671335,-0.009052936485195933,0.0,0.0
0.0,0.0,6.568671040113429,-0.004034465742339374,-0.008772718047640285,0.0
0.0,0.0,6.928944859797665,-0.008513501817453601,-0.007629897738522693,0.0
0.0,0.0,6.177788735422949,-0.023998521328401197,-4.210503460069555e-05,0.0
0.0,0.0,5.863347203238456,-0.03746726219758085,0.0,0.0
0.0,0.0,6.375560375403599,-0.02900386263780505,0.0,0.0
0.0,0.0,6.175111070330488,-0.025624256605605533,0.0,0.0
0.0,0.0,5.5137891236983165,-0.02849825470868733,0.0,0.0
0.0,0.0,5.705572439108903,-0.006206163816040255,0.0,0.0
0.0,0.0,5.989443499496849,-0.0026726800444754084,0.0,0.0
0.0,0.0,5.899229638654971,-0.0005010074162331692,0.0,0.0
0.0,0.0,5.5723149772746705,-0.00230037509396521,0.0,-4.7878618706370856e-05
0.0,0.0,5.692737806037357,-0.007538733747103973,0.0,0.0
0.0,0.0,5.686135403411669,-0.013630844375726073,0.0,0.0
0.0,0.0,5.802783923265989,-0.013689282378327334,0.0,0.0
0.0,0.0,5.436731458801452,-0.016725822162966992,0.0,0.0
0.0,0.0,5.467605431902891,-0.009041340960537053,0.0,0.0
0.0,0.0,5.179785544267221,-0.0006024621176205817,0.0,0.0
0.0,0.0,5.5028273352026185,0.0,0.0,0.0
0.0,0.0,5.251894823999164,0.0,0.0,0.0
0.0,0.0,4.989180924739756,0.0,0.0,0.0
0.0,0.0,5.359754929573912,0.0,0.0,0.0
0.0,0.0,5.40830732392708,0.0,0.0,0.0
0.0,0.0,5.081753494732773,0.0,0.0,0.0
0.0,0.0,5.4873672473761745,0.0,0.0,0.0
0.0,0.0,5.114565113914269,0.0,0.0,0.0
0.0,0.0,4.907453070104561,0.0,0.0,0.0
0.0,0.0,5.390106128361211,0.0,0.0,0.0
0.0,0.0,5.1229596154258275,0.0,0.0,0.0
0.0,0.0,5.079647345502686,0.0,0.0,0.0
0.0,0.0,4.801750962160816,-0.005118837174772422,0.0,0.0
0.0,0.0,4.175338448727871,-0.007612901246200414,0.0,0.0
0.0,0.0,4.237703729066121,-0.0038925289178806575,0.0,0.0
0.0,0.0,4.296293863358818,-0.00036415414823257796,0.0,0.0
0.0,0.0,3.9454692517966685,-0.0010471782076922845,0.0,0.0
0.0,0.0,3.809062671686731,0.0,0.0,0.0
0.0,0.0,3.7442000625762106,-0.0019496032373935927,0.0,0.0
0.0,0.0,4.28420641427652,0.0,0.0,0.0
0.0,0.0,4.218072356018559,0.0,0.0,0.0
0.0,0.0,4.057696105750006,0.0,0.0,0.0
0.0,0.0,3.9905735128332225,0.0,0.0,0.0
0.0,0.0,3.8141482154432937,0.0,0.0,0.0
0.0,0.0,3.471769448675757,0.0,0.0,0.0
0.0,0.0,3.682264395815674,0.0,0.0,0.0
0.0,0.0,3.68960251110245,0.0,0.0,0.0
0.0,0.0,3.7992566156239866,0.0,0.0,0.0
0.0,0.0,3.86140408607067,0.0,0.0,0.0
0.0,0.0,2.9684230601278236,-0.0028868695832167278,0.0,0.0
0.0,0.0,3.232540693029293,-0.0032676377188710602,0.0,0.0
0.0,0.0,3.2682918845640834,0.0,0.0,0.0
0.0,0.0,2.9228585790747186,0.0,0.0,0.0
0.0,0.0,2.635572512972848,0.0,0.0,0.0
0.0,0.0,2.296712386080605,0.003847508267917876,0.0,0.0
0.0,0.0,2.361645530049535,0.01880967927615182,0.0,0.0
0.0,0.0,2.2911782402490597,0.025310986194585567,0.0,0.0
0.0,0.0,1.961016901011631,0.005357186725112012,0.0,0.0
0.0,0.0,1.9274354047210909,0.001394876381394036,0.0,0.0
0.0,0.0,2.2604034243516025,0.0036300452075696136,0.0,0.0
0.0,0.0,1.9759529880570414,0.0,0.0,0.0
0.0,0.0,1.686753962258972,0.0,0.0,0.0
0.0,0.0,1.9217748419735958,0.0,0.0,0.0
0.0,0.0,2.2210607647088882,0.0009826181828815662,0.0,0.0
0.0,0.0,2.576486386031173,0.001237970786634653,0.0,0.0
0.0,0.0,2.128254299150437,0.0,0.0,0.0
0.0,0.0,2.179400883448529,0.0,0.0,0.0
0.0,0.0,2.8307701366479843,0.0,0.0,0.0
0.0,0.0,2.5313691447186524,-0.000735818795387508,0.0,0.0
0.0,0.0,2.2683618162667556,0.0,0.0,0.0
0.0,0.0,2.2637605030759174,0.0,0.0,0.0
0.0,0.0,2.3243228235158937,0.00018175961021248555,0.0,0.0
0.0,0.0,2.2206932251559133,0.014477146343536923,0.0,0.0
0.0,0.0,2.102746343609863,0.012323823430189626,0.0,0.0
0.0,0.0,2.0919384693358962,0.006542521829188038,0.0,0.0
0.0,0.0,2.454397635372163,0.005648398021935924,0.0,0.0
0.0,0.0,2.1791553486952764,0.0,0.0,0.0
0.0,0.0,1.6556542835913426,0.0,0.0,0.0
0.0,0.0,2.1854579081178285,0.0,0.0,0.0
0.0,0.0,2.3048915421612537,0.0,0.0,0.0
0.0,0.0,2.1626586218709263,0.0,0.0,0.0
0.0,0.0,2.3021587175917797,0.0,0.0,-0.0013567713856871865
0.0,0.0,2.2253272111830027,0.0,0.0,-0.0022383932155147653
0.0,0.0,2.165309927363231,0.0,0.0,-0.0017244083653186158
0.0,0.0,2.0748056490901243,0.0,0.0,-0.0008800459941051822
0.0,0.0,1.7577267318282117,0.0,0.0,-0.0008869430561635637
0.0,0.0,1.7577267318282117,0.0,0.0,-0.0008869430561635637
0.0,0.0,1.7934733625517023,0.001717587179588128,0.0,0.0
0.0,0.0,1.5361537570164754,0.0,0.0,-0.0021465285682717313
0.0,0.0,1.4622677389679701,0.0,0.0,-0.004129308426986752
0.0,0.0,1.5465864169063621,0.0,0.0,-0.005501592261880524
0.0,0.0,1.5209090587578262,0.0,0.0,-0.0005496530061250151
0.0,0.0,1.4754256077977306,0.0,0.0,-0.002786822578867338
0.0,0.0,1.172280690881432,0.0,0.0,-0.005091863372273688
0.0,0.0,1.3112228533716273,0.0,0.0,-0.002547101994503708
0.0,0.0,1.6288759838377118,0.0013838032683074735,0.0,-0.0007198866256599515
0.0,0.0,1.4910307771249551,0.0114842371851217,0.0,0.0
0.0,0.0,1.614382123396473,0.016627889024942753,0.0,0.0
0.0,0.0,1.7647451161952712,0.007694450769881758,0.0,-0.0011732975358873198
0.0,0.0,1.8303976644514979,0.0,0.0,-0.001373757115886504
0.0,0.0,1.53330866990872,0.0,0.0033859213821674046,-0.005882061329676282
0.0,0.0,1.200296767583438,0.0,0.005715196144148235,-0.0024012470113322385
0.0,0.0,1.3840548152473142,0.0,0.0,-0.002498747320148601
0.0,0.0,1.249893176691657,0.0035042146182574993,0.0,0.0
0.0,0.0,1.1796333656366254,0.029350520453134278,0.0,0.0
0.0,0.0,1.1282461061889584,0.04340189985971172,0.0,0.0
0.0,0.0,1.004188136670598,0.023398731233917263,0.0,0.0
0.0,0.0,0.894598529344871,0.015564143358716814,0.0,0.0
0.0,0.0,0.9764981953183908,0.002943570391013276,0.0,-0.002158398593157181
0.0,0.0,0.9166054060118981,0.0,0.0018656437590192179,-0.0026494752455292056
0.0,0.0,0.7976193416529965,0.0,0.0,-0.0018129678369796609
0.0,0.0,0.8322022119658099,0.0,0.0,-0.005252132639616598
0.0,0.0,0.6860641224930207,0.0,0.0,-0.0019581991378897923
0.0,0.0,0.6864546557370059,0.0023946141789205518,0.0,0.0
0.0,0.0,0.7504485870662216,0.020240718799182177,0.0,0.0
0.0,0.0,0.7425455702625057,0.02975352994064137,0.0,0.0
0.0,0.0,0.8476744067280831,0.0155497114754146,0.0,-0.0010687919925476742
0.0,0.0,0.6728420309687576,0.010440645258240622,0.0,-0.00035783939438973104
0.0,0.0,0.8311850320870002,0.00842842007106813,0.0,-0.002760532647604777
0.0,0.0,0.7374222235135749,0.0,0.0,-0.0038645483013765906
0.0,0.0,0.7034375554967457,0.0,0.0010465751483584025,-0.0017059607933067697
0.0,0.0,0.5436421994640388,0.0,0.0,-0.006296208197195249
0.0,0.0,0.7228591469678092,0.0019603601148235816,0.0,-0.004306365095907417
0.0,0.0,0.8271762621560029,0.010971680055063908,0.0,-0.0010126832238871492
0.0,0.0,0.7639017502594402,0.012558362022178013,0.0,-0.001772879844742757
0.0,0.0,0.7560458952348124,0.018325993042268198,0.0,-0.004654613283308227
0.0,0.0,1.0213691141676087,0.009885332986272945,0.0,-0.0027420975695016873
0.0,0.0,1.1131796394675935,0.003783119312164509,0.0,-0.0014887892565467506
0.0,0.0,1.0223770413349045,0.0,0.0,-0.0031075234819285136
0.0,0.0,0.9354547509153555,0.0,0.0,-0.007877075177247145
0.0,0.0,1.0580809145423604,0.0,0.0,-0.004443607446770559
0.0,0.0,1.3490422670425422,0.0,0.0,-0.003143534638707017
0.0,0.0,0.9837443549517353,0.0,0.0,-0.0038441978073155266
0.0,0.0,0.9138087287685179,0.004657502569415184,0.0,-0.005617645218104474
0.0,0.0,1.1823825682816622,0.009079526169861843,0.0,-0.0024156444667281654
0.0,0.0,0.7488985233799401,0.0,0.0,-0.006063591999508141
0.0,0.0,0.5831281978971009,0.0,0.0,-0.00749861675612457
0.0,0.0,0.7435376301633123,0.0,0.0,-0.0052466672514295005
0.0,0.0,0.8011864443160996,0.009963865399540962,0.0,-0.006253866874802555
0.0,0.0,0.5895707142948877,0.009244115969590513,0.0,-0.007891226615370422
0.0,0.0,0.523051944620501,0.013330158515714455,0.0,-0.007449525327362562
0.0,0.0,0.9881719620886992,0.02786427399531794,0.0,-0.0047982972695421525
0.0,0.0,0.8885511220073958,0.004227256293318844,0.0,-0.006913275228398383
0.0,0.0,0.3709819254068066,0.0,0.0,-0.007530771214207749
0.0,0.0,0.5338563439074139,0.0,0.0,-0.01163547411935925
0.0,0.0,0.7947387307208393,0.0006248712968873803,0.0,-0.0029449801036431677
0.0,0.0,0.5691373615051946,0.0,0.0,-0.0036243328627631735
0.0,0.0,0.24566702697329493,0.0,0.0,-0.008505903039163869
0.0,0.0,0.3623953253533322,0.010682070148853317,0.0,-0.005085778344192465
0.0,0.0,0.8546922008413583,0.0341438483549612,0.0,-0.0023704366414460205
0.0,0.0,0.8038951124845586,0.03269961532641606,0.0,-0.00265166692743976
0.0,0.0,0.3877208190072192,0.008774801085386676,0.0,-0.006345680167991601
0.0,0.0,0.6881920549174526,0.013323044110686197,0.0,-0.006343018128286712
0.0,0.0,1.2339425866323308,0.012594986605588679,0.0,-0.0031733428884813744
0.0,0.0,0.8942394088411323,0.0,0.0,-0.0032400536507334703
0.0,0.0,0.49480458859185045,0.0,0.0022773197211989754,-0.006840216869548217
0.0,0.0,0.5147951925692722,0.0,0.0020424559704872243,-0.007668934405113517
0.0,0.0,0.9634069765279254,0.0,0.0,0.0
0.0,0.0,0.8379045812562165,0.005751703887955616,0.0,0.0
0.0,0.0,0.29115592576478855,0.0,0.0,-0.0005745873777475161
0.0,0.0,0.3872982696528332,0.004107036242518982,0.0,-0.0030338314875573407
0.0,0.0,0.647851925456562,0.014201179103798655,0.0,0.0
0.0,0.0,0.6642707665001711,0.006969744819818857,0.0,0.0
0.0,0.0,0.45528000444335814,0.0,0.0,-0.002784626097724805
0.0,0.0,0.4653057838641783,0.0,0.0,-0.0024456286859947784
0.0,0.0,0.6080108201086302,0.0,0.0,0.0
0.0,0.0,0.6358641074071484,0.0,0.0,-0.0008716227487033798
0.0,0.0,0.35701056923722774,0.0,0.0,-0.0023072384109594805
0.0,0.0,0.353917224168701,0.0,0.0009272577139917089,-0.003086149680448142
0.0,0.0,0.4885742317677712,0.0005254739435209363,0.0,-0.001983106811394355
0.0,0.0,0.42955018635939607,0.0030444366870916433,0.0,-0.0009434830984828295
0.0,0.0,0.3387457345317872,0.007607573554008378,0.0,-0.0026134218014421794
0.0,0.0,0.22990231709932138,0.002092910715866143,0.0,-0.002898516777433232
0.0,0.0,0.3723812226956721,0.004355856336369318,0.0,-0.0011480466089129255
0.0,0.0,0.37151593715633663,0.002759159820436623,0.0,-0.003986698928850115
0.0,0.0,0.24567894975013443,0.0,0.0,-0.0053313509104167085
0.0,0.0,0.410830399674439,0.0,0.0,-0.005529146612808987
0.0,0.0,0.3273655265672081,0.0,0.002360787435490908,-0.006877723924970644
0.0,0.0,0.18406403540033817,0.0,0.005974074108741835,-0.007131080638086987
0.0,0.0,0.3066426256917317,0.0,0.0028506685692140958,-0.0037253558371216078
0.0,0.0,0.28372303795885506,0.0019448388475708511,0.0,-0.0033160275010489506
0.0,0.0,0.3021457355302086,0.01137682203503036,0.0,-0.0011907480397613465
0.0,0.0,0.04131266202518467,0.004655746427149788,0.0,-0.0015985191979496754
0.0,0.0,0.08083621861214714,0.012510145869266234,0.0,0.0
0.0,0.0,0.06622660474367859,0.014781610520542443,0.0,-0.0005383724345512919
0.0,0.0,0.12612031940870205,0.0021874611177256096,0.0,0.0
0.0,0.0,0.06795655062879763,0.0,0.0,-0.0014324265431632736
0.0,0.0,0.29428433869555387,0.0,0.0,-0.0017264855075045334
0.0,0.0,0.47770373406463207,0.00016457511301786148,0.0,-0.0011268652887372406
0.0,0.0,0.33843533764790407,0.0,0.0,-0.003121329566105947
0.0,0.0,0.2907901167556008,0.0,0.0,-0.006308420906409612
0.0,0.0,0.40732038090153583,0.0,0.0,-0.004754571581880191
0.0,0.0,0.4500904697051246,0.0,0.0,-0.003948731072606017
0.0,0.0,0.5613712955605792,0.0,0.0,-0.0038096533928389346
0.0,0.0,0.485107489505512,0.0,0.0,-0.007097420699437215
0.0,0.0,0.35400865628216976,0.0,0.0,-0.007176122091422828
0.0,0.0,0.2522279786058256,0.0,0.0,-0.009445313173929161
0.0,0.0,0.19941927301885187,0.0,0.0,-0.004371978295502692
0.0,0.0,0.3133460536413323,0.0021952854760367976,0.0,-0.004116133517061598
0.0,0.0,0.2946081554912325,0.003600664494062801,0.0,-0.005486979358117694
0.0,0.0,0.18181218859128928,0.0,0.0,-0.006301431823540425
0.0,0.0,0.1801790727646087,0.0,0.0,-0.0064622947511776534
0.0,0.0,0.29557593759982825,0.0,0.0,-0.005937223357943144
0.0,0.0,0.29457037371897543,0.0,0.0,-0.004204141154086865
0.0,0.0,0.16135555263913454,0.0,0.0,-0.006958405450372049
0.0,0.0,0.18314002555568137,0.0,0.0,-0.006209192184335841
0.0,0.0,0.1318327244628186,0.0,0.0,-0.00556165570879328
0.0,0.0,0.18157163583697433,0.0,0.0,-0.005957597645941402
0.0,0.0,0.12662989617244166,0.0028598210352208295,0.0,-0.003805610566396161
0.0,0.0,0.11233570646816157,0.01179955133001253,0.0,-0.004420746469851878
0.0,0.0,0.17557940469206026,0.007236007636758611,0.0,-0.0032153153348396545
0.0,0.0,0.0,0.0,0.0,-0.004228598616220405
0.0,0.0,0.0,0.0,0.0,-0.0054306136464740305
0.0,0.0,0.0,0.002920088025925705,0.0,-0.000987020104105832
0.0,0.0,0.137305007885623,0.008831196912595837,0.0,-0.0015550787534898418
0.0,0.0,0.025644027824298105,0.0007071691538530821,0.0,-0.00027649399515127367
0.0,0.0,0.0,0.0,0.0,-0.004874120944303358
0.0,0.0,0.165075846039801,0.0,0.0,-0.0008116074481994081
0.0,0.0,0.28543462631358607,0.0,0.0,-0.001526065792995116
0.0,0.0,0.22345475731084355,0.0,0.0,-0.002525066412930456
0.0,0.0,0.25103001329733726,0.0,0.0,-0.001809156238051716
0.0,0.0,0.3188566282614487,0.0,0.0,-0.00030447877253146237
0.0,0.0,0.08333815796109695,0.0,0.0,-0.0018555577780823833
0.0,0.0,0.07135483076021402,0.0,0.0,-0.004349327451724168
0.0,0.0,0.007768036181769136,0.0,0.0,-0.0015544273332952726
0.0,0.0,0.0,0.0,0.0,-0.000468815113499918
0.0,0.0,0.0,0.0035039328315956755,0.0,0.0
0,0,0,0,0,0
0.0,0.0,0.0,0.0013441235482613352,0.0,-6.275534143604237e-05
0.0,0.0,0.0,0.0,0.0,-0.0025161139943625415
0.0,0.0,0.0,0.0,0.0,-8.256816962608581e-05
0.0,0.0,0.0,0.0,0.0,-0.000685061007239042
0.0,0.0,0.0,0.0,0.0,-0.0006387846666842349
0.0,0.0,0.0,0.0,0.0,-0.0026282711209413166
0,0,0,0,0,0
0,0,0,0,0,0
0.0,0.0,0.0,0.0,0.0,-0.0006112630490233204
0,0,0,0,0,0
0,0,0,0,0,0
0.0,0.0,0.0,0.0,0.0,-0.00198563082129433
0.0,0.0,0.0,0.0,0.0,-0.0024555302115817556
0.0,0.0,0.0,0.0,0.0,-0.000591724854653237
0.0,0.0,0.0,0.0,0.0,-0.00016920422076088578
0.0,0.0,0.020812146641467046,0.0,0.0,0.0
0.0,0.0,0.08074699258402149,0.0064005126158463415,0.0,0.0
0.0,0.0,0.16392605114652553,0.002165749265672444,0.0,0.0
0.0,0.0,0.13838496049092552,0.0,0.0,-0.0009361978055586466
0.0,0.0,0.287731372515063,0.0,0.0,-0.0006734356361046198
0.0,0.0,0.27213400520896863,0.0,0.0,-0.0029656318832715733
0.0,0.0,0.3143631508026918,0.0,0.0,-0.00224223474269766
0.0,0.0,0.3975417388731598,0.0,0.0,-0.002677585399061939
0.0,0.0,0.5623473484107737,0.0,0.0,-0.0007985001430913501
0.0,0.0,0.49911706362066155,0.0,0.0,-0.0023421062631066108
0.0,0.0,0.34118428562241165,0.0,0.00515613559519581,-0.0021314937290583987
0.0,0.0,0.2522079593169312,0.0,0.0,-0.0010471525508761474
0.0,0.0,0.3785741828262602,0.0,0.0,-0.0019222069250485925
0.0,0.0,0.29622627639637095,0.0,0.0,-0.0020735487100614217
0.0,0.0,0.1541486650768506,0.0,0.0,-0.001922052233584581
0.0,0.0,0.13352052997526412,0.0,0.0,0.0
0.0,0.0,0.08185747560540149,0.0,0.0,0.0
0.0,0.0,0.052402555851535804,0.0,0.0,0.0
0.0,0.0,0.0,0.0,0.0,-0.0011353800538465616
0.0,0.0,0.0,0.0,0.0,-0.0019432393971496973
0,0,0,0,0,0
0.0,0.0,0.0,0.0,0.0,-0.0004473513120492563
0.0,0.0,0.0,0.0,0.0,-0.002844889154413691
0.0,0.0,0.0031780463863967006,0.0,0.0,-0.0011302735477895344
0.0,0.0,0.0,0.0,0.0,-0.002969646900325678
0.0,0.0,0.014323379622059079,0.0,0.0,-0.0016443395790914843
0.0,0.0,0.0,0.0,0.0,-0.0009451735424695597
0,0,0,0,0,0
0,0,0,0,0,0
0,0,0,0,0,0
0.0,0.0,0.0,0.0,0.0,-0.0014630332501880954
0.0,0.0,0.0,0.0,0.0,-0.0013875554738515216
0.0,0.0,0.0,0.0,0.0,-4.838631130278812e-05
0,0,0,0,0,0
0,0,0,0,0,0
0,0,0,0,0,0
0.0,0.0,0.0,0.0,0.0,-0.00048765743609404646
0.0,0.0,0.0,0.0,0.0,-0.0013200546896418811
0.0,0.0,0.0,0.0,0.0,-0.000467106782605858
0,0,0,0,0,0
0.0,0.0,0.0848432275853305,0.0,0.0,0.0
0.0,0.0,0.05098961710906248,0.0,0.0,0.0
0.0,0.0,0.1361475151534367,0.0,0.0,0.0
0.0,0.0,0.13350320202801283,0.0,0.0,0.0
0.0,0.0,0.11900999854062952,0.0,0.0,-0.00042808254567505623
0.0,0.0,0.0984977962510841,0.0,0.0,0.0
0.0,0.0,0.20662192619909522,0.0,0.0,0.0
0.0,0.0,0.17056470220324033,0.0,0.0,-4.178546204718782e-05
0.0,0.0,0.0012260419549608415,0.0,0.0,0.0
0.0,0.0,0.0,0.0,0.0,-0.000951871366353325
0,0,0,0,0,0
0,0,0,0,0,0
0,0,0,0,0,0
0.0,0.0,0.0,0.0,0.0,-0.001033142142126778
0,0,0,0,0,0
0.0,0.0,0.0,0.0,0.0,-7.122404043520853e-05
0,0,0,0,0,0
0,0,0,0,0,0
0.0,0.0,0.0,0.0007329198650683676,0.0,0.0
0,0,0,0,0,0
0,0,0,0,0,0
0,0,0,0,0,0
0,0,0,0,0,0
0,0,0,0,0,0
0,0,0,0,0,0
0,0,0,0,0,0
0,0,0,0,0,0
0,0,0,0,0,0
0,0,0,0,0,0
0,0,0,0,0,0
0,0,0,0,0,0
0,0,0,0,0,0
0,0,0,0,0,0
0,0,0,0,0,0
0,0,0,0,0,0
0,0,0,0,0,0
0,0,0,0,0,0
0,0,0,0,0,0
0,0,0,0,0,0
0,0,0,0,0,0
0,0,0,0,0,0
0,0,0,0,0,0
0,0,0,0,0,0
0,0,0,0,0,0
0,0,0,0,0,0
0,0,0,0,0,0
0,0,0,0,0,0
0,0,0,0,0,0
0,0,0,0,0,0
0,0,0,0,0,0
0,0,0,0,0,0
0,0,0,0,0,0
0,0,0,0,0,0
0,0,0,0,0,0
0,0,0,0,0,0
0,0,0,0,0,0
0,0,0,0,0,0
0,0,0,0,0,0
0,0,0,0,0,0
0,0,0,0,0,0
0,0,0,0,0,0
0,0,0,0,0,0
0,0,0,0,0,0
0,0,0,0,0,0
0,0,0,0,0,0
0,0,0,0,0,0
0,0,0,0,0,0
0,0,0,0,0,0
0.0,0.0,0.0,-6.737672285594707e-05,0.0,0.0
0,0,0,0,0,0
0,0,0,0,0,0
0,0,0,0,0,0
0,0,0,0,0,0
0,0,0,0,0,0
0,0,0,0,0,0
0,0,0,0,0,0
0,0,0,0,0,0
0,0,0,0,0,0
0,0,0,0,0,0
0,0,0,0,0,0
0,0,0,0,0,0
0,0,0,0,0,0
0,0,0,0,0,0
0,0,0,0,0,0
0,0,0,0,0,0
0,0,0,0,0,0
0,0,0,0,0,0
0,0,0,0,0,0
0,0,0,0,0,0
0,0,0,0,0,0
0.0,0.0,0.0,-0.00033789627547160643,0.0,0.0
0,0,0,0,0,0
0,0,0,0,0,0
0,0,0,0,0,0
0,0,0,0,0,0
0,0,0,0,0,0
0,0,0,0,0,0
0,0,0,0,0,0
0,0,0,0,0,0
0,0,0,0,0,0
0,0,0,0,0,0
0,0,0,0,0,0
0,0,0,0,0,0
0,0,0,0,0,0
0,0,0,0,0,0
0,0,0,0,0,0
0,0,0,0,0,0
0,0,0,0,0,0
0,0,0,0,0,0
0,0,0,0,0,0
0,0,0,0,0,0
0,0,0,0,0,0
0,0,0,0,0,0
0,0,0,0,0,0
0,0,0,0,0,0
0,0,0,0,0,0
0,0,0,0,0,0
0,0,0,0,0,0
0,0,0,0,0,0
0,0,0,0,0,0
0,0,0,0,0,0
0,0,0,0,0,0
0,0,0,0,0,0
0,0,0,0,0,0
0,0,0,0,0,0
0,0,0,0,0,0
0,0,0,0,0,0
0,0,0,0,0,0
0,0,0,0,0,0
0,0,0,0,0,0
0,0,0,0,0,0
0,0,0,0,0,0
0,0,0,0,0,0
0,0,0,0,0,0
0,0,0,0,0,0
0,0,0,0,0,0
0,0,0,0,0,0
0,0,0,0,0,0
0,0,0,0,0,0
0,0,0,0,0,0
0,0,0,0,0,0
0,0,0,0,0,0
0,0,0,0,0,0
0,0,0,0,0,0
0,0,0,0,0,0
0,0,0,0,0,0
0,0,0,0,0,0
0,0,0,0,0,0
0,0,0,0,0,0
0,0,0,0,0,0
0,0,0,0,0,0
0,0,0,0,0,0
0,0,0,0,0,0
0,0,0,0,0,0
0,0,0,0,0,0
0,0,0,0,0,0
0,0,0,0,0,0
0,0,0,0,0,0
0,0,0,0,0,0
0,0,0,0,0,0
0,0,0,0,0,0
0,0,0,0,0,0
0,0,0,0,0,0
0,0,0,0,0,0
0,0,0,0,0,0
0,0,0,0,0,0
0,0,0,0,0,0
0,0,0,0,0,0
0,0,0,0,0,0
0,0,0,0,0,0
0,0,0,0,0,0
0,0,0,0,0,0
0,0,0,0,0,0
0,0,0,0,0,0
0,0,0,0,0,0
0,0,0,0,0,0
0,0,0,0,0,0
0,0,0,0,0,0
0,0,0,0,0,0
0,0,0,0,0,0
0,0,0,0,0,0
0,0,0,0,0,0
0,0,0,0,0,0
0,0,0,0,0,0
0,0,0,0,0,0
0,0,0,0,0,0
0,0,0,0,0,0
0,0,0,0,0,0
0,0,0,0,0,0
0,0,0,0,0,0
0,0,0,0,0,0
0.0,0.0,0.0,0.003143477758851291,0.0,0.0
0,0,0,0,0,0
0,0,0,0,0,0
0,0,0,0,0,0
0,0,0,0,0,0
0,0,0,0,0,0
0,0,0,0,0,0
0,0,0,0,0,0
0,0,0,0,0,0
0,0,0,0,0,0
0,0,0,0,0,0
0,0,0,0,0,0
0,0,0,0,0,0
0,0,0,0,0,0
0,0,0,0,0,0
0,0,0,0,0,0
0,0,0,0,0,0
0,0,0,0,0,0
0,0,0,0,0,0
0,0,0,0,0,0
0,0,0,0,0,0
0,0,0,0,0,0
0,0,0,0,0,0
0,0,0,0,0,0
0,0,0,0,0,0
0,0,0,0,0,0
0,0,0,0,0,0
0,0,0,0,0,0
0,0,0,0,0,0
0,0,0,0,0,0
0,0,0,0,0,0
0,0,0,0,0,0
0,0,0,0,0,0
0,0,0,0,0,0
0,0,0,0,0,0
0,0,0,0,0,0
0,0,0,0,0,0
0,0,0,0,0,0
0,0,0,0,0,0
0,0,0,0,0,0
0,0,0,0,0,0
0,0,0,0,0,0
0,0,0,0,0,0
0,0,0,0,0,0
0,0,0,0,0,0
0,0,0,0,0,0
0,0,0,0,0,0
0,0,0,0,0,0
0,0,0,0,0,0
0,0,0,0,0,0
0,0,0,0,0,0
0,0,0,0,0,0
0,0,0,0,0,0
0,0,0,0,0,0
0,0,0,0,0,0
0,0,0,0,0,0
0,0,0,0,0,0
0,0,0,0,0,0
0,0,0,0,0,0
0,0,0,0,0,0
0,0,0,0,0,0
0,0,0,0,0,0
0,0,0,0,0,0
0,0,0,0,0,0
0,0,0,0,0,0
0,0,0,0,0,0
0,0,0,0,0,0
0,0,0,0,0,0
0,0,0,0,0,0
0,0,0,0,0,0
0,0,0,0,0,0
0,0,0,0,0,0
0,0,0,0,0,0
0,0,0,0,0,0
0,0,0,0,0,0
0,0,0,0,0,0
0,0,0,0,0,0
0,0,0,0,0,0
0,0,0,0,0,0
0,0,0,0,0,0
0,0,0,0,0,0
0,0,0,0,0,0
0,0,0,0,0,0
0,0,0,0,0,0
0,0,0,0,0,0
0,0,0,0,0,0
0,0,0,0,0,0
0,0,0,0,0,0
0,0,0,0,0,0
0,0,0,0,0,0
0,0,0,0,0,0
0,0,0,0,0,0
0,0,0,0,0,0
0,0,0,0,0,0
0,0,0,0,0,0
0,0,0,0,0,0
0,0,0,0,0,0
0,0,0,0,0,0
0,0,0,0,0,0
0,0,0,0,0,0
0,0,0,0,0,0
0,0,0,0,0,0
0,0,0,0,0,0
0,0,0,0,0,0
0,0,0,0,0,0
0,0,0,0,0,0
0,0,0,0,0,0
0,0,0,0,0,0
0,0,0,0,0,0
0,0,0,0,0,0
0,0,0,0,0,0
0,0,0,0,0,0
0,0,0,0,0,0
0,0,0,0,0,0
0,0,0,0,0,0
0,0,0,0,0,0
0,0,0,0,0,0
0,0,0,0,0,0
0,0,0,0,0,0
0,0,0,0,0,0
0,0,0,0,0,0
0,0,0,0,0,0
0,0,0,0,0,0
0,0,0,0,0,0
0,0,0,0,0,0
0,0,0,0,0,0
0,0,0,0,0,0
0,0,0,0,0,0
0,0,0,0,0,0
0,0,0,0,0,0
0,0,0,0,0,0
0,0,0,0,0,0
0,0,0,0,0,0
0,0,0,0,0,0
0,0,0,0,0,0
0,0,0,0,0,0
0,0,0,0,0,0
0,0,0,0,0,0
0,0,0,0,0,0
0,0,0,0,0,0
0,0,0,0,0,0
0,0,0,0,0,0
0,0,0,0,0,0
0,0,0,0,0,0
0,0,0,0,0,0
0,0,0,0,0,0
0,0,0,0,0,0
0,0,0,0,0,0
0,0,0,0,0,0
0,0,0,0,0,0
0,0,0,0,0,0
0,0,0,0,0,0
0,0,0,0,0,0
0,0,0,0,0,0
0,0,0,0,0,0
0,0,0,0,0,0
0,0,0,0,0,0
0,0,0,0,0,0
0,0,0,0,0,0
0,0,0,0,0,0
0,0,0,0,0,0
0,0,0,0,0,0
0,0,0,0,0,0
0,0,0,0,0,0
0,0,0,0,0,0
0,0,0,0,0,0
0,0,0,0,0,0
0,0,0,0,0,0
0,0,0,0,0,0
0,0,0,0,0,0
0,0,0,0,0,0
0,0,0,0,0,0
0,0,0,0,0,0
0,0,0,0,0,0
0,0,0,0,0,0
0,0,0,0,0,0
0,0,0,0,0,0
0,0,0,0,0,0
0,0,0,0,0,0
0,0,0,0,0,0
0,0,0,0,0,0
0,0,0,0,0,0
0,0,0,0,0,0
0,0,0,0,0,0
0,0,0,0,0,0
0,0,0,0,0,0
0,0,0,0,0,0
0,0,0,0,0,0
0,0,0,0,0,0
0,0,0,0,0,0
0,0,0,0,0,0
0,0,0,0,0,0
0,0,0,0,0,0
0,0,0,0,0,0
0,0,0,0,0,0
0,0,0,0,0,0
0,0,0,0,0,0
0,0,0,0,0,0
0,0,0,0,0,0
0,0,0,0,0,0
0,0,0,0,0,0
0,0,0,0,0,0
0,0,0,0,0,0
0,0,0,0,0,0
0,0,0,0,0,0
0,0,0,0,0,0
0,0,0,0,0,0
0,0,0,0,0,0
0,0,0,0,0,0
0,0,0,0,0,0
0,0,0,0,0,0
0,0,0,0,0,0
0,0,0,0,0,0
0,0,0,0,0,0
0,0,0,0,0,0
0,0,0,0,0,0
0,0,0,0,0,0
0,0,0,0,0,0
0,0,0,0,0,0
0,0,0,0,0,0
0,0,0,0,0,0
0,0,0,0,0,0
0,0,0,0,0,0
0,0,0,0,0,0
0,0,0,0,0,0
0,0,0,0,0,0
0,0,0,0,0,0
0,0,0,0,0,0
0,0,0,0,0,0
0,0,0,0,0,0
0,0,0,0,0,0
0,0,0,0,0,0
0,0,0,0,0,0
0,0,0,0,0,0
0,0,0,0,0,0
0,0,0,0,0,0
0,0,0,0,0,0
0,0,0,0,0,0
0,0,0,0,0,0
0,0,0,0,0,0
0,0,0,0,0,0
0,0,0,0,0,0
0,0,0,0,0,0
0,0,0,0,0,0
0,0,0,0,0,0
0,0,0,0,0,0
0,0,0,0,0,0
0,0,0,0,0,0
0,0,0,0,0,0
0,0,0,0,0,0
0,0,0,0,0,0
0,0,0,0,0,0
0,0,0,0,0,0
0,0,0,0,0,0
0,0,0,0,0,0
0,0,0,0,0,0
0,0,0,0,0,0
0,0,0,0,0,0
0,0,0,0,0,0
0,0,0,0,0,0
0,0,0,0,0,0
0,0,0,0,0,0
0,0,0,0,0,0
0,0,0,0,0,0
0,0,0,0,0,0
0,0,0,0,0,0
0,0,0,0,0,0
0,0,0,0,0,0
0,0,0,0,0,0
0,0,0,0,0,0
0,0,0,0,0,0
0,0,0,0,0,0
0,0,0,0,0,0
0,0,0,0,0,0
0,0,0,0,0,0
0,0,0,0,0,0
0,0,0,0,0,0
0,0,0,0,0,0
0,0,0,0,0,0
0,0,0,0,0,0
0,0,0,0,0,0
0,0,0,0,0,0
0,0,0,0,0,0
0,0,0,0,0,0
0,0,0,0,0,0
0,0,0,0,0,0
0,0,0,0,0,0
0,0,0,0,0,0
0,0,0,0,0,0
0,0,0,0,0,0
0,0,0,0,0,0
0,0,0,0,0,0
0,0,0,0,0,0
0,0,0,0,0,0
0,0,0,0,0,0
0,0,0,0,0,0
0,0,0,0,0,0
0,0,0,0,0,0
0,0,0,0,0,0
0,0,0,0,0,0
0,0,0,0,0,0
0,0,0,0,0,0
0,0,0,0,0,0
0,0,0,0,0,0
0,0,0,0,0,0
0,0,0,0,0,0
0,0,0,0,0,0
0,0,0,0,0,0
0,0,0,0,0,0
0,0,0,0,0,0
0,0,0,0,0,0
0,0,0,0,0,0
0,0,0,0,0,0
0,0,0,0,0,0
0,0,0,0,0,0
0,0,0,0,0,0
0,0,0,0,0,0
0,0,0,0,0,0
0,0,0,0,0,0
0,0,0,0,0,0
0,0,0,0,0,0
0,0,0,0,0,0
0,0,0,0,0,0
0,0,0,0,0,0
0,0,0,0,0,0
0,0,0,0,0,0
0,0,0,0,0,0
0,0,0,0,0,0
0,0,0,0,0,0
0,0,0,0,0,0
0,0,0,0,0,0
0,0,0,0,0,0
0,0,0,0,0,0
0,0,0,0,0,0
0,0,0,0,0,0
0,0,0,0,0,0
0,0,0,0,0,0
0,0,0,0,0,0
0,0,0,0,0,0
0,0,0,0,0,0
0,0,0,0,0,0
0,0,0,0,0,0
0,0,0,0,0,0
0,0,0,0,0,0
0,0,0,0,0,0
0,0,0,0,0,0
0,0,0,0,0,0
0,0,0,0,0,0
0,0,0,0,0,0
0,0,0,0,0,0
0,0,0,0,0,0
0,0,0,0,0,0
0,0,0,0,0,0
0,0,0,0,0,0
0,0,0,0,0,0
0,0,0,0,0,0
0,0,0,0,0,0
0,0,0,0,0,0
0,0,0,0,0,0
0,0,0,0,0,0
0,0,0,0,0,0
0,0,0,0,0,0
0,0,0,0,0,0
0,0,0,0,0,0
0,0,0,0,0,0
0,0,0,0,0,0
0,0,0,0,0,0
0,0,0,0,0,0
0,0,0,0,0,0
0,0,0,0,0,0
0,0,0,0,0,0
0,0,0,0,0,0
0,0,0,0,0,0
0,0,0,0,0,0
0,0,0,0,0,0
0,0,0,0,0,0
0,0,0,0,0,0
0,0,0,0,0,0
0,0,0,0,0,0
0,0,0,0,0,0
0,0,0,0,0,0
0,0,0,0,0,0
0,0,0,0,0,0
0,0,0,0,0,0
0,0,0,0,0,0
0,0,0,0,0,0
0,0,0,0,0,0
0,0,0,0,0,0
0,0,0,0,0,0
0,0,0,0,0,0
0,0,0,0,0,0
0,0,0,0,0,0
0,0,0,0,0,0
0,0,0,0,0,0
0,0,0,0,0,0
0,0,0,0,0,0
0,0,0,0,0,0
0,0,0,0,0,0
0,0,0,0,0,0
0,0,0,0,0,0
0,0,0,0,0,0
0,0,0,0,0,0
0,0,0,0,0,0
0,0,0,0,0,0
0,0,0,0,0,0
0,0,0,0,0,0
0,0,0,0,0,0
0,0,0,0,0,0
0,0,0,0,0,0
0,0,0,0,0,0
0,0,0,0,0,0
0,0,0,0,0,0
0,0,0,0,0,0
0,0,0,0,0,0
0,0,0,0,0,0
0,0,0,0,0,0
0,0,0,0,0,0
0,0,0,0,0,0
0,0,0,0,0,0
0,0,0,0,0,0
0,0,0,0,0,0
0,0,0,0,0,0
0,0,0,0,0,0
0,0,0,0,0,0
0,0,0,0,0,0
0,0,0,0,0,0
0,0,0,0,0,0
0,0,0,0,0,0
0,0,0,0,0,0
0,0,0,0,0,0
0,0,0,0,0,0
0,0,0,0,0,0
0,0,0,0,0,0
0,0,0,0,0,0
0,0,0,0,0,0
0,0,0,0,0,0
0,0,0,0,0,0
0,0,0,0,0,0
0,0,0,0,0,0
0,0,0,0,0,0
0,0,0,0,0,0
0,0,0,0,0,0
0,0,0,0,0,0
0,0,0,0,0,0
0,0,0,0,0,0
0,0,0,0,0,0
0,0,0,0,0,0
0,0,0,0,0,0
0,0,0,0,0,0
0,0,0,0,0,0
0,0,0,0,0,0
0,0,0,0,0,0
0,0,0,0,0,0
0,0,0,0,0,0
0,0,0,0,0,0
0,0,0,0,0,0
0,0,0,0,0,0
0,0,0,0,0,0
0,0,0,0,0,0
0,0,0,0,0,0
0,0,0,0,0,0
0,0,0,0,0,0
0,0,0,0,0,0
0,0,0,0,0,0
0,0,0,0,0,0
0,0,0,0,0,0
0,0,0,0,0,0
0,0,0,0,0,0
0,0,0,0,0,0
0,0,0,0,0,0
0,0,0,0,0,0
0,0,0,0,0,0
0,0,0,0,0,0
0,0,0,0,0,0
0,0,0,0,0,0
0,0,0,0,0,0
0,0,0,0,0,0
0,0,0,0,0,0
0,0,0,0,0,0
0,0,0,0,0,0
0,0,0,0,0,0
0,0,0,0,0,0
0,0,0,0,0,0
0,0,0,0,0,0
0,0,0,0,0,0
0,0,0,0,0,0
0,0,0,0,0,0
0,0,0,0,0,0
0,0,0,0,0,0
0,0,0,0,0,0
0,0,0,0,0,0
0,0,0,0,0,0
0,0,0,0,0,0
0,0,0,0,0,0
0,0,0,0,0,0
0,0,0,0,0,0
0,0,0,0,0,0
0,0,0,0,0,0
0,0,0,0,0,0
0,0,0,0,0,0
0,0,0,0,0,0
0,0,0,0,0,0
0,0,0,0,0,0
0,0,0,0,0,0
0,0,0,0,0,0
0,0,0,0,0,0
0,0,0,0,0,0
0,0,0,0,0,0
0,0,0,0,0,0
0,0,0,0,0,0
0,0,0,0,0,0
0,0,0,0,0,0
0,0,0,0,0,0
0,0,0,0,0,0
0,0,0,0,0,0
0,0,0,0,0,0
0,0,0,0,0,0
0,0,0,0,0,0
0,0,0,0,0,0
0,0,0,0,0,0
0,0,0,0,0,0
0,0,0,0,0,0
0,0,0,0,0,0
0,0,0,0,0,0
0,0,0,0,0,0
0,0,0,0,0,0
0,0,0,0,0,0
0,0,0,0,0,0
0,0,0,0,0,0
0,0,0,0,0,0
0,0,0,0,0,0
0,0,0,0,0,0
0,0,0,0,0,0
0,0,0,0,0,0
0,0,0,0,0,0
0,0,0,0,0,0
0,0,0,0,0,0
0,0,0,0,0,0
0,0,0,0,0,0
0,0,0,0,0,0
0,0,0,0,0,0
0,0,0,0,0,0
0,0,0,0,0,0
0,0,0,0,0,0
0,0,0,0,0,0
0,0,0,0,0,0
0,0,0,0,0,0
0,0,0,0,0,0
0,0,0,0,0,0
0,0,0,0,0,0
0,0,0,0,0,0
0,0,0,0,0,0
0,0,0,0,0,0
0,0,0,0,0,0
0,0,0,0,0,0
0,0,0,0,0,0
0,0,0,0,0,0
0,0,0,0,0,0
0,0,0,0,0,0
0,0,0,0,0,0
0,0,0,0,0,0
0,0,0,0,0,0
0,0,0,0,0,0
0,0,0,0,0,0
0,0,0,0,0,0
0,0,0,0,0,0
0,0,0,0,0,0
0,0,0,0,0,0
0,0,0,0,0,0
0,0,0,0,0,0
0,0,0,0,0,0
0,0,0,0,0,0
0,0,0,0,0,0
0,0,0,0,0,0
0,0,0,0,0,0
0,0,0,0,0,0
0,0,0,0,0,0
0,0,0,0,0,0
0,0,0,0,0,0
0,0,0,0,0,0
0,0,0,0,0,0
0,0,0,0,0,0
0,0,0,0,0,0
0,0,0,0,0,0
0,0,0,0,0,0
0,0,0,0,0,0
0,0,0,0,0,0
0,0,0,0,0,0
0,0,0,0,0,0
0,0,0,0,0,0
0,0,0,0,0,0
0,0,0,0,0,0
0,0,0,0,0,0
0,0,0,0,0,0
0,0,0,0,0,0
0,0,0,0,0,0
0,0,0,0,0,0
0,0,0,0,0,0
0,0,0,0,0,0
0,0,0,0,0,0
0,0,0,0,0,0
0,0,0,0,0,0
0,0,0,0,0,0
0,0,0,0,0,0
0,0,0,0,0,0
0,0,0,0,0,0
0,0,0,0,0,0
0,0,0,0,0,0
0,0,0,0,0,0
0,0,0,0,0,0
0,0,0,0,0,0
0,0,0,0,0,0
0,0,0,0,0,0
0,0,0,0,0,0
0,0,0,0,0,0
0,0,0,0,0,0
0,0,0,0,0,0
0,0,0,0,0,0
0,0,0,0,0,0
0,0,0,0,0,0
0,0,0,0,0,0
0,0,0,0,0,0
0,0,0,0,0,0
0,0,0,0,0,0
0,0,0,0,0,0
0,0,0,0,0,0
0,0,0,0,0,0
0,0,0,0,0,0
0,0,0,0,0,0
0,0,0,0,0,0
0,0,0,0,0,0
0,0,0,0,0,0
0,0,0,0,0,0
0,0,0,0,0,0
0,0,0,0,0,0
0,0,0,0,0,0
0,0,0,0,0,0
0,0,0,0,0,0
0,0,0,0,0,0
0,0,0,0,0,0
0,0,0,0,0,0
0,0,0,0,0,0
0,0,0,0,0,0
0,0,0,0,0,0
0,0,0,0,0,0
0,0,0,0,0,0
0,0,0,0,0,0
0,0,0,0,0,0
0,0,0,0,0,0
0,0,0,0,0,0
0,0,0,0,0,0
0,0,0,0,0,0
0,0,0,0,0,0
0,0,0,0,0,0
0,0,0,0,0,0
0,0,0,0,0,0
0,0,0,0,0,0
0,0,0,0,0,0
0,0,0,0,0,0
0,0,0,0,0,0
0,0,0,0,0,0
0,0,0,0,0,0
0,0,0,0,0,0
0,0,0,0,0,0
0,0,0,0,0,0
0,0,0,0,0,0
0,0,0,0,0,0
0,0,0,0,0,0
0,0,0,0,0,0
0,0,0,0,0,0
0,0,0,0,0,0
0,0,0,0,0,0
0,0,0,0,0,0
0,0,0,0,0,0
0,0,0,0,0,0
0,0,0,0,0,0
0,0,0,0,0,0
0,0,0,0,0,0
0,0,0,0,0,0
0,0,0,0,0,0
0,0,0,0,0,0
0,0,0,0,0,0
0,0,0,0,0,0
0,0,0,0,0,0
0,0,0,0,0,0
0,0,0,0,0,0
0,0,0,0,0,0
0,0,0,0,0,0
0,0,0,0,0,0
0,0,0,0,0,0
0,0,0,0,0,0
0,0,0,0,0,0
0,0,0,0,0,0
0,0,0,0,0,0
0,0,0,0,0,0
0,0,0,0,0,0
0,0,0,0,0,0
0,0,0,0,0,0
0,0,0,0,0,0
0,0,0,0,0,0
0,0,0,0,0,0
0,0,0,0,0,0
0,0,0,0,0,0
0,0,0,0,0,0
0,0,0,0,0,0
0,0,0,0,0,0
0,0,0,0,0,0
0,0,0,0,0,0
0,0,0,0,0,0
0,0,0,0,0,0
0,0,0,0,0,0
0,0,0,0,0,0
0,0,0,0,0,0
0,0,0,0,0,0
0,0,0,0,0,0
0,0,0,0,0,0
0,0,0,0,0,0
0,0,0,0,0,0
0,0,0,0,0,0
0,0,0,0,0,0
0,0,0,0,0,0
0,0,0,0,0,0
0,0,0,0,0,0
0,0,0,0,0,0
0,0,0,0,0,0
0,0,0,0,0,0
0,0,0,0,0,0
0,0,0,0,0,0
0,0,0,0,0,0
0,0,0,0,0,0
0,0,0,0,0,0
0,0,0,0,0,0
0,0,0,0,0,0
0,0,0,0,0,0
0,0,0,0,0,0
0,0,0,0,0,0
