0,0,0,0,0,0
0,0,0,0,0,0
0,0,0,0,0,0
0,0,0,0,0,0
0,0,0,0,0,0
0,0,0,0,0,0
0,0,0,0,0,0
0,0,0,0,0,0
0,0,0,0,0,0
0,0,0,0,0,0
0,0,0,0,0,0
0,0,0,0,0,0
0,0,0,0,0,0
0,0,0,0,0,0
0,0,0,0,0,0
0,0,0,0,0,0
0,0,0,0,0,0
0,0,0,0,0,0
0,0,0,0,0,0
0,0,0,0,0,0
0,0,0,0,0,0
0,0,0,0,0,0
0,0,0,0,0,0
0,0,0,0,0,0
0,0,0,0,0,0
0,0,0,0,0,0
0,0,0,0,0,0
0,0,0,0,0,0
0,0,0,0,0,0
0,0,0,0,0,0
0,0,0,0,0,0
0,0,0,0,0,0
0,0,0,0,0,0
0,0,0,0,0,0
0,0,0,0,0,0
0,0,0,0,0,0
0,0,0,0,0,0
0,0,0,0,0,0
0,0,0,0,0,0
0,0,0,0,0,0
0,0,0,0,0,0
0,0,0,0,0,0
0,0,0,0,0,0
0,0,0,0,0,0
0,0,0,0,0,0
0,0,0,0,0,0
0,0,0,0,0,0
0,0,0,0,0,0
0,0,0,0,0,0
0,0,0,0,0,0
0,0,0,0,0,0
0,0,0,0,0,0
0,0,0,0,0,0
0,0,0,0,0,0
0,0,0,0,0,0
0,0,0,0,0,0
0,0,0,0,0,0
0.0,0.0,0.012847626217694103,0.0,0.0,0.0
0.0,0.0,0.062054086382270834,0.0,0.0,0.0
0.0,0.0,0.08067970879892264,0.0,0.0,0.0
0.0,0.0,0.17636635598645273,0.0,0.0,0.0
0.0,0.0,0.2569931634229234,0.0,0.0,0.0
0.0,0.0,0.3060824235441669,0.0,0.0,0.0
0.0,0.0,0.344035018328806,0.0,0.0,0.0
0.0,0.0,0.3713441493058266,0.0,0.0,0.0
0.0,0.0,0.3855727718730116,0.0,0.0,0.0
0.0,0.0,0.5924031997824474,0.0,0.0,0.0
0.0,0.0,0.6439401878664871,0.0,0.0,0.0
0.0,0.0,0.698228249454696,0.0,0.0,0.0
0.0,0.0,0.6934221007985463,0.0,0.0,0.0
0.0,0.0,0.807285156229771,0.0,0.0,0.0
0.0,0.0,0.9415884575984752,0.0,0.0,0.0
0.0,0.0,1.0505712951758956,0.0,0.0,0.0
0.0,0.0,1.1433411132509372,0.0,0.0,0.0
0.0,0.0,1.3387590833760592,0.0,0.0,0.0
0.0,0.0,1.264316627254321,0.0,0.0,0.0011871929263639904
0.0,0.0,1.3892992507729738,0.0,0.0,0.0012329015417551661
0.0,0.0,1.4129076009514254,0.0,0.0,0.0008895617947967095
0.0,0.0,1.6610517344017584,0.0,0.0,0.0014221589289599296
0.0,0.0,1.6476156142569653,0.0,0.0,0.0046822023989513285
0.0,0.0,1.6632511425225824,0.0,0.0,0.0036987027435524842
0.0,0.0,1.6691966193158396,0.0,0.0,0.003706766460316642
0.0,0.0,1.8570431296987238,0.0,0.0,0.0041712884171674364
0.0,0.0,2.0557843474065742,0.0,0.0,0.004258871470867996
0.0,0.0,2.2310441363952025,0.0,0.0,0.006084998503850941
0.0,0.0,2.149338069658451,0.0,0.0,0.008412585807327304
0.0,0.0,2.433229618873674,0.0,0.0,0.0024223606923774238
0.0,0.0,2.4292928681180372,0.0,0.0,0.0067406815816561634
0.0,0.0,2.57514742542731,0.0,0.0,0.006378026230969102
0.0,0.0,2.4861055694541365,0.0,0.0,0.00486693776840178
0.0,0.0,2.572449506316153,0.0,0.0,0.008630301781894598
0.0,0.0,2.8099152475182003,0.0,0.0,0.006690216354844694
0.0,0.0,2.9392316301050774,0.0,0.0,0.006384294253882765
0.0,0.0,2.8713005392143183,0.0,0.0,0.010905538828959886
0.0,0.0,3.052190780083029,0.0,0.0,0.00704205347313506
0.0,0.0,3.234568930701736,0.0,0.0,0.013347131866113674
0.0,0.0,3.4642627454350987,0.0,0.0,0.009778865063193717
0.0,0.0,3.7562799571272527,0.0,0.0,0.010004912628815841
0.0,0.0,3.8867545423789926,0.0,0.0,0.008111079568528275
0.0,0.0,3.8867545423789926,0.0,0.0,0.008111079568528275
0.0,0.0,4.230301435253835,0.0,0.0,0.012696662204552395
0.0,0.0,4.2116180066953115,0.0,0.0,0.010476645120372045
0.0,0.0,4.432479940825299,-0.0016727298665689771,0.0,0.01115635896164401
0.0,0.0,4.757680097557708,-0.003356086726790001,0.0,0.008860204904062866
0.0,0.0,4.677201023928179,-0.0030200094293054464,0.0,0.00937381847878636
0.0,0.0,4.8317530953135455,-0.002076127879465191,0.0,0.008843129713548527
0.0,0.0,4.8317530953135455,-0.002076127879465191,0.0,0.008843129713548527
0.0,0.0,5.06308191001735,-0.005550859068622641,0.0,0.005404958672104345
0.0,0.0,5.105899186446105,-0.0072843441089959545,0.0,0.00314690187718888
0.0,0.0,5.294230290173777,-0.00525305197103218,0.0,0.0015319987974788643
0.0,0.0,5.424586465166425,-0.010285051017269823,0.0,0.004253810544741011
0.0,0.0,5.265671978129964,-0.007268241056404538,0.0,0.008208808790480273
0.0,0.0,5.632839492723116,-0.007150938944707201,0.0,0.005998122903257001
0.0,0.0,5.628101864463166,-0.006944800923678255,0.0,0.005560535342519438
0.0,0.0,5.552010726624473,-0.005546250255660213,0.0,0.008330313253156755
0.0,0.0,5.552010726624473,-0.005546250255660213,0.0,0.008330313253156755
0.0,0.0,5.531141626454875,-0.0042838863712712965,0.0,0.009078757160124204
0.0,0.0,5.626465354466297,-0.0013940215887883415,0.0,0.010556338969821744
0.0,0.0,5.762975010509216,-0.0040495406677983,0.0,0.01044139843471695
0.0,0.0,5.746512331251156,-0.006386106813071843,0.0,0.010562810713030842
0.0,0.0,5.875191559558267,-0.004846260644492758,0.0,0.0105453692484664
0.0,0.0,5.841624537704905,-0.007317515831595544,0.0,0.010780391147094961
0.0,0.0,5.951850961179897,-0.009543717386560716,0.0,0.012478964324644851
0.0,0.0,5.860176159223098,-0.013094901036284976,0.0035739050630156865,0.013065989959353383
0.0,0.0,5.822914434329008,-0.015993539971297287,0.0,0.014543002713204614
0.0,0.0,6.131417552479376,-0.008769694026203652,0.002587768041915955,0.014605054393037076
0.0,0.0,6.114693940253165,-0.009951582294049341,0.0013119952689200891,0.014045546860721691
0.0,0.0,5.917249851788623,-0.01181032849344668,0.0,0.015124955971868494
0.0,0.0,6.073657128482322,-0.013260572688027022,0.0008276423015981698,0.01409872172497594
0.0,0.0,6.003417068177498,-0.012915120778204389,0.0021590622353844695,0.017780308889466693
0.0,0.0,6.003417068177498,-0.012915120778204389,0.0021590622353844695,0.017780308889466693
0.0,0.0,6.001389977333533,-0.007882945805911609,0.002774926850125525,0.014665627668634792
0.0,0.0,6.161981447386646,-0.00797471781672345,0.0,0.019329401859636944
0.0,0.0,6.242930139518448,0.0,0.0,0.01566199528598176
0.0,0.0,6.014754094275373,-0.0016428721290037082,0.0,0.01800310194856372
0.0,0.0,5.996927589504951,-0.0014164204907218592,0.0,0.01575072261502817
0.0,0.0,6.344194841303208,0.0,0.0,0.020240397265802575
0.0,0.0,6.266089188942194,-0.0032353071240142995,0.0,0.017340458503574126
0.0,0.0,5.787167846159727,-0.006698602165863874,0.00756123476128297,0.020263935295308483
0.0,0.0,5.847878774994682,-0.005734533845545021,0.004433198054381299,0.018676137206770922
0.0,0.0,6.175572001580297,-0.005358334556694577,0.004025603313096536,0.01556188692343743
0.0,0.0,6.221891520694757,-0.0065850467808641665,0.005411381345369611,0.018991538528375325
0.0,0.0,5.91068850921624,-0.008333304030544567,0.008725211698379916,0.021385443246204092
0.0,0.0,6.1233680764393945,-0.002995380436673567,0.001142127022621169,0.019427616722229816
0.0,0.0,6.445197102157678,-0.003125962224749975,0.0,0.019167974818856716
0.0,0.0,6.257207792354474,-0.004350362982023326,0.0,0.02032971708380352
0.0,0.0,6.436781735249288,-0.003705751698076007,0.002654382183126292,0.02318941434515633
0.0,0.0,6.481231263377571,-0.0025891662157409394,0.004233303748331354,0.019565908729564003
0.0,0.0,6.3588997151567925,-0.009548918208855697,0.007664663462195997,0.020198635565616557
0.0,0.0,6.196652805470777,-0.007199279716897958,0.00371899416943546,0.02031502160593594
0.0,0.0,6.349505382626101,-0.001654464563269732,0.0,0.020832730836340223
0.0,0.0,6.421379293927023,0.0,0.0,0.021220924025489904
0.0,0.0,6.470077431513945,0.0,0.0,0.02305502658476754
0.0,0.0,6.66211450340584,-0.004832682749561458,0.003342255356618576,0.023350494170448446
0.0,0.0,6.654488368128424,-0.00827607441390638,0.010696579923955552,0.02335351072166576
0.0,0.0,6.65378453885519,-0.014202156741599786,0.009513608747713632,0.022474488103206396
0.0,0.0,6.877582980835807,-0.011627360375924664,0.004046140469025057,0.0240683858200799
0.0,0.0,6.906588237086692,-0.004468228913257357,0.0,0.023953755824419505
0.0,0.0,6.844179351762693,-0.0008279004558049304,0.0,0.029535436157772467
0.0,0.0,7.031805167223394,-0.001833059733068217,0.0,0.024281386709042643
0.0,0.0,6.9261151482257715,-0.0012776530869775757,0.0,0.025966275253162224
0.0,0.0,7.260121827768016,-0.009889412563548639,0.004174292130288073,0.024317834562501348
0.0,0.0,7.710945612660614,-0.011309844633879799,0.012762711919380294,0.02775274139995375
0.0,0.0,7.525015791681132,-0.024412006280859436,0.01852760720540728,0.026744057626032068
0.0,0.0,7.418280069279914,-0.028115028943995236,0.016928812407402967,0.02428660922885409
0.0,0.0,7.43940857562325,-0.018038966699850983,0.011758706825762815,0.026951668060107226
0.0,0.0,7.194021548398167,-0.007900907359742632,0.00315153518118749,0.028996077737891573
0.0,0.0,6.907704395918037,0.0,0.0,0.03168802866422139
0.0,0.0,7.101030765467385,0.0,0.0,0.03356632690854295
0.0,0.0,7.311441593900502,0.0,0.0,0.031612975817326486
0.0,0.0,7.228401606475101,0.0,0.0,0.03164245863183841
0.0,0.0,7.143455754356296,-0.013537854510752869,0.004307396175409551,0.03280873692300579
0.0,0.0,7.2301125095363314,-0.016756314013582102,0.01677864171945484,0.027316676386758377
0.0,0.0,7.427582073349659,-0.018349740182827517,0.01307346565537621,0.027714287095704022
0.0,0.0,7.2371094594312435,-0.017218941222005964,0.012636640830441465,0.030882717038331862
0.0,0.0,7.2253223917974765,-0.00483449791058632,0.001184262604815869,0.03151753049562553
0.0,0.0,7.566838318402636,0.0,0.0,0.03401277519109339
0.0,0.0,7.437326885336047,0.0,0.0,0.033403185431565986
0.0,0.0,7.5416169562800635,0.0,0.0,0.03301025962326251
0.0,0.0,7.335373574523262,0.0,0.0,0.03399340865492776
0.0,0.0,7.65669866554462,-0.0029016866748495427,0.0028107309674417448,0.034387317977944906
0.0,0.0,7.53832994209232,-0.02149238194702535,0.015385707049279346,0.03294736324458153
0.0,0.0,7.814289548768121,-0.0215759420535881,0.01837704325436777,0.03397242894716458
0.0,0.0,7.63973425153484,-0.02374116182727675,0.01038567153037548,0.03140183757927832
0.0,0.0,7.495461104621462,-0.009671601023475614,0.0,0.03161567996472846
0.0,0.0,7.70875208642058,0.0,0.0,0.03345605473580289
0.0,0.0,7.649125931404699,0.0,0.0,0.03645188092300611
0.0,0.0,7.545944661291296,0.0,0.0,0.033710032801830624
0.0,0.0,7.4183679735128525,-0.005026765765483841,0.0,0.033869035368288926
0.0,0.0,7.371267711832269,-0.014785754467947682,0.008371659815964804,0.03302411336453419
0.0,0.0,7.095205723059638,-0.018775508829877843,0.007674707856352744,0.03213435799702303
0.0,0.0,6.982246601294726,-0.02016958062589968,0.007808382429238378,0.0316584446467931
0.0,0.0,6.994538092533633,-0.010687338127241038,0.0,0.03358072764104908
0.0,0.0,7.2087827237947835,-0.003338913096950642,0.0,0.03454083381555002
0.0,0.0,6.96251030533538,0.0,0.0,0.03588498164193919
0.0,0.0,7.003001342371958,0.0,0.0,0.033545887475427805
0.0,0.0,7.005770185147137,0.0,0.0,0.033442048273864745
0.0,0.0,7.174982278563976,-0.00521644282108711,0.0007133040024476993,0.03088145175962616
0.0,0.0,6.793088196140634,-0.0121959367705621,0.0,0.036465910356454315
0.0,0.0,6.960612649645057,-0.006801653494608398,0.0,0.03195800938863104
0.0,0.0,6.9856815544543975,-0.0018094074259030926,0.0,0.031754370574092215
0.0,0.0,7.118284838378772,0.0,0.0,0.034568775167881274
0.0,0.0,7.269115171853149,0.0,0.0,0.03320041141862986
0.0,0.0,7.0259003328604965,-0.0065014125021116784,0.0064982209095473045,0.03187267258632849
0.0,0.0,6.85627678110062,-0.009096875501062347,0.005087770880810796,0.030692722185171377
0.0,0.0,7.163509253698477,-0.0014327069051561258,0.0022656184999324913,0.030903827002047225
0.0,0.0,7.390983691215245,-0.0015789092898757548,0.0,0.0283495035057313
0.0,0.0,6.967465701268051,-0.013829041988410267,0.0,0.027466307282690384
0.0,0.0,6.74034468281822,-0.01659802952050281,0.0031097828640421266,0.028440124485481687
0.0,0.0,6.896376625150408,-0.006888608131840708,0.0033118680055374467,0.024932460639503717
0.0,0.0,6.681836471467776,-0.005396394183110331,0.0028404543323310694,0.026725530161859922
0.0,0.0,6.244393269441475,-0.00758212265116145,0.0,0.025126191504317264
0.0,0.0,6.39286835537362,0.0,0.0,0.022344202222502114
0.0,0.0,6.522848256601004,0.0,0.0,0.02367132683348639
0.0,0.0,6.348958526983308,-0.002789102954278733,0.0,0.02469598629138885
0.0,0.0,6.076756484106677,-0.010191543410860478,0.0013938197790083536,0.02539522035047324
0.0,0.0,6.12884936859736,-0.006748868416031095,0.0015598873310946563,0.020995316202631693
0.0,0.0,6.397982687214734,-0.0025025680282422754,0.00042016722170237124,0.021905991791146016
0.0,0.0,6.537068804931858,0.0,0.0,0.01877416072606589
0.0,0.0,6.495095764179834,-0.006269577479993462,0.0051178635356541715,0.020519963785959296
0.0,0.0,6.495095764179834,-0.006269577479993462,0.0051178635356541715,0.020519963785959296
0.0,0.0,6.5867414077397015,-0.01078569138958362,0.0023193041821037014,0.019721720637084644
0.0,0.0,6.743474003065994,-0.006012053909762753,0.0,0.017428220806015738
0.0,0.0,6.9675777373606325,-0.00762630094556505,0.0,0.01589551641873242
0.0,0.0,6.9675777373606325,-0.00762630094556505,0.0,0.01589551641873242
0.0,0.0,6.425703408865355,-0.023436428330216454,0.007053669752962363,0.014340925897717747
0.0,0.0,6.446927072223479,-0.02171712833542153,0.007155002306481406,0.01442064630566724
0.0,0.0,6.739831538020047,-0.006801042526446919,0.0,0.018489506283968806
0.0,0.0,7.161811073056938,-0.00012682980839999892,0.0,0.01935659924463303
0.0,0.0,6.556867424270921,-0.007254870178942598,0.0026907183150019147,0.015626870128297506
0.0,0.0,6.5069931856032,-0.01895250341722266,0.008374530671197476,0.01698314539800395
0.0,0.0,6.850511862396063,-0.019724943143455298,0.013723008478349216,0.015487578914586114
0.0,0.0,6.560763777994471,-0.01035664272641111,0.006451387658734871,0.020062884065394995
0.0,0.0,6.991852054141475,-0.00016922718850544802,0.0,0.012881110053383113
0.0,0.0,6.849269036513304,-0.004305497603995863,0.00042247364494236474,0.018241635999035367
0.0,0.0,6.652648722340109,-0.009612911146406628,0.0013281970027897885,0.015310200326324751
0.0,0.0,6.494374532848333,-0.017302998725101278,0.006761983172106098,0.0132173900173831
0.0,0.0,6.3712374306283985,-0.012840176127398031,0.005746557133456963,0.014733401005067311
0.0,0.0,6.397060066810363,-0.00808089922529708,0.0015212136173323146,0.016843150458796037
0.0,0.0,6.164417023929291,-0.009117610132029039,0.0012093048445553896,0.015993520350794488
0.0,0.0,5.955981193889661,-0.009567552587243903,0.0018813917773125525,0.020624043240730396
0.0,0.0,5.990455740035291,-0.006332364617363683,0.0007491985082754511,0.017270355320475553
0.0,0.0,6.02552809471584,-0.0029656079574954383,0.0013284750378568424,0.018506318288798847
0.0,0.0,6.0239744526867005,-0.002277571565164547,0.0,0.01641978836662582
0.0,0.0,5.8868433387123,-0.002154558744042079,0.00021040729617347137,0.021658023132284147
0.0,0.0,6.045071829446345,-0.0023911048896800187,0.0,0.0169060420825078
0.0,0.0,5.786180544701069,-0.007440798886520257,0.007146943043287776,0.019199590969472796
0.0,0.0,5.649582961971764,-0.008423109931085616,0.0,0.020584965733024728
0.0,0.0,5.801377033608794,-0.00417248520456167,0.0,0.013324986200231767
0.0,0.0,5.8710972372808445,-0.0020261051816667865,0.0,0.018586816662440296
0.0,0.0,6.256226164266289,-0.006015998102864862,0.0,0.01708140550535598
0.0,0.0,6.126126827028019,-0.012385057035359222,0.010709064149188277,0.02003593500737201
0.0,0.0,6.065917230723924,-0.015369386850513023,0.005850883120148228,0.017464696595735518
0.0,0.0,6.4567079433790635,-0.015738466442446836,0.006821762912383974,0.015107239479897427
0.0,0.0,6.74264802452826,-0.01085995983300112,0.005066357783043136,0.018950517170824757
0.0,0.0,6.828585970738031,-0.012633969083946844,0.000403297652597441,0.015151519117269242
0.0,0.0,6.689542282379958,-0.017547927178663013,0.0,0.014854613989797183
0.0,0.0,6.734209115822587,-0.010610360603641813,0.0,0.014839008748198618
0.0,0.0,7.256512874601862,-0.00541778967923522,0.0,0.01809792441967626
0.0,0.0,7.160449723403474,-0.02148561312396812,0.011943010659266324,0.017313345303493592
0.0,-0.26212351662349576,6.570605325275788,-0.048625636353151334,0.03132853291802068,0.016211236235968856
0.0,-0.020384614589131492,6.58803908024503,-0.05131302125248899,0.028545677168728682,0.016509247335355953
0.0,0.0,6.644244424505795,-0.028919139927324627,0.01390568401103381,0.019865071623267325
0.0,0.0,6.662388436083158,-0.004819241189247781,0.0,0.019326068271450243
0.0,0.0,6.6084475933094735,-0.004098944458992874,8.348413266151891e-05,0.018191921681768232
0.0,0.0,6.108634149160117,-0.018022139764638144,0.0036409571430535137,0.015115526383603101
0.0,0.0,5.726202393020088,-0.014959556828978895,0.0093332542795832,0.015655310973137566
0.0,0.0,6.321225217173769,-0.010924118097092863,0.005872753317775298,0.016409580127985525
0.0,0.0,5.963189815304719,-0.024806271123765305,0.009821006351165886,0.015950830697676128
0.0,-0.0020057108298359044,5.709538941343589,-0.03299407729195154,0.013404722711495237,0.016234378328594545
0.0,0.0,5.582398602286574,-0.021994957928357962,0.0007551410685715661,0.013305180846499759
0.0,0.0,5.979796738996969,-0.012197901713111619,0.0,0.01470885040067528
0.0,0.0,6.103197916775867,-0.00036776443253157384,0.0,0.014667287939828516
0.0,0.0,6.027557179685634,-0.006486927926343579,0.0,0.013000375630007315
0.0,0.0,5.645700752499485,-0.014380905381605785,0.0074710008825458005,0.011289488715952993
0.0,0.0,5.592718832503022,-0.022314928294255527,0.008848341654538325,0.011881546285475778
0.0,0.0,6.032256764356471,-0.023293111705444475,0.008453730845646174,0.01248150227100211
0.0,0.0,6.043721772352665,-0.036602362410959294,0.02031422150136545,0.010240936690038224
0.0,-0.025406085680357814,5.692431142614883,-0.05011375506049161,0.02423002938769326,0.009380079654197682
0.0,0.0,5.324817720709173,-0.03499428832458299,0.017242987271892714,0.00881261929642014
0.0,0.0,5.800217488194745,-0.006644597022770185,0.00024693035415454214,0.011396341475697559
0.0,0.0,6.122052002354144,0.0,0.0,0.014375633482499001
0.0,0.0,5.922724709605779,0.0,0.0,0.012896075121379299
0.0,0.0,5.509013885447425,-0.005076125553398888,0.0,0.005853613000463808
0.0,0.0,5.682246632323045,-0.008473793635990646,0.0058537239815955695,0.01082974019192757
0.0,0.0,6.109676992557866,-0.015239571525481213,0.010131146132428364,0.010620567411516438
0.0,0.0,5.349435251390486,-0.039483541259720215,0.024376099008044567,0.008973378766831179
0.0,0.0,5.562737758463268,-0.03478297416727818,0.018891349571937787,0.011983428815656751
0.0,0.0,5.622488499587201,-0.024283216884072284,0.012256198398485407,0.01055391877484469
0.0,0.0,5.589022549287142,-0.006003710728322757,0.0,0.011691587294886396
0.0,0.0,5.5848231398748345,-0.0010921476005385203,0.0,0.011784062726618813
0.0,0.0,5.648873059679164,0.0,0.0,0.010666432302659753
0.0,0.0,5.824915541879525,-0.005445916929496681,0.0,0.00979616001329833
0.0,0.0,5.851495293800131,-0.0214448740183054,0.00527633725552309,0.008784194987231372
0.0,-0.23098403417466953,6.204285761024203,-0.04546880246280481,0.03082623962070947,0.005147085776016136
0.0,-0.6059328907426887,5.577834313631921,-0.06491778795564662,0.03776992721664207,0.009126221497319098
0.0,-0.13461371819373352,5.978956257572458,-0.05566980564917656,0.02717326541619357,0.007062010501247798
0.0,0.0,6.06931410491429,-0.026531588469119034,0.006719678252873576,0.009176169301237092
0.0,0.0,6.152441350278275,-0.004783969389390604,0.0,0.008151638514592625
0.0,0.0,5.956988224850078,-0.003336111855292851,0.0,0.010277528526366065
0.0,0.0,5.869044201764839,-0.008139873821637309,0.006863341093321085,0.008888133631027499
0.0,0.0,5.63186219192304,-0.02237098181280234,0.010160388860166942,0.006038548554849945
0.0,0.0,5.57013650944039,-0.03020807929233215,0.014628231806892388,0.004734167856529838
0.0,0.0,5.341151642775964,-0.030215477348087792,0.010021334548376129,0.007781699290481945
0.0,0.0,5.669396194133786,-0.031637418192203726,0.016097926352363543,0.008943675586487414
0.0,0.0,5.410760916046519,-0.03384423873566276,0.014618294565908232,0.0057745448075271376
0.0,0.0,5.324623565998211,-0.01992896195193129,0.0038678348737811626,0.007579231259232895
0.0,0.0,6.10393818321404,-0.003813500016690903,0.0,0.00814630628080998
0.0,0.0,5.941079384844321,-0.007774968070720011,0.0,0.007478785972203692
0.0,0.0,5.597464678046703,-0.024514163793753943,0.007493834116883517,0.007917321765042116
0.0,0.0,5.276877349133961,-0.0292352484226705,0.0077064522394201225,0.005245350688723336
0.0,0.0,5.566523330387784,-0.03372043581188101,0.01126206778906944,0.0038149758175111473
0.0,0.0,5.860923075574205,-0.0432984264252414,0.021320572109404586,0.006892103363890213
0.0,-0.2004734259689344,5.5296800006040865,-0.057699326163552535,0.03399054759409009,0.007312253130751456
0.0,-0.09314033260919674,4.894042022756317,-0.06122990726252473,0.026415893499195355,0.004340872430327487
0.0,0.0,5.311366049222218,-0.019276519614848324,0.005835391188597582,0.007420335680243709
0.0,0.0,6.153022426182349,-0.006854240733875067,0.0,0.007093128812518228
0.0,0.0,5.574615391631366,-0.00503531775906115,0.0,0.011361290690063086
0.0,0.0,4.977307560076549,-0.011001237348890159,0.0,0.00424240917677536
0.0,0.0,5.420998754238394,-0.00043960513178557847,0.0,0.009096558755340146
0.0,0.0,6.0893532398947965,-0.0008266262906579596,0.0,0.010171514648298545
0.0,0.0,5.854208401046247,-0.014829597959699292,0.003976095788334691,0.009663244761257
0.0,0.0,5.140519019600828,-0.03428351740590836,0.014671093250275633,0.0022736621578754407
0.0,0.0,5.269525794794853,-0.03500181888537965,0.018053588486467605,0.006497539361376256
0.0,0.0,5.987174068215507,-0.016368248813522706,0.017135357825100967,0.00949786779086043
0.0,0.0,5.524543963228982,-0.015034181496598456,0.012874665725074933,0.010705363263217957
0.0,0.0,5.3477768242635175,-0.02634456709587894,0.01041842490513634,0.005313683180216393
0.0,0.0,5.217668883160841,-0.027574102757995222,0.013444376907112707,0.007450579848049028
0.0,0.0,5.442935484863093,-0.02151064198455951,0.00932983631846469,0.01024406440481906
0.0,0.0,5.629190204398958,-0.01773386514288943,0.004499836523295725,0.006545090224483895
0.0,0.0,4.988973007318284,-0.0451067645799098,0.020179857966740652,0.008872522731476732
0.0,0.0,4.872997508482628,-0.0487347432452861,0.016751081472686793,0.01092847157003288
0.0,0.0,5.54493199538203,-0.02640352226846975,0.013402333673147332,0.007102057645857153
0.0,0.0,5.202859108214506,-0.026728681594423966,0.015536924932265935,0.01124184749362412
0.0,0.0,4.513336529361192,-0.021309486741298036,0.009787108058136824,0.007970075250377014
0.0,0.0,4.683844460922603,-0.00020932634063112053,0.0036113190810896736,0.011589716979454443
0.0,0.0,4.635279954650036,-0.0005933794615531911,0.0027585970533797726,0.011169000330363235
0.0,0.0,4.266106675218799,-0.01103779930776122,0.01777159146690512,0.011372920609060446
0.0,0.0,4.266106675218799,-0.01103779930776122,0.01777159146690512,0.011372920609060446
0.0,0.0,4.296566655165585,-0.027045006012745364,0.024465022025697083,0.007533323132940649
0.0,0.0,4.051750005708872,-0.015218107193741556,0.008512512489340204,0.009171478554075721
0.0,0.0,4.455137354637275,-0.0026973914790674965,0.0010165455117638845,0.010516533473831318
0.0,0.0,4.621278632153509,-0.00601844644767686,0.0,0.010453624381619505
0.0,0.0,4.455905486854531,-0.007780229418659407,0.001412934671727609,0.011159718332138394
0.0,0.0,4.683918314104632,-0.019602936206153283,0.012889103404512239,0.010218703526868078
0.0,0.0,4.848356947241046,-0.036380190526149256,0.031320029965313044,0.009006379839484558
0.0,0.0,4.696075427619699,-0.058192425776758615,0.036834900177103155,0.00822793711455906
0.0,0.0,4.667020538399948,-0.04556287761415821,0.025002461923620628,0.009356303594043516
0.0,0.0,5.153075106935233,-0.01978196101076316,0.012393216760898069,0.010523114711338322
0.0,0.0,5.316652652814513,-0.013833972904561157,0.01335735804238991,0.008985685144151375
0.0,0.0,5.056507129786082,-0.022257562275720073,0.019024821899062756,0.010624788622673667
0.0,0.0,4.670918354440019,-0.027607981539734566,0.022274466674086186,0.008977980562995112
0.0,0.0,5.243895200638499,-0.014978318905735494,0.00824262756113251,0.008209152848637675
0.0,0.0,5.395882039977256,-0.02505813522442012,0.02380826413954316,0.010380769345405608
0.0,0.0,5.016318223703192,-0.038000099112565966,0.024036712980694236,0.011550533483151817
0.0,0.0,4.586839584569001,-0.0371688250315083,0.016267112474007975,0.00533425535301684
0.0,0.0,4.884382706512402,-0.013725180407556964,0.002642069882364729,0.012213225351384579
0.0,0.0,5.57546962974636,0.0,0.0,0.011446161420244176
0.0,0.0,5.297569824539552,0.0,0.0,0.01847469788745205
0.0,0.0,4.750873073751022,-0.003969830485564793,0.0003034210890174749,0.008110833299240597
0.0,0.0,4.998097068863039,-0.009708050523845433,0.009633244931153428,0.013542443404912724
0.0,0.0,5.542235860783676,-0.03150797005401425,0.022085389125386785,0.011430840740595579
0.0,0.0,5.135750511132637,-0.0467599007540338,0.03239030503145084,0.01069963197854792
-0.04096089051863948,-0.016005717526934377,4.638738200948722,-0.06294641762174644,0.03869157607076974,0.010079639882962052
0.0,0.0,4.882444820557672,-0.05433827033130832,0.031734672044273014,0.008598872506890247
0.0,0.0,5.019240330223016,-0.02943596182130992,0.024758219421450373,0.011178862230263816
0.0,0.0,4.860484954661958,-0.006773636056035137,0.007770930629416176,0.012420745725134685
0.0,0.0,4.482191888318269,-0.0026896850157007296,0.0,0.010829304262248454
0.0,0.0,4.281129959139517,0.0,0.0,0.013555064320565385
0.0,0.0,4.570066037682358,0.0,0.0,0.013180343427906856
0.0,0.0,4.198857822599036,-0.006747659332260446,0.006118329997158835,0.010921642729228964
0.0,0.0,3.705287780372939,-0.020105152568843605,0.01794013427370929,0.015839698185399913
0.0,0.0,3.6823157787727765,-0.02485394077187362,0.02026172916816113,0.010475170998449976
0.0,0.0,3.6831332623102937,-0.0060004212500381114,0.004561285760798843,0.015183285890247571
0.0,0.0,3.9105095167916204,0.0,0.0,0.014223333884268372
0.0,0.0,3.9587280199804065,0.0,0.0,0.012872709463175707
0.0,0.0,4.057701572025315,0.0,0.0,0.015623392250944872
0.0,0.0,4.440197293190243,-0.0014772460746821428,0.0,0.007876344078857792
0.0,0.0,4.993545751077404,-0.010963156942082766,0.002627539455966483,0.012413531688730866
0.0,0.0,4.8099448957687,-0.03013000403351194,0.014295207738004741,0.01550043814687924
0.0,0.0,4.760964941231219,-0.05267891137630544,0.022930887847139654,0.009563594125020187
0.0,0.0,4.976403872748984,-0.04185172341004408,0.01962539664442897,0.012000342037057877
0.0,0.0,5.458997395192907,-0.030860642708167317,0.017028058377747176,0.012249604997545372
0.0,0.0,5.222595667986558,-0.01869575483075519,0.0071231579973352974,0.011326025045582309
0.0,0.0,5.370781924846702,-0.012568364668283644,0.004475409109431674,0.009806778201382479
0.0,0.0,5.184047099990678,0.0,0.0009688363452960925,0.013255912512272181
0.0,0.0,5.293411076879675,-0.005099758094842401,0.0035522748413510247,0.010626525232881585
0.0,0.0,5.393247034897866,-0.018614165333415006,0.011549905519903854,0.009881652679981902
0.0,0.0,4.882359304460192,-0.0389359757639736,0.021370083075034733,0.009381650043166576
0.0,0.0,4.756114279549594,-0.04834555849139936,0.02754966810874493,0.00980649572305908
0.0,0.0,4.958481794353693,-0.03256607534318572,0.013531171703410264,0.00958530171790518
0.0,0.0,4.995043780169022,-0.02451226613803758,0.012787126823526934,0.008987479860337459
0.0,0.0,4.679861063408565,-0.02652063983918332,0.015104673345222605,0.008925753544919441
0.0,0.0,4.364971172730568,-0.015176776405022713,0.0035329335139050845,0.008883858217805926
0.0,0.0,4.7415689655392095,0.0,0.0,0.012610820418420932
0.0,0.0,4.692140161453414,0.0,0.0,0.014632197223662945
0.0,0.0,4.066931691323182,-0.008792924547983225,9.224463692782426e-05,0.013407372347200016
0.0,0.0,4.02436794417377,-0.008398195580097693,0.0017098024742872142,0.010475082668723188
0.0,0.0,4.25491374352711,-0.011281264795084955,0.008303464733355302,0.014520087852925856
0.0,0.0,4.196679071811546,-0.012193525132804032,0.016335611353094165,0.011587975058328596
0.0,0.0,3.80077162016,-0.005661135126483965,0.009260254798589596,0.013309867075258778
0.0,0.0,4.0363590137634295,0.0,0.0007904867123002729,0.013460908142188624
0.0,0.0,4.210522129829462,0.0,0.0,0.0146480170598001
0.0,0.0,4.1091619500615675,0.0,0.003994457732787,0.016660112436052373
0.0,0.0,3.965164893903206,-0.008008140328862637,0.00019621838771393752,0.010166937006338098
0.0,0.0,4.120999799167708,-0.015379656817000492,0.005550364846584411,0.01029563697217423
0.0,0.0,4.19161195662676,-0.02133235858739891,0.012545829318608903,0.017897654491121948
0.0,0.0,4.187264471637858,-0.02664322122672604,0.01652982021134498,0.014734532918984406
0.0,0.0,3.8890506011914647,-0.028755834110263705,0.014029670722265793,0.012201251786998341
0.0,0.0,4.058955228371529,-0.014916246203908873,0.009673159650723299,0.012540524402661856
0.0,0.0,4.2938754311424105,-0.006118092318380437,0.010931940025330333,0.01447926280524275
0.0,0.0,4.0431939131043615,-0.009931515844550898,0.002752634884065607,0.016373971245925236
0.0,0.0,3.960030292047361,-0.006433471231792137,0.002085346593693052,0.01068381779633476
0.0,0.0,3.882612416415731,-0.01181471587448327,0.009981856573680246,0.010876255867333182
0.0,0.0,3.8097109445339448,-0.009213417363541318,0.007946107413235712,0.015285592073376264
0.0,0.0,3.7853296188104415,-0.010793203602761899,0.012937020214343658,0.014397910271801387
0.0,0.0,3.529976473050914,-0.007819966480346599,0.00852957095190322,0.016057614945780372
0.0,0.0,3.747050021150546,-0.004363905812665799,0.010173306586393042,0.011418340677162162
0.0,0.0,4.171368683926049,-0.00020172643203910013,0.005551411864583115,0.014329930866678909
0.0,0.0,4.085132534979592,-0.0024674951603374097,0.007847877153294517,0.012482017364660179
0.0,0.0,3.99940757539301,-0.012057934451765695,0.00877260292729019,0.014825919378954769
0.0,0.0,4.107539300922072,-0.015069992258996318,0.009913551606131134,0.012379397019129634
0.0,0.0,4.33617629433032,-0.0204974710790758,0.01695746394452276,0.013735606266393507
0.0,0.0,4.310989364850481,-0.018977662792361877,0.007111446958735497,0.009590153770215135
0.0,0.0,4.257010323561563,-0.01682550841416361,0.01170547564394154,0.011191040938593981
0.0,0.0,4.470067371429051,-0.01951629112969524,0.01201931869368529,0.015933096911358906
0.0,0.0,4.477230976531564,-0.017413606991580923,0.0062388820082890815,0.012813322423870437
0.0,0.0,4.053265038090942,-0.0221313071268812,0.010899420476751324,0.014092585588756026
0.0,0.0,3.984960419121961,-0.01343093818500261,0.003507392729145463,0.01240554895324906
0.0,0.0,3.992070042213677,-0.011674787299431591,0.0021103059716399467,0.011184556563365297
0.0,0.0,3.672489769782414,-0.01088647185339545,0.0,0.013631118517239865
0.0,0.0,3.49453299079637,-0.003623191800086864,0.0,0.009640415408751222
0.0,0.0,3.8086561631779943,0.0,0.0,0.015583305182885152
0.0,0.0,3.849184856570332,0.0,0.0,0.011892939787305441
0.0,0.0,3.6938290431201324,0.0,0.0,0.012691818934455909
0.0,0.0,3.7423034173305347,-0.004394546099344437,0.0,0.009351420001533623
0.0,0.0,3.4847379794258293,-0.03245984261008285,0.02051440344845417,0.012048924005245995
0.0,0.0,3.2031163811246763,-0.04660092143954085,0.020136636288869296,0.007469299737721516
0.0,0.0,3.1359909776762986,-0.027796296843866496,0.0031933556099664933,0.007139972192548352
0.0,0.0,3.3788695890628953,-0.014126358223781393,3.4922896852265564e-05,0.010171922284713938
0.0,0.0,3.3021088326686474,-0.003718451703629634,0.0,0.010539527747470327
0.04976977655380748,0.0,2.9793590584990866,0.0,0.0,0.008762511601209347
0.19537814034111578,0.0,2.8648756793005274,0.0,0.0,0.007329050743777971
0.0332143811945099,0.0,3.2871154365598434,0.0,0.0,0.0074959386771843274
0.0,0.0,3.3627302689847816,0.0,0.0,0.005459027150904968
0.0,0.0,2.921299765089037,-0.0033026160387776096,0.0,0.007580705627417414
0.0,0.0,2.8734583732193597,-0.00867348116817858,0.0,0.006989008010169631
0.0,0.0,3.5156470991718827,-0.0014736633992260431,0.0,0.008582389944870759
0.0,0.0,3.688636645415336,-0.00402835501822488,0.0,0.005216152451718344
0.0,0.0,3.4319271996809726,-0.0008902203060566595,0.0,0.005726164850828104
0.0,0.0,3.4569993890459414,0.0,0.0,0.005954855028241009
0.0,0.0,3.8460846403580207,-0.0005022575764856459,0.0,0.007187876162440562
0.0,0.0,3.820230681401907,-0.013538820927802417,0.0009511298355190722,0.006065798007705938
0.0,0.0,3.331695016868923,-0.03666970051263387,0.011699093706468773,0.005382712364344592
0.0,0.0,3.090335574978654,-0.0439488666275981,0.011423177537551104,0.004262804699577951
0.0,0.0,3.55006452862058,-0.01627309006061061,0.007642843105488542,0.007624480412922963
0.0,0.0,3.6673458394215253,-0.008384502475013076,0.0,0.007465032084450216
0.0,0.0,3.1884067419051787,-0.00623109764179276,0.0,0.006291903874164407
0.0,0.0,3.200674556649779,-0.004453469996775846,0.0,0.0049776399315106775
0.0,0.0,3.704777376853431,-0.0006260549315782509,0.0,0.0072416386948963175
0.0,0.0,3.500490515663853,-0.005709566311928536,0.005779096590450577,0.006499015909423383
0.0,0.0,3.131410945157946,-0.017852711788784708,0.01262672886604877,0.004145806913111602
0.0,0.0,3.2027438269083524,-0.026282736291166453,0.010520224988697643,0.0033776292613981033
0.0,0.0,3.1184262179143163,-0.014782544729925188,0.0051819626420114085,0.002641589549103874
0.0,0.0,2.879321733554528,-0.006510853615794519,0.004871775480752367,0.005100513744345098
0.0,0.0,2.9291414500279456,0.0,0.0,0.0034724478320676336
0.0,0.0,2.8525358684020494,0.0,0.0,0.006150321664005866
0.0,0.0,2.9572327257961533,0.0,0.0,0.006479646351103647
0.0,0.0,2.8693690274253196,0.0,0.0,0.003433851382960705
0.0,0.0,2.616907732211587,0.0,0.0,0.004533217532036784
0.0,0.0,2.696373511808011,-0.005717422547649497,0.003639621143008473,0.0030176535324135632
0.0,0.0,2.602569388005372,-0.004942345780615691,0.0028929277914946823,0.005532710066288212
0.0,0.0,2.850743593256164,-0.0014035139677166728,0.0012502836120417645,0.004875078690363366
0.0,0.0,3.093010687388114,-0.002743198921783618,0.0030014572689552503,0.0017113910626604188
0.0,0.0,2.987585180193009,-0.00833813240705207,0.007074572089388251,0.003486548905981192
0.0,0.0,2.652124262005904,-0.007823431208159929,0.0017720785291282335,0.0015938652640160602
0.0,0.0,2.9894720767030685,0.0,0.0,0.0032724815715928822
0.0,0.0,3.0809259811664886,-0.002909963327111236,0.0013025919549836248,0.005360487469555149
0.0,0.0,2.937547472174659,-0.012027023843136475,0.002126176736167208,0.005712379207320389
0.0,0.0,2.7172323212991123,-0.011314104160427512,0.0013142917392560288,0.0008811529165897039
0.0,0.0,3.0983266701906387,-0.009009437181873674,0.000889690154914179,0.0042429356257213564
0.0,0.0,3.1082347097976735,-0.006729057589382849,0.008261090958973991,0.003950842389290421
0.0,0.0,2.9979892723628545,-0.0086758762879557,0.0006145753005183197,0.0009287214386276899
0.0,0.0,2.7044470883468184,-0.0011714984376465648,0.0,0.0004636281982282775
0.0,0.0,2.7296253881852044,0.0,0.0,0.007314202133998737
0.0,0.0,3.0626385871378274,0.0,0.0,0.0032696029498714627
0.0,0.0,2.954083518883296,0.0,0.0,0.002859741584751314
0.0,0.0,2.830568400280659,0.0,0.0,0.00310930902220644
0.0,0.0,3.5225950167963775,-0.003685194598536947,0.0,0.004147600409430087
0.0,0.0,3.2815839359846586,-0.012644082419189368,0.005848838608766359,0.005221917654500552
0.0,0.0,3.0556097821452304,-0.016785105657251453,0.0035565273801896795,0.0
0.0,0.0,3.04841248344232,-0.0008785971151191778,0.0,0.0011128816136345369
0.0,0.0,3.8580176026444555,0.0,0.0,0.004532258394277224
0.0,0.0,3.658995849518152,0.0,0.0,0.005389015381215693
0.0,0.0,2.974105565434429,-0.017833029382451585,0.009152269770562169,0.00294271613137703
0.0,0.0,3.1572544593070035,-0.01667485657836898,0.012186901806794529,0.002813883107066057
0.0,0.0,3.271927883567502,-0.012934246458575663,0.008990098423063466,0.005951362829882469
0.0,0.0,3.18230744967049,-0.011618478274064883,0.002365593005708994,0.004353778954750841
0.0,0.0,3.077008195234675,-0.012913295835461702,0.0007992930466928007,0.0015830342742308718
0.0,0.0,3.1388009168350854,-0.006447688992533611,0.0,0.0015615316738060495
0.0,0.0,3.356202752891452,0.0,0.0,0.002627771088723083
0.0,0.0,3.3223777295657504,-0.004561080084672936,0.0,0.0
0.0,0.0,2.9740251210603317,-0.01676604895384238,0.002442309327398713,0.0
0.0,0.0,2.649226975821101,-0.025729934745084206,0.012675808332882104,0.0005172662222916758
0.0,0.0,2.7199091486617197,-0.018986540587907712,0.008467282176036716,0.0023846776669458063
0.0,0.0,2.8380047316215355,-0.013820247516709423,0.0007293219960393275,0.0006729980406727334
0.0,0.0,2.3821711661745346,-0.0008140165906302775,0.0,0.0026331797727285047
0.0,0.0,2.353897040357266,0.0,0.0,0.0
0.0,0.0,2.3500931338746995,0.0,0.0,0.002720604657667753
0.0,0.15709509184297277,2.257328243850761,0.0,0.0,0.0031789440270393507
0.0,0.04323923301399828,2.4048180547399913,0.0,0.0,0.0016459587763340486
0.0,0.0,2.325813496110336,-0.0013732007470704216,0.001921002089168344,0.002240444433009675
0.0,0.0,2.3848384973527157,-0.0155839058964037,0.004797932905583144,0.000626621109639366
0.0,0.0,2.3615052011022,-0.014091626441362439,0.00022451061719328298,0.0
0.0,0.0,2.7643145691067286,-0.003751481708607756,0.0,0.002518024318271588
0.0,0.0,2.8876510056404214,-0.004716684355165457,0.0,0.004240775825226897
0.0,0.0,2.476620680303498,-0.007554796222455582,0.0,0.0024947776002847825
0.0,0.0,2.521935002391168,-0.0042891413258554,0.0,0.0013561746231189604
0.0,0.0,2.7193443816214815,0.0,0.0,0.003409679666363568
0.0,0.0,2.791017850949171,-0.011274191186854155,0.0,2.1960231698432758e-05
0.0,0.0,2.2847797483261587,-0.024882964067451642,0.0023611434846700246,0.002393668929161024
0.0,0.0,2.5242637828591565,-0.011341986263289357,0.0,0.0
0.0,0.0,2.878489295076437,0.0,0.0,0.0012587528281207054
0.0,0.0,3.1748932687756617,0.0,0.0,0.0003191645445966608
0.0,0.0,3.0188107388289835,0.0,0.0,0.0
0.0,0.0,2.936659523545796,0.0,0.0,0.0
0.0,0.0,3.398893972709375,0.0,0.0,0.0
0.0,0.0,3.5668596988562746,0.0,0.0,0.0003493667326194939
0.0,0.0,3.0849584678434123,-0.019939759787586546,0.0016304755526808414,0.0
0.0,0.0,2.7874416909495543,-0.04345269215649226,0.006389833571712855,0.0
0.0,0.0,2.798151601900726,-0.032645724695958944,0.0063437498203728765,0.0
0.0,0.0,2.7352072884992458,-0.00672910541210819,0.0,0.0
0.0,0.0,2.9373372756165574,0.0,0.0,0.0
0.0,0.0,2.6601648750054103,0.0,0.0,0.0
0.0,0.0,2.3946595588570583,0.0,0.0,0.0
0.0,0.0,2.5296201449124167,-0.0013091963141538645,0.0,0.0
0.0,0.0,2.401242358600875,-0.013471717737076066,0.0021376607814044936,0.0
0.0,0.0,2.1689361637822175,-0.028967463120570285,0.0033261312171345946,0.0
0.0,0.0,2.1951945237579,-0.01631034341513114,0.006037184627916454,0.0
0.0,0.0,2.444400480343992,-0.001947158648324372,0.0,0.0
0.0,0.0,2.364290564041066,0.0,0.0,0.0
0.0,0.0,2.1601421365885884,0.0,0.0,0.0
0.0,0.0,2.32796841999996,0.0,0.0,0.0
0.0,0.0,2.3223589202863666,0.0,0.0,0.0
0.0,0.0,2.3049790484600488,0.0,0.0,0.0
0.0,0.0,2.1537412876996584,-0.002462093666438165,0.0,0.0
0.0,0.0,1.9663399818578404,-0.014326558008110519,0.0,0.0
0.0,0.0,1.9363854453307379,-0.007584646262737607,0.002346095189463495,0.0
0.0,0.0,2.044411181184641,0.0,0.0,0.0
0.0,0.0,2.0762251365979814,0.0,0.0,0.0
0.0,0.0,2.1947184202948584,0.0,0.0,0.0
0.0,0.0,2.343855932844538,0.0,0.0,0.0
0.0,0.0,2.2269165383059484,0.0,0.0,0.0
0.0,0.0,2.2070098713093955,-0.005147023408541096,0.0,0.0
0.0,0.0,2.097417432170276,-0.009532647353600949,0.0,0.0
0.0,0.0,2.2635622821660117,-0.014685268806697368,0.0048651608540179496,0.0
0.0,0.0,2.170196180385847,-0.023642492215689554,0.006704914175524724,0.0
0.0,0.0,2.0315468424653176,-0.017242975158657907,0.0020302122898822337,0.0
0.0,0.0,2.2122856750843938,-0.0008510477557451502,0.0,0.0
0.0,0.0,2.3051892678707206,0.0,0.0,0.0
0.0,0.0,2.028530503134082,0.0,0.0,0.0
0.0,0.0,2.0858698955865904,-0.0008964592557135007,0.0,0.0
0.0,0.0,2.091883670592112,0.0,0.0,0.0
0.0,0.0,2.162097278699913,0.0,0.0,0.0
0.0,0.0,2.295976273376665,-0.0018471351423352388,0.0,0.0
0.0,0.0,2.0769018043245895,-0.0030062364858156757,0.0,0.0
0.0,0.0,2.182396529999656,-0.0002043606525924213,0.0,0.0
0.0,0.0,2.4597156268745497,0.0,0.0,0.0
0.0,0.0,2.1001982144152143,-0.0014065604348425641,0.0,0.0
0.0,0.0,1.639420913200358,-0.01694935830584054,0.0,0.0
0.0,0.0,1.8464093070730758,-0.009403454259852232,0.003727315977667526,0.0
0.0,0.0,1.5565404259093687,-0.01283395180337868,0.007343994716666016,0.0
0.0,0.0,1.566187510216394,0.0,0.0,0.0
0.0,0.0,1.782382569938682,0.0,0.0,0.0
0.0,0.0,1.4736074706722122,0.0,0.0,0.0
0.0,0.0,1.2427579055989262,0.0,0.0,0.0
0.0,0.0,1.5534290233022419,0.0,0.0,0.0
0.0,0.0,1.5945935928205803,0.0,0.0,0.0
0.0,0.0,1.7779683629554497,0.0,0.0,0.0
0.0,0.0,1.6780311073838352,-0.0008635602695081042,0.0,0.0
0.0,0.0,1.4342822124982557,-0.010843449119834859,0.0,0.0
0.0,0.0,1.9085307208860385,-0.001372999239347175,0.0,0.0
0.0,0.0,1.7594164402033232,0.0,0.0,0.0
0.0,0.0,1.7653155161078373,0.0,0.0,0.0
0.0,0.0,1.7535561505092576,0.0,0.0,0.0
0.0,0.0,1.5799182420439173,0.0,0.0,0.0
0.0,0.0,1.534023474336524,0.0,0.0,0.0
0.0,0.0,1.6941032992291334,0.0,0.0,0.0
0.0,0.0,1.7711897464801918,0.0,0.0,0.0
0.0,0.0,1.781082946322032,-0.00037934653415211026,0.0,0.0
0.0,0.0,1.7260820278705733,-0.0006604363270478743,0.0,0.0
0.0,0.0,1.7352114966315717,-0.0022165799050096473,0.0,0.0
0.0,0.0,1.9037498078858994,0.0,0.0,0.0
0.0,0.0,1.6912289023242995,-0.007446598165986114,0.0,0.0
0.0,0.0,1.7637521033953312,-0.016322734254694153,0.0,0.0
0.0,0.0,1.7407558789431423,-0.014426756008635461,0.0013096731747156204,0.0
0.0,0.0,1.5533216118309978,-0.00767771985840703,0.0,0.0
0.0,0.0,1.2856030158815237,0.0,0.0,0.0
0.0,0.0,1.322391871206641,0.0,0.0,0.0
0.0,0.0,1.4598192200931472,0.0,0.0,0.0
0.0,0.0,1.0726874178216594,0.0,0.0,0.0
0.0,0.0,1.2058473801596281,0.0,0.0,0.0
0.0,0.0,1.2560803158354776,0.0,0.0,0.0
0.0,0.0,1.4758761244589351,0.0,0.0,0.0
0.0,0.0,1.4415145159117464,0.0,0.0,0.0
0.0,0.0,1.098512946726938,-0.008978518184970159,0.0,0.0
0.0,0.0,1.5299293677387062,0.0,0.0,0.0
0.0,0.0,1.5440983698622286,-0.0020161506533450057,0.0,0.0
0.0,0.0,1.4258353362327556,-0.0038945351390470714,0.0,0.0
0.0,0.0,1.330000053175392,-0.01061990748200575,0.0,0.0
0.0,0.0,1.3296065786230773,-0.001851542565555104,0.0,0.0
0.0,0.0,1.4096356974500572,0.0,0.0,0.0
0.0,0.0,1.1992453360038944,0.0,0.0,0.0
0.0,0.0,1.078144056591018,0.0,0.0,0.0
0.0,0.0,1.1398460580902152,-0.0012625860741053738,0.0,0.0
0.0,0.0,0.8758177360499542,-0.012474708404555897,0.0017588761254561168,0.0
0.0,0.0,0.9880342044941264,-0.0011892678209851617,0.0,0.0
0.0,0.0,1.099801021058502,0.0,0.0,0.0
0.0,0.0,1.136142577712033,0.0,0.0,0.0
0.0,0.0,1.061352487765297,0.0,0.0,0.0
0.0,0.0,0.9018217350569244,-0.002148116595191974,0.0,0.0
0.0,0.0,1.0254322636564004,-0.0038694667951169213,0.0,0.0
0.0,0.0,1.3290526011359707,-0.0014322458260024689,0.0,0.0
0.0,0.0,1.0217995907089858,-0.006739517016508165,0.0,0.0
0.0,0.0,1.1819357272428657,-0.008859224673307277,0.0,0.0
0.0,0.0,1.381626083549175,-0.011026401687002921,0.0,0.0
0.0,0.0,1.417516839419941,-0.005331048303419128,0.0,0.0
0.0,0.0,1.4139747218451189,0.0,0.0,0.0
0.0,0.0,1.4417537104767502,0.0,0.0,0.0
0.0,0.0,1.4782896804434054,0.0,0.0,0.0
0.0,0.0,1.3470293032871867,0.0,0.0,0.0
0.0,0.0,1.349476124246491,0.0,0.0,0.0
0.0,0.0,1.145009872238261,0.0,0.0,0.0
0.0,0.0,1.3539951383472932,0.0,0.0,0.0
0.0,0.0,1.3986075629485983,0.0,0.0,0.0
0.0,0.0,1.3944274004392159,0.0,0.0,0.0
0.0,0.0,1.6230403434129848,0.0,0.0,0.0
0.0,0.0,1.5680884807461264,-0.011225740112943769,0.0021090843832199417,0.0
0.0,0.0,1.531853262282484,-0.0171173930506688,0.004975020608127252,0.0
0.0,0.0,1.4532478701139406,-0.021767922402702467,0.00043078056002646386,0.0
0.0,0.0,1.4908890036549016,-0.00854180689846326,0.0,0.0
0.0,0.0,1.273276870059459,0.0,0.0,0.0
0.0,0.0,1.3238587182634656,0.0,0.0,0.0
0.0,0.0,1.0664841992804213,0.0,0.0,0.0
0.0,0.0,1.0785146179506802,0.0,0.0,0.0
0.0,0.0,0.8667158672864866,0.0,0.0,0.0
0.0,0.0,0.874390180500338,0.0,0.0,0.0
0.0,0.0,0.989287702595653,0.0,0.0,0.0
0.0,0.0,1.1160969550670443,0.0,0.0,0.0
0.0,0.0,0.9583183422510724,-0.0022185363978091516,0.0,0.0
0.0,0.0,1.0830187853998605,-0.0037677746530065575,0.0,0.0
0.0,0.0,1.1319964369895283,-0.0007391065679406718,0.0,0.0
0.0,0.0,1.3874401774745706,0.0,0.0,0.0
0.0,0.0,1.3632005075458395,0.0,0.0,0.0
0.0,0.0,1.3632005075458395,0.0,0.0,0.0
0.0,0.0,1.4348056546606898,-0.0018086980818135174,0.0,0.0
0.0,0.0,1.2653260715118715,0.0,0.0,0.0
0.0,0.0,1.372645116804596,0.0,0.0,0.0
0.0,0.0,1.4825241793939268,0.0,0.0,0.0
0.0,0.0,1.6045059965444417,0.0,0.0,0.0
0.0,0.0,1.4472083501147135,-0.0025703589765433367,0.0,0.0
0.0,0.0,1.5185067823390044,-0.004662568141163038,0.0,0.0
0.0,0.0,1.8017438186936903,0.0,0.0,0.0
0.0,0.0,1.7877959917655968,0.0,0.0,0.0
0.0,0.0,1.7502106743423986,0.0,0.0,0.0
0.0,0.0,1.8347962651859746,0.0,0.0,0.0
0.0,0.0,1.5919143497804227,-0.010276829660082906,0.0,0.0
0.0,0.0,1.764692779022036,-0.015039233918600441,0.000509196947488534,0.0
0.0,0.0,1.7045541670217905,-0.01721237422425629,0.001399118933940385,0.0
0.0,0.0,1.530530863169649,-0.01240864806857657,0.0,0.0
0.0,0.0,1.5454618012714434,0.0,0.0,0.0
0.0,0.0,1.7669588825985088,0.0,0.0,0.0
0.0,0.0,1.3869838703703807,-0.000280934019886985,0.0,0.0
0.0,0.0,1.1621081024819666,-0.0012585698056173868,0.001166657277124358,0.0
0.0,0.0,1.4495085971278572,0.0,0.0,0.0
0.0,0.0,1.2942647079321303,0.0,0.0,0.0
0.0,0.0,1.1127272194533664,0.0,0.0,0.0
0.0,0.0,1.0615685663387062,0.0,0.0,0.0
0.0,0.0,1.034755224081651,0.0,0.0,0.0
0.0,0.0,1.1591715821909356,0.0,0.0,0.0
0.0,0.0,1.3318810595333397,0.0,0.0,0.0
0.0,0.0,1.1495804245765078,0.0,0.0,0.0
0.0,0.0,1.3430239894136198,0.0,0.0,0.0
0.0,0.0,1.319452264526292,0.0,0.0,0.0
0.0,0.0,1.3970510963388478,-0.0007178378140807032,0.0,0.0
0.0,0.0,1.3626352667805013,-0.006939014966256586,0.00015567912458408237,0.0
0.0,0.0,1.308072818948057,-0.0062808482363355235,0.003819421088112835,0.0
0.0,0.0,1.36267257118237,-0.006530390136953596,0.0009597186456067986,0.0
0.0,0.0,1.2902617609980795,0.0,0.0,0.0
0.0,0.0,1.4175816041505898,0.0,0.0,0.0
0.0,0.0,1.6368921911177043,0.0,0.0,0.0
0.0,0.0,1.345837376932168,0.0,0.0,0.0
0.0,0.0,1.4322675128848146,-0.0015431671869570967,0.0,0.0
0.0,0.0,1.2180696069989296,-0.007136250651788309,0.0009773602422465538,0.0
0.0,0.0,1.3359089713636156,-0.003947965095324354,0.002621382661402674,0.0
0.0,0.0,1.5717823602164163,0.0,0.0,0.0
0.0,0.0,1.4793533145106343,0.0,0.0,0.0
0.0,0.0,1.5671480766256296,0.0,0.0,0.0
0.0,0.0,1.6060612566769303,0.0,0.0,0.0
0.0,0.0,1.5176327746252283,-0.004499063995796828,0.0,0.0
0.0,0.0,1.5781837381210555,-0.008326816811906373,0.0,0.0
0.0,0.0,1.7170833256949976,-0.012446474576580206,0.0035230216543497657,0.0
0.0,0.0,1.5719784488867905,-0.011461361372243014,0.0,0.0
0.0,0.0,1.6641473348001234,-0.0062835853322687485,0.0,0.0
0.0,0.0,1.641116554396286,-0.0027681069195635783,0.0,0.0
0.0,0.0,1.3873033283775849,0.0,0.0,0.0
0.0,0.0,1.4041856671336306,0.0,0.0,0.0
0.0,0.0,1.129165092077205,0.0,0.0,0.0
0.0,0.0,1.2046866387008859,0.0,0.0,0.0
0.0,0.0,1.3003421320936408,0.0,0.0,0.0
0.0,0.0,1.1858660087843396,0.0,0.0,0.0
0.0,0.0,1.1295744656281854,-0.002487931138952941,0.0,0.0
0.0,0.0,1.224786483107218,-0.0029568551262445534,0.0,0.0
0.0,0.0,1.3275979225375623,0.0,0.0,0.0
0.0,0.0,1.5003627474462904,0.0,0.0,0.0
0.0,0.0,1.4779407510971816,0.0,0.0,0.0
0.0,0.0,1.6679503940919282,0.0,0.0,0.0
0.0,0.0,1.7424480246377592,-0.00368216253028108,0.0,0.0
0.0,0.0,1.7560138114173984,-0.018778248800308813,0.003931748892507238,0.0
0.0,0.0,1.8200194951758832,-0.022194891291746573,0.005987023352525224,0.0
0.0,0.0,1.8339117965441118,-0.019432332579831887,0.008450329771132678,0.0
0.0,0.0,1.5870163670977877,-0.02388841692630593,0.0015847665973127273,0.0
0.0,0.0,1.7170056596162457,0.0,0.0,0.0
0.0,0.0,1.6515903547899786,0.0,0.0,0.0
0.0,0.0,1.4062758711497536,0.0,0.0,0.0
0.0,0.0,1.588567051306476,0.0,0.0,0.0
0.0,0.0,1.4939820419065435,0.0,0.0,0.0
0.0,0.0,1.416651008278546,-0.0009976634708342732,0.0,0.0
0.0,0.0,1.5253444956196656,0.0,0.0,0.0
0.0,0.0,1.5565438940397656,0.0,0.0,0.0
0.0,0.0,1.7172767837672638,0.0,0.0,0.0
0.0,0.0,1.7642356689299423,0.0,0.0,0.0
0.0,0.0,1.7203936274093004,-0.002770528416591204,0.0026192529888887216,0.0
0.0,0.0,1.8241570506881128,-0.018775942276645884,0.006206158966581296,0.0
0.0,0.0,1.7731854358914387,-0.021337652798708917,0.010967708282985877,0.0
0.0,0.0,1.8672618977901085,-0.014785269800405215,0.0,0.0
0.0,0.0,1.8757585805971089,-0.005514672509484042,0.0,0.0
0.0,0.0,1.64092955489673,-0.005720113732025833,0.0,0.0
0.0,0.0,1.6610116440972802,0.0,0.0,0.0
0.0,0.0,1.534886564752205,-0.001058322310420617,0.00104335942308062,0.0
0.0,0.0,1.4766685401726674,-0.006498055506665367,0.003997335262945476,0.0
0.0,0.0,1.3753023655590098,-0.0048476187641452,0.0014242036826822642,0.0
0.0,0.0,1.3364404150324307,0.0,0.0,0.0
0.0,0.0,1.3872786750743158,0.0,0.0,0.0
0.0,0.0,1.4333146561023022,0.0,0.0,0.0
0.0,0.0,1.3090531901951845,0.0,0.0,0.0
0.0,0.0,1.3300662143706763,0.0,0.0,0.0
0.0,0.0,1.4186000648072836,0.0,0.0,0.0
0.0,0.0,1.5371238906276312,-4.11383176281883e-05,0.0,0.0
0.0,0.0,1.535536375353338,-0.00350019878773389,0.0,0.0
0.0,0.0,1.4875713123394207,-0.0014259756590543188,0.0,0.0
0.0,0.0,1.608584552809799,0.0,0.0,0.0
0.0,0.0,1.6722130409782352,-0.002346645651322184,0.0,0.0
0.0,0.0,1.590545357388326,-0.027105664764855687,0.00384552667192268,0.0
0.0,0.0,1.8095739904896089,-0.015454527885180844,0.0077615314447627174,0.0
0.0,0.0,1.7283570409502196,-0.017157299488211125,0.006841924609592448,0.0
0.0,0.0,1.884687908153861,-0.0034234128671399044,0.0,0.0
0.0,0.0,1.896433814458603,0.0,0.0,0.0
0.0,0.0,1.6613891065749975,0.0,0.0,0.0
0.0,0.0,1.7423275671980103,0.0,0.0,0.0
0.0,0.0,1.4852972399081747,-0.002005014435578269,0.0,0.0
0.0,0.0,1.3332566782723239,-0.007713782781541741,0.0,0.0
0.0,0.0,1.489943220528492,-0.009461040883809904,0.0,0.0
0.0,0.0,1.4485365561376589,-0.001246400389939626,0.0,0.0
0.0,0.0,1.483995095444638,0.0,0.0,0.0
0.0,0.0,1.5110150963673483,0.0,0.0,0.0
0.0,0.0,1.628724854906341,0.0,0.0,0.0
0.0,0.0,1.9283973189937789,-0.0014900579825613224,0.0,0.0
0.0,0.0,1.744664872233009,-0.008076867445382937,0.0006442230313825364,0.0
0.0,0.0,2.0072116918086227,-0.008195090141482713,0.00027738356551332115,0.0
0.0,0.0,2.054454735166511,-0.007955262501780268,0.0006177118299211977,0.0
0.0,0.0,1.9398932118712977,-0.013330508445648728,0.0020993919330780644,0.0
0.0,0.0,1.8163645555252086,-0.013200713856801952,0.0,0.0
0.0,0.0,1.9931110952805717,-0.0031869501282986755,0.0,0.0
0.0,0.0,1.9416766300539408,-0.00231149107923841,0.0,0.0
0.0,0.0,1.7756276113282223,-0.003269339643675937,0.0,0.0
0.0,0.0,1.6322651289510808,-0.0034042395874172666,0.0,0.0
0.0,0.0,1.8661336676882065,0.0,0.0,0.0
0.0,0.0,1.630879172897608,0.0,0.0,0.0
0.0,0.0,1.6319769474663208,0.0,0.0,0.0
0.0,0.0,1.810505068898039,0.0,0.0,0.0
0.0,0.0,1.6933038261119087,-0.00024468443058901285,0.0,0.0
0.0,0.0,1.5912060024836703,-0.008967895235574078,0.0,0.0
0.0,0.0,1.6923634000349357,-0.005265365776160824,0.0011094437232308972,0.0
0.0,0.0,1.8088811076099778,-0.005682213620810237,0.0,0.0
0.0,0.0,1.8434353464547528,-0.0031965936465543224,0.0,0.0
0.0,0.0,1.8196901461784496,-0.0020253910053395765,0.0,0.0
0.0,0.0,1.8918040687103583,-0.0001474149005164959,0.0,0.0
0.0,0.0,2.0166526697317995,0.0,0.0,0.0
0.0,0.0,1.8276734836480628,-0.002765571429584591,0.0,0.0
0.0,0.0,1.8493193468079698,-0.009303161438321498,0.0,0.0
0.0,0.0,2.0084211449920746,-0.008157627867613041,0.003014610871645404,0.0
0.0,0.0,1.849618211385487,-0.020655056659548303,0.007845760587446373,0.0
0.0,0.0,1.7291175701175845,-0.01451513707270279,0.00017817437440795827,0.0
0.0,0.0,1.7729127943320564,-0.0037797007416861352,0.0,0.0
0.0,0.0,1.678353035864646,0.0,0.0,0.0
0.0,0.0,1.6938375861858694,0.0,0.0,0.0
0.0,0.0,1.4832277040163586,0.0,0.0,0.0
0.0,0.0,1.633669726884787,0.0,0.0,0.0
0.0,0.0,1.8009808488744454,-0.0029233325634934,0.0,0.0
0.0,0.0,1.6230749004062126,-0.016979440777325057,0.0041113067671963875,0.0
0.0,0.0,1.6010035673628835,-0.01812344340728795,0.001643997321026928,0.0
0.0,0.0,1.973290094184226,-0.00228945734098333,0.0,0.0
0.0,0.0,2.0045849554651167,-0.000748763235462351,0.0,0.0
0.0,0.0,2.068191007867618,0.0,0.0,0.0
0.0,0.0,2.0120774451345294,-0.002096865006114807,0.0,0.0
0.0,0.0,2.1207546068485907,-0.006275621097173586,0.0007174733494900852,0.0
0.0,0.0,2.0140094848103174,-0.01303092605866639,0.0051788972616617504,0.0
0.0,0.0,2.0222433803448707,-0.017620592783349348,0.0034796232973874587,0.0
0.0,0.0,1.971826716563088,-0.025074030794115337,0.00393387068185779,0.0
0.0,0.0,2.056948623392943,-0.018034145832900552,0.0010678858054849506,0.0
0.0,0.0,2.1294768343250783,-0.0034140630053720875,0.0,0.0
0.0,0.0,1.9808370910493327,-0.00018001845938069033,0.0,0.0
0.0,0.0,1.8513278963503617,0.0,0.0,0.0
0.0,0.0,1.6460541992570168,0.0,0.0,0.0
0.0,0.0,1.5755957275330117,0.0,0.0,0.0
0.0,0.0,1.5182042131433386,-7.574739601692092e-05,0.0,0.0
0.0,0.0,1.5616592207589655,0.0,0.0,0.0
0.0,0.0,1.4524508638859919,0.0,0.0,0.0
0.0,0.0,1.6299210096198327,0.0,0.0,0.0
0.0,0.0,1.7066165145474894,0.0,0.0,0.0
0.0,0.0,1.6458283989959113,0.0,0.0,0.0
0.0,0.0,1.5043032794352371,-0.006107888761961862,0.0,0.0
0.0,0.0,1.6809284560622877,-0.011640540097068917,0.0018557072089790741,0.0
0.0,0.0,2.021850360241288,-0.016437211620903027,0.0,0.0
0.0,0.0,2.021850360241288,-0.016437211620903027,0.0,0.0
0.0,0.0,1.9109052170105632,-0.00763286839793356,0.0,0.0
0.0,0.0,1.915520612074771,-0.0028447457005838293,0.0,0.0
0.0,0.0,1.9627360432478056,-0.004339495552683406,0.0,0.0
0.0,0.0,1.7638146332356741,-0.011256658691515289,0.0,0.0
0.0,0.0,1.6110559403343836,-0.009967623263945475,0.0015080475156517123,0.0
0.0,0.0,1.4725555438184048,-0.011670291366430588,0.000925235545466244,0.0
0.0,0.0,1.49158451835439,-0.0037570309251209314,0.0,0.0
0.0,0.0,1.349450583485884,0.0,0.0,0.0
0.0,0.0,1.2465800114876333,0.0,0.0,0.0
0.0,0.0,1.2994327178743679,0.0,0.0,0.0
0.0,0.0,1.2127183511941766,0.0,0.0,0.0
0.0,0.0,1.2885583137918435,-0.0006294321149640711,0.0,0.0
0.0,0.0,1.2640401502324436,-0.007171061882985346,0.00289960837095312,0.0
0.0,0.0,1.2167784664658472,-0.008591180341215001,0.0003181117394012175,0.0
0.0,0.0,1.4453560530720355,-0.004510728319013914,0.0,0.0
0.0,0.0,1.566592631750993,0.0,0.0,0.0
0.0,0.0,1.4101190657471325,0.0,0.0,0.0
0.0,0.0,1.47103623965595,-0.0008521184503559023,0.0,0.0
0.0,0.0,1.7011871272612737,-0.004841692171283352,0.0,0.0
0.0,0.0,1.6699818182284876,-0.018948139760988855,0.0033510998678636,0.0
0.0,0.0,1.503071535537505,-0.028272388423210476,0.011002354265863077,0.0
0.0,0.0,1.378749352686369,-0.03458624660248592,0.006823450519131582,0.0
0.0,0.0,1.3647698784971487,-0.017673070949862688,0.0,0.0
0.0,0.0,1.2403921316842095,-0.0045493162744737106,0.0,0.0
0.0,0.0,1.1856171879137896,0.0,0.0,0.0
0.0,0.0,0.9197658243700225,0.0,0.0,0.0
0.0,0.0,1.1405369256946436,0.0,0.0,0.0
0.0,0.0,1.1069783183119917,0.0,0.0,0.0
0.0,0.0,0.9829460240169517,-0.007304026777980391,0.0,0.0
0.0,0.0,0.9940986845624279,-0.00792018602696345,0.0,0.0
0.0,0.0,0.9639409497699274,-0.0023791455665285602,0.0,0.0
0.0,0.0,1.115736630314728,0.0,0.0,0.0
0.0,0.0,1.0846223613169237,0.0,0.0,0.0
0.0,0.0,1.0682094563489468,0.0,0.0,0.0
0.0,0.0,1.1038359005194758,0.0,0.0,0.0
0.0,0.0,1.2448519028823208,-0.003306265850419306,0.0,0.0
0.0,0.0,1.2792559289982066,-0.015211105642110553,0.0,0.0
0.0,0.0,1.2176500819415048,-0.020486802528741917,0.0,0.0
0.0,0.0,1.3211262051414816,-0.015301419661772361,0.0,0.0
0.0,0.0,1.4761538525379145,-0.013277841463838588,0.0,0.0
0.0,0.0,1.4342183380840379,-0.009969510392033795,0.0,0.0
0.0,0.0,1.4354263732907901,-0.0021690390034402296,0.0,0.0
0.0,0.0,1.433647897005779,-0.0008493429991147068,0.0,0.0
0.0,0.0,1.1989289150595062,-6.867124851776804e-05,0.0,0.0
0.0,0.0,1.2814322252278278,0.0,0.0,0.0
0.0,0.0,1.071938791322699,-0.007992255225723409,0.0,0.0
0.0,0.0,1.1031719334165249,-0.005445939253549338,0.0,0.0
0.0,0.0,1.2416960195458833,-0.002429805693208377,0.0,0.0
0.0,0.0,1.256401595785753,-0.0012962574926180799,0.0,0.0
0.0,0.0,1.198531158434332,0.0,0.0,0.0
0.0,0.0,1.3042319970902425,-0.001186923875742347,0.0,0.0
0.0,0.0,1.1690218606463638,0.0,0.0,0.0
0.0,0.0,1.1865449406682957,-0.003365207441618762,0.0,0.0
0.0,0.0,1.0956917245131244,-0.012835629689275799,0.0,0.0
0.0,0.0,1.2212541511358292,-0.013887408628891726,0.0,0.0
0.0,0.0,1.1423449737888087,-0.006798116589444817,0.0,0.0
0.0,0.0,1.2266963008280436,-0.008118227362905132,0.0,0.0
0.0,0.0,1.2420575293522802,-0.0015880595592310484,0.0,0.0
0.0,0.0,1.227507785676123,-0.0012389793420318283,0.0,0.0
0.0,0.0,1.184958802018538,0.0,0.0,0.0
0.0,0.0,1.2270711026389611,-0.0013944539793671199,0.0,0.0
0.0,0.0,1.1067938459220186,-0.0019303869901758871,0.0,0.0
0.0,0.0,1.0053401852234378,-0.007880399183685674,0.0,0.0
0.0,0.0,0.9869338692001248,-0.012869755208063108,0.0,0.0
0.0,0.0,0.7453632559983687,-0.008500902013190334,0.0,0.0
0.0,0.0,0.7811379347271276,-0.0032110354464397425,0.0,0.0
0.0,0.0,0.8458119009911783,0.0,0.0,0.0
0.0,0.0,0.5997711212955148,0.0,0.0,0.0
0.0,0.0,0.6777620913907122,0.0,0.0,0.0
0.0,0.0,0.7004104381050569,0.0,0.0,0.0
0.0,0.0,0.6223884291457935,0.0,0.0,0.0
0.0,0.0,0.6684318005772015,-0.006080733491315585,0.0,0.0
0.0,0.0,0.796244508337938,-0.02113152092591005,0.0,0.0
0.0,0.0,0.7607455166433394,-0.01364698914121228,0.0,0.0
0.0,0.0,0.8997841723201269,-0.0046418361594269975,0.0,0.0
0.0,0.0,0.8938701838308661,0.0,0.0,0.0
0.0,0.0,0.7681886257727089,0.0,0.0,0.0
0.0,0.0,0.8219195684838045,0.0,0.0,0.0
0.0,0.0,0.7742454944757944,-0.0006714512326959831,0.0,0.0
0.0,0.0,0.6386078191024713,-0.006229926159907445,0.0,0.0
0.0,0.0,0.7478367243808062,-0.014011145246645599,0.0,0.0
0.0,0.0,0.5386635317860302,-0.021058832841451817,0.0,0.0
0.0,0.0,0.6369393650788707,-0.014547886697088914,0.0,0.0
0.0,0.0,0.6646355537147636,0.0,0.0,0.0
0.0,0.0,0.6783001378982175,0.0,0.0,0.0
0.0,0.0,0.5864086088223259,0.0,0.0,0.0
0.0,0.0,0.5269557173583598,0.0,0.0,0.0
0.0,0.0,0.3959735553492415,0.0,0.0,0.0
0.0,0.0,0.4193117189871307,0.0,0.0,0.0
0.0,0.0,0.37926098652551066,-0.006497686419207026,0.0,0.0
0.0,0.0,0.46100503971128026,-0.011975527873528366,0.0,0.0
0.0,0.0,0.4664252130033814,-0.009275608090421352,0.0,0.0
0.0,0.0,0.5159702695495542,-0.0037769981320389264,0.0,0.0
0.0,0.0,0.5623097580779255,0.0,0.0,0.0
0.0,0.0,0.6083233424539071,0.0,0.0,0.0
0.0,0.0,0.492093200243742,0.0,0.0,0.0
0.0,0.0,0.5358809032674563,0.0,0.0,0.0
0.0,0.0,0.4666669931881649,-0.005522612630549246,0.0,0.0
0.0,0.0,0.41357501392700524,-0.015144419482473493,0.0,0.0
0.0,0.0,0.43870922092794584,-0.016602153438225166,0.0,0.0
0.0,0.0,0.5043195780533171,-0.010787988113291281,0.0,0.0
0.0,0.0,0.3954637742950846,-0.0027960748974459613,0.0,0.0
0.0,0.0,0.5104573546747199,0.0,0.0,0.0
0.0,0.0,0.462286404630598,0.0,0.0,0.0
0.0,0.0,0.49670011064908237,0.0,0.0,0.0
0.0,0.0,0.4105867652706731,0.0,0.0,0.0
0.0,0.0,0.271050620756888,0.0,0.0,0.0
0.0,0.0,0.24813791787168818,0.0,0.0,0.0
0.0,0.0,0.20092480681662628,-0.00162189779407648,0.0,0.0
0.0,0.0,0.19909742028591954,0.0,0.0,0.0
0.0,0.0,0.2615211808851765,0.0,0.0,0.0
0.0,0.0,0.3462327939553719,0.0,0.0,0.0
0.0,0.0,0.3864161532149214,0.0,0.0,0.0
0.0,0.0,0.3939216474015365,0.0,0.0,0.0
0.0,0.0,0.36975656800190426,-0.002989974312536717,0.0,0.0
0.0,0.0,0.5074649779277105,-0.0014156227632946554,0.0,0.0
0.0,0.0,0.4547209501239239,-7.883577672559671e-05,0.0,0.0
0.0,0.0,0.38712922383947485,-0.003877302907565412,0.0,0.0
0.0,0.0,0.34137625370597546,-0.002583487584259563,0.0,0.0
0.0,0.0,0.4979923063952742,0.0,0.0,0.0
0.0,0.0,0.497415176647414,-0.0011155589589196095,0.0,0.0
0.0,0.0,0.47056828207118484,0.0,0.0,0.0
0.0,0.0,0.46021639935503716,0.0,0.0,0.0
0.0,0.0,0.4730396077802892,0.0,0.0,0.0
0.0,0.0,0.5141800661143116,0.0,0.0,0.0
0.0,0.0,0.4356279098199406,0.0,0.0,0.0
0.0,0.0,0.47785391821606654,0.0,0.0,0.0
0.0,0.0,0.38979149642558447,0.0,0.0,0.0
0.0,0.0,0.2673911407128603,0.0,0.0,0.0
0.0,0.0,0.21092426533920777,0.0,0.0,0.0
0.0,0.0,0.2408033990599873,0.0,0.0,0.0
0.0,0.0,0.29061657998626417,0.0,0.0,0.0
0.0,0.0,0.46665989951159215,0.0,0.0,0.0
0.0,0.0,0.3547171603339209,-0.0076917916420068625,0.0019259707188218594,0.0
0.0,0.0,0.2539711887393526,-0.011707444185939105,0.002605001286760752,0.0
0.0,0.0,0.37177820135028633,-0.004433502821492037,0.0,0.0
0.0,0.0,0.3938465591280572,-0.0011278834614636263,0.0,0.0
0.0,0.0,0.32268878291186215,0.0,0.0,0.0
0.0,0.0,0.34253976159201854,0.0,0.0,0.0
0.0,0.0,0.26653460378431904,0.0,0.0,0.0
0.0,0.0,0.23787551934734283,0.0,0.0,0.0
0.0,0.0,0.1885894700371404,0.0,0.0,0.0
0.0,0.0,0.09466789304646192,-0.001959974602681506,0.0,0.0
0.0,0.0,0.13656408034588344,0.0,0.0,0.0
0.0,0.0,0.13143010242314762,0.0,0.0,0.0
0.0,0.0,0.0,0.0,8.139812058162975e-05,0.0
0.0,0.0,0.09816642584678077,0.0,0.0,0.0
0.0,0.0,0.12203132351192322,0.0,0.0,0.0
0.0,0.0,0.18761793784222666,0.0,0.0,0.0
0.0,0.0,0.16729115268946732,0.0,0.0,0.0
0.0,0.0,0.21408185805729282,0.0,0.0,0.0
0.0,0.0,0.14814441122643504,-0.00010992888115841644,0.0,0.0
0.0,0.0,0.15725217989282797,-0.00027821131571191456,0.0,0.0
0.0,0.0,0.11364190220358869,-0.002393327309534882,0.0,0.0
0.0,0.0,0.07624385275294897,-0.004082861936589161,0.0,0.0
0.0,0.0,0.0786538961315768,-0.004593941551832774,0.0,0.0
0.0,0.0,0.05122712572915307,-0.0021105688534957213,0.0,0.0
0.0,0.0,0.08844859893959608,-0.0009701335657767683,0.0,0.0
0.0,0.0,0.0785521267060879,0.0,0.0,0.0
0.0,0.0,0.07091486874687093,0.0,0.0,0.0
0.0,0.0,0.07579604996174677,0.0,0.0,0.0
0.0,0.0,0.06348866183016465,0.0,0.0,0.0
0,0,0,0,0,0
0,0,0,0,0,0
0,0,0,0,0,0
0,0,0,0,0,0
0,0,0,0,0,0
0,0,0,0,0,0
0,0,0,0,0,0
0.0,0.0,0.0,-0.0023018017805581047,0.0,0.0
0.0,0.0,0.0,-0.0017845307647284935,0.00018620590524401324,0.0
0.0,0.0,0.0,-0.0014555806464544097,0.0,0.0
0.0,0.0,0.0,-7.054113738603816e-06,0.0,0.0
0,0,0,0,0,0
0,0,0,0,0,0
0,0,0,0,0,0
0,0,0,0,0,0
0,0,0,0,0,0
0,0,0,0,0,0
0.0,0.0,0.0,-0.0015834832865425045,0.0,0.0
0,0,0,0,0,0
0,0,0,0,0,0
0,0,0,0,0,0
0,0,0,0,0,0
0,0,0,0,0,0
0,0,0,0,0,0
0,0,0,0,0,0
0,0,0,0,0,0
0.0,0.0,0.0,-0.001905509117803465,0.0,0.0
0,0,0,0,0,0
0,0,0,0,0,0
0,0,0,0,0,0
0,0,0,0,0,0
0,0,0,0,0,0
0,0,0,0,0,0
0,0,0,0,0,0
0,0,0,0,0,0
0,0,0,0,0,0
0,0,0,0,0,0
0,0,0,0,0,0
0,0,0,0,0,0
0,0,0,0,0,0
0.0,0.0,0.0,-0.0008889783383073998,0.0003437011752396391,0.0
0.0,0.0,0.0,-0.0002562411110317471,0.0005178089469306875,0.0
0.0,0.0,0.0,-0.0009442275474677358,0.0021076926801713567,0.0
0.0,0.0,0.0,-0.002663136639526196,0.0,0.0
0.0,0.0,0.0,-0.003222875858268485,0.0,0.0
0.0,0.0,0.0,-0.0005558235175882546,0.0,0.0
0,0,0,0,0,0
0,0,0,0,0,0
0,0,0,0,0,0
0,0,0,0,0,0
0,0,0,0,0,0
0,0,0,0,0,0
0.0,0.0,0.0,0.0,3.227982966333948e-05,0.0
0.0,0.0,0.0,-0.005587388991548557,0.00517946333854887,0.0
0.0,0.0,0.0,-0.0025486474499770784,0.003316786588543525,0.0
0.0,0.0,0.0,-0.00042177951002773305,0.001329870136794319,0.0
0,0,0,0,0,0
0,0,0,0,0,0
0,0,0,0,0,0
0,0,0,0,0,0
0,0,0,0,0,0
0,0,0,0,0,0
0,0,0,0,0,0
0,0,0,0,0,0
0,0,0,0,0,0
0,0,0,0,0,0
0,0,0,0,0,0
0,0,0,0,0,0
0,0,0,0,0,0
0,0,0,0,0,0
0,0,0,0,0,0
0,0,0,0,0,0
0,0,0,0,0,0
0.0,0.0,0.0,-0.00036099166290706915,0.0,0.0
0.0,0.0,0.0,-0.00234290983048093,0.0,0.0
0.0,0.0,0.0,-0.0028884076978596585,0.0,0.0
0.0,0.0,0.0,-0.0028386803512220715,0.0,0.0
0,0,0,0,0,0
0.0,0.0,0.0,-8.430055009095296e-05,0.0,0.0
0.0,0.0,0.0,-0.0014925149111009266,0.0,0.0
0,0,0,0,0,0
0,0,0,0,0,0
0,0,0,0,0,0
0,0,0,0,0,0
0,0,0,0,0,0
0,0,0,0,0,0
0,0,0,0,0,0
0,0,0,0,0,0
0,0,0,0,0,0
0,0,0,0,0,0
0,0,0,0,0,0
0.0,0.0,0.0,-0.00037292815447072535,0.001394039875379918,0.0
0,0,0,0,0,0
0,0,0,0,0,0
0,0,0,0,0,0
0,0,0,0,0,0
0,0,0,0,0,0
0,0,0,0,0,0
0,0,0,0,0,0
0,0,0,0,0,0
0,0,0,0,0,0
0,0,0,0,0,0
0,0,0,0,0,0
0,0,0,0,0,0
0,0,0,0,0,0
0,0,0,0,0,0
0,0,0,0,0,0
0,0,0,0,0,0
0,0,0,0,0,0
0,0,0,0,0,0
0,0,0,0,0,0
0,0,0,0,0,0
0.0,0.0,0.0,0.0,0.0007811480876945764,0.0
0.0,0.0,0.0,-0.0010424144781408053,0.0030236164543021742,0.0
0.0,0.0,0.0,0.0,0.004781033739596657,0.0
0.0,0.0,0.0,-0.002457415210856363,0.0016145684450287936,0.0
0,0,0,0,0,0
0,0,0,0,0,0
0,0,0,0,0,0
0,0,0,0,0,0
0,0,0,0,0,0
0,0,0,0,0,0
0,0,0,0,0,0
0,0,0,0,0,0
0,0,0,0,0,0
0,0,0,0,0,0
0,0,0,0,0,0
0,0,0,0,0,0
0,0,0,0,0,0
0,0,0,0,0,0
0,0,0,0,0,0
0,0,0,0,0,0
0,0,0,0,0,0
0,0,0,0,0,0
0,0,0,0,0,0
0,0,0,0,0,0
0,0,0,0,0,0
0,0,0,0,0,0
0,0,0,0,0,0
0,0,0,0,0,0
0,0,0,0,0,0
0,0,0,0,0,0
0,0,0,0,0,0
0,0,0,0,0,0
0,0,0,0,0,0
0,0,0,0,0,0
0,0,0,0,0,0
0,0,0,0,0,0
0,0,0,0,0,0
0,0,0,0,0,0
0,0,0,0,0,0
0,0,0,0,0,0
0,0,0,0,0,0
0,0,0,0,0,0
0,0,0,0,0,0
0,0,0,0,0,0
0,0,0,0,0,0
0,0,0,0,0,0
0,0,0,0,0,0
0,0,0,0,0,0
0,0,0,0,0,0
0,0,0,0,0,0
0,0,0,0,0,0
0,0,0,0,0,0
0,0,0,0,0,0
0,0,0,0,0,0
0,0,0,0,0,0
0,0,0,0,0,0
0,0,0,0,0,0
0,0,0,0,0,0
0,0,0,0,0,0
0,0,0,0,0,0
0,0,0,0,0,0
0,0,0,0,0,0
0,0,0,0,0,0
0,0,0,0,0,0
0,0,0,0,0,0
0,0,0,0,0,0
0,0,0,0,0,0
0,0,0,0,0,0
0,0,0,0,0,0
0,0,0,0,0,0
0,0,0,0,0,0
0,0,0,0,0,0
0,0,0,0,0,0
0,0,0,0,0,0
0,0,0,0,0,0
0,0,0,0,0,0
0,0,0,0,0,0
0,0,0,0,0,0
0,0,0,0,0,0
0,0,0,0,0,0
0,0,0,0,0,0
0,0,0,0,0,0
0,0,0,0,0,0
0,0,0,0,0,0
0,0,0,0,0,0
0,0,0,0,0,0
0,0,0,0,0,0
0,0,0,0,0,0
0,0,0,0,0,0
0,0,0,0,0,0
0,0,0,0,0,0
0,0,0,0,0,0
0,0,0,0,0,0
0,0,0,0,0,0
0,0,0,0,0,0
0,0,0,0,0,0
0,0,0,0,0,0
0,0,0,0,0,0
0,0,0,0,0,0
0,0,0,0,0,0
0,0,0,0,0,0
0,0,0,0,0,0
0,0,0,0,0,0
0,0,0,0,0,0
0,0,0,0,0,0
0,0,0,0,0,0
0,0,0,0,0,0
0,0,0,0,0,0
0,0,0,0,0,0
0,0,0,0,0,0
0,0,0,0,0,0
0,0,0,0,0,0
0,0,0,0,0,0
0,0,0,0,0,0
0,0,0,0,0,0
0,0,0,0,0,0
0,0,0,0,0,0
0,0,0,0,0,0
0,0,0,0,0,0
0,0,0,0,0,0
0,0,0,0,0,0
0,0,0,0,0,0
0,0,0,0,0,0
0,0,0,0,0,0
0,0,0,0,0,0
0,0,0,0,0,0
0,0,0,0,0,0
0,0,0,0,0,0
0,0,0,0,0,0
0,0,0,0,0,0
0,0,0,0,0,0
0,0,0,0,0,0
0,0,0,0,0,0
0,0,0,0,0,0
0,0,0,0,0,0
0,0,0,0,0,0
0,0,0,0,0,0
0,0,0,0,0,0
0,0,0,0,0,0
0,0,0,0,0,0
0,0,0,0,0,0
0,0,0,0,0,0
0,0,0,0,0,0
0,0,0,0,0,0
0,0,0,0,0,0
0,0,0,0,0,0
0,0,0,0,0,0
0,0,0,0,0,0
0,0,0,0,0,0
0,0,0,0,0,0
0,0,0,0,0,0
0,0,0,0,0,0
0,0,0,0,0,0
0,0,0,0,0,0
0,0,0,0,0,0
0,0,0,0,0,0
0,0,0,0,0,0
0,0,0,0,0,0
0,0,0,0,0,0
0,0,0,0,0,0
0,0,0,0,0,0
0,0,0,0,0,0
0,0,0,0,0,0
0,0,0,0,0,0
0,0,0,0,0,0
0,0,0,0,0,0
0,0,0,0,0,0
0,0,0,0,0,0
0,0,0,0,0,0
0,0,0,0,0,0
0,0,0,0,0,0
0,0,0,0,0,0
0,0,0,0,0,0
0,0,0,0,0,0
0,0,0,0,0,0
0,0,0,0,0,0
0,0,0,0,0,0
0,0,0,0,0,0
0,0,0,0,0,0
0,0,0,0,0,0
0,0,0,0,0,0
0,0,0,0,0,0
0,0,0,0,0,0
0,0,0,0,0,0
0,0,0,0,0,0
0,0,0,0,0,0
0,0,0,0,0,0
0,0,0,0,0,0
0,0,0,0,0,0
0,0,0,0,0,0
0,0,0,0,0,0
0,0,0,0,0,0
0,0,0,0,0,0
0,0,0,0,0,0
0,0,0,0,0,0
0,0,0,0,0,0
0,0,0,0,0,0
0,0,0,0,0,0
0,0,0,0,0,0
0,0,0,0,0,0
0,0,0,0,0,0
0,0,0,0,0,0
0,0,0,0,0,0
0,0,0,0,0,0
0,0,0,0,0,0
0,0,0,0,0,0
0,0,0,0,0,0
0,0,0,0,0,0
0,0,0,0,0,0
0,0,0,0,0,0
0,0,0,0,0,0
0,0,0,0,0,0
0,0,0,0,0,0
0,0,0,0,0,0
0,0,0,0,0,0
0,0,0,0,0,0
0,0,0,0,0,0
0,0,0,0,0,0
0,0,0,0,0,0
0,0,0,0,0,0
0,0,0,0,0,0
0,0,0,0,0,0
0,0,0,0,0,0
0,0,0,0,0,0
0,0,0,0,0,0
0,0,0,0,0,0
0,0,0,0,0,0
0,0,0,0,0,0
0,0,0,0,0,0
0,0,0,0,0,0
0,0,0,0,0,0
0,0,0,0,0,0
0,0,0,0,0,0
0,0,0,0,0,0
0,0,0,0,0,0
0,0,0,0,0,0
0,0,0,0,0,0
0,0,0,0,0,0
0,0,0,0,0,0
0,0,0,0,0,0
0,0,0,0,0,0
0,0,0,0,0,0
0,0,0,0,0,0
0,0,0,0,0,0
0,0,0,0,0,0
0,0,0,0,0,0
0,0,0,0,0,0
0,0,0,0,0,0
0,0,0,0,0,0
0,0,0,0,0,0
0,0,0,0,0,0
0,0,0,0,0,0
0,0,0,0,0,0
0,0,0,0,0,0
0,0,0,0,0,0
0,0,0,0,0,0
0,0,0,0,0,0
0,0,0,0,0,0
0,0,0,0,0,0
0,0,0,0,0,0
0,0,0,0,0,0
0,0,0,0,0,0
0,0,0,0,0,0
0,0,0,0,0,0
0,0,0,0,0,0
0,0,0,0,0,0
0,0,0,0,0,0
0,0,0,0,0,0
0,0,0,0,0,0
0,0,0,0,0,0
0,0,0,0,0,0
0,0,0,0,0,0
0,0,0,0,0,0
0,0,0,0,0,0
0,0,0,0,0,0
0,0,0,0,0,0
0,0,0,0,0,0
0,0,0,0,0,0
0,0,0,0,0,0
0,0,0,0,0,0
0,0,0,0,0,0
0,0,0,0,0,0
0,0,0,0,0,0
0,0,0,0,0,0
0,0,0,0,0,0
0,0,0,0,0,0
0,0,0,0,0,0
0,0,0,0,0,0
0,0,0,0,0,0
0,0,0,0,0,0
0,0,0,0,0,0
0,0,0,0,0,0
0,0,0,0,0,0
0,0,0,0,0,0
0,0,0,0,0,0
0,0,0,0,0,0
0,0,0,0,0,0
0,0,0,0,0,0
0,0,0,0,0,0
0,0,0,0,0,0
0,0,0,0,0,0
0,0,0,0,0,0
0,0,0,0,0,0
0,0,0,0,0,0
0,0,0,0,0,0
0,0,0,0,0,0
0,0,0,0,0,0
0,0,0,0,0,0
0,0,0,0,0,0
0,0,0,0,0,0
0,0,0,0,0,0
0,0,0,0,0,0
0,0,0,0,0,0
0,0,0,0,0,0
0,0,0,0,0,0
0,0,0,0,0,0
0,0,0,0,0,0
0,0,0,0,0,0
0,0,0,0,0,0
0,0,0,0,0,0
0,0,0,0,0,0
0,0,0,0,0,0
0,0,0,0,0,0
0,0,0,0,0,0
0,0,0,0,0,0
0,0,0,0,0,0
0,0,0,0,0,0
0,0,0,0,0,0
0,0,0,0,0,0
0,0,0,0,0,0
0,0,0,0,0,0
0,0,0,0,0,0
0,0,0,0,0,0
0,0,0,0,0,0
0,0,0,0,0,0
0,0,0,0,0,0
0,0,0,0,0,0
0,0,0,0,0,0
0,0,0,0,0,0
0,0,0,0,0,0
0,0,0,0,0,0
0,0,0,0,0,0
0,0,0,0,0,0
0,0,0,0,0,0
0,0,0,0,0,0
0,0,0,0,0,0
0,0,0,0,0,0
0,0,0,0,0,0
0,0,0,0,0,0
0,0,0,0,0,0
0,0,0,0,0,0
0,0,0,0,0,0
0,0,0,0,0,0
0,0,0,0,0,0
0,0,0,0,0,0
0,0,0,0,0,0
0,0,0,0,0,0
0,0,0,0,0,0
0,0,0,0,0,0
0,0,0,0,0,0
0,0,0,0,0,0
0,0,0,0,0,0
0,0,0,0,0,0
0,0,0,0,0,0
0,0,0,0,0,0
0,0,0,0,0,0
0,0,0,0,0,0
0,0,0,0,0,0
0,0,0,0,0,0
0,0,0,0,0,0
0,0,0,0,0,0
0,0,0,0,0,0
0,0,0,0,0,0
0,0,0,0,0,0
0,0,0,0,0,0
0,0,0,0,0,0
0,0,0,0,0,0
0,0,0,0,0,0
0,0,0,0,0,0
0,0,0,0,0,0
0,0,0,0,0,0
0,0,0,0,0,0
0,0,0,0,0,0
0,0,0,0,0,0
0,0,0,0,0,0
0,0,0,0,0,0
0,0,0,0,0,0
0,0,0,0,0,0
0,0,0,0,0,0
0,0,0,0,0,0
0,0,0,0,0,0
0,0,0,0,0,0
0,0,0,0,0,0
0,0,0,0,0,0
0,0,0,0,0,0
0,0,0,0,0,0
0,0,0,0,0,0
0,0,0,0,0,0
0,0,0,0,0,0
0,0,0,0,0,0
0,0,0,0,0,0
