0,0,0,0,0,0
0.0,0.0,0.8669745389432164,0.0,0.0,0.0
0.0,0.0,1.2220119179004676,0.0,0.0,0.0
0.0,0.0,1.3314602858028552,0.0,0.0,0.0
0.0,0.0,1.7909781707916494,0.0,0.0,0.0
0.0,0.0,2.03975456706682,0.0,0.0,0.0
0.0,0.0,2.2251246203426542,0.0,0.0,0.0
0.0,0.0,2.44846852593757,0.0,0.0,0.0
0.0,0.0,2.5904158964476514,0.0,0.0,0.0
0.0,0.0,2.5530677553419023,0.0,0.0,0.0
0.0,0.0,2.723946358728961,0.0,0.0,0.0
0.0,0.0,2.992588369687266,0.0,0.0,0.0
0.0,0.0,2.992200082705023,0.0,0.0,0.0
0.0,0.0,3.0110070640678446,0.0,0.0,0.0
0.0,0.0,3.316886649239111,0.0,0.0,0.0
0.0,0.0,3.3171378934731925,0.0,0.0,0.0
0.0,0.0,3.583660463231527,0.0,0.0,0.0
0.0,0.0,3.6496066229393995,0.0,0.0,0.0
0.0,0.0,3.5049040352228977,0.0,0.0,0.0
0.0,0.0,3.883581441758652,0.0,0.0,0.0
0.0,0.0,3.9450492617006945,0.0,0.0,0.0
0.0,0.0,3.9068414282205817,0.0,0.0,0.0
0.0,0.0,4.048792056629143,0.0,0.0,0.0
0.0,0.0,4.318043553585997,0.0,0.0,0.0
0.0,0.0,4.3433201909498615,0.0,0.0,0.0
0.0,0.0,4.692672352838707,0.0,0.0,0.0
0.0,0.0,5.030352180257103,0.0,0.0,0.0
0.0,0.0,5.324785414004653,0.0,0.0,0.0
0.0,0.0,5.4641241308355335,0.0,0.0,0.0
0.0,0.0,5.43364086503993,0.0,0.0,0.0
0.0,0.0,5.714609424537597,0.0,0.0,0.0
0.0,0.0,5.989912859497887,0.0,0.0,0.0
0.0,0.0,6.0958299552122615,0.0,0.0,0.0
0.0,0.0,6.0958299552122615,0.0,0.0,0.0
0.0,0.0,6.143705197707119,0.0,0.0,0.0
0.0,0.0,6.162848610882341,0.0,0.0,0.0
0.0,0.0,6.196710829132128,0.0,0.0,0.0
0.0,0.0,6.2239969628398395,0.0,0.0,0.0
0.0,0.0,6.324787022235961,0.0,0.0,0.0
0.0,0.0,6.293844215635872,0.0,0.0,0.0
0.0,0.0,6.209195240510558,0.0,0.0,0.0
0.0,0.0,6.086681304173982,0.0,0.0,0.0
0.0,0.0,6.077087163950855,0.0,0.0,0.0
0.0,0.0,6.083947944062546,0.0,0.0,0.0
0.0,0.0,6.198284454472877,0.0,0.0,0.0
0.0,0.0,6.273890607648651,0.0,0.0,0.0
0.0,0.0,6.221875068150326,0.0,0.0,0.0
0.0,0.0,6.289811275932833,0.0,0.0,0.0
0.0,0.0,6.221989274016118,0.0,0.0,0.0
0.0,0.0,6.5180276652312035,0.0,0.0,0.0
0.0,0.0,6.557538958613444,0.0,0.0,0.0
0.0,0.0,6.405086089342136,-0.0009642851100810753,0.0,0.0
0.0,-0.02480162430987897,6.374914627268398,-0.002719635723130647,0.0,0.0
0.0,-0.13159616444153527,6.689250127241853,-0.0023626820921945095,0.0,0.0
0.0,-0.07831318941014238,6.663674193893291,-0.0029528380864878006,0.0,0.0
0.0,-0.05088392896724375,6.488929700386808,-0.0008143679598326469,0.0,0.0
0.0,0.0,6.421170707341533,0.0,0.0,0.0
0.0,0.0,6.493413361463648,0.0,0.0,0.0
0.0,0.0,6.556865778994438,0.0,0.0,0.0
0.0,0.0,6.235151465206119,0.0,0.0,0.0
0.0,0.0,6.202220727624832,0.0,0.0,0.0
0.0,0.0,6.40720950528145,0.0,0.0,0.0
0.0,0.0,6.482116045390489,0.0,0.0,0.0
0.0,-0.003331349653611513,6.433786030751564,0.0,0.0,0.0
0.0,0.0,6.575313664287468,-0.002301840396504067,0.0,0.0
0.0,0.0,6.784915112822946,-0.0062949006602721945,0.0,0.0
0.0,-0.24788602682600747,6.673651602172832,-0.005731683695904992,0.0,0.0
0.0,-0.17217144673190538,6.633986247313582,-0.007240128219638789,0.0,0.0
0.0,-0.18227881471505558,6.670411595778366,-0.0026104847506365097,0.0,0.0
0.0,-0.14881508837724974,6.794618042305089,0.0,0.0,0.0
0.0,-0.048960024396968393,6.684505555670297,0.0,0.0,0.0
0.0,-0.2444124904253655,6.3710525359930035,-0.0015456930974003197,0.0,0.0
0.0,-0.21567979008094423,6.306046130302443,0.0,0.0,0.0
0.0,0.0,6.5858899543420035,0.0,0.0,0.0
0.0,-0.21259729168969116,6.667477348117868,0.0,0.0,0.0
0.0,-0.21365220674889626,6.3329216618414375,-0.0011460825868167975,0.0,0.0
0.0,-0.4959463667816134,6.4222746254461,-0.0012663347518970414,0.0,0.0
0.0,-0.31301095559034614,6.558370418318307,-0.003814798307706519,0.0,0.0
0.0,-0.21721734976239832,6.5092363814213146,0.0,0.0,0.0
0.0,-0.045645946879997304,6.741616960015998,0.0,0.0,0.0
0.0,-0.10195220237427838,6.515889761517501,0.0,0.0,0.0
0.0,-0.008702707564361097,6.2945037127850245,0.0,0.0,0.0
0.0,-0.11089676237139756,6.5697863129752365,-0.00016159748174827376,0.0,0.0
0.0,-0.4393962273942223,6.586888250732132,-0.003197257867711209,0.0,0.0
0.0,-0.4989588268054357,6.3260303702292315,-0.011680527430011137,0.0,0.0
0.0,-0.5051094666180573,6.262406777105798,-0.011611469566416635,0.0,0.0
0.0,-0.5316724403056352,6.303118391164938,-0.0071239637342760485,0.0,0.0
0.0,-0.47410315437691625,6.161187192823999,-0.004888380174594729,0.0,0.0
0.0,-0.15101810951124478,5.8785250605335735,0.0,0.0,0.0
0.0,0.0,5.873464729595992,0.0,0.0,0.0
0.0,0.0,5.963546884115926,0.0,0.0,0.0
0.0,0.0,5.783133462510343,0.0,0.0,0.0
0.0,-0.17691264575035806,5.429231338891347,0.0,0.0,0.0
0.0,-0.24623412824776855,5.554600945124923,-0.001331351956423785,0.0,0.0
0.0,-0.36508439730651,5.640715635145144,-0.003677349824316956,0.0,0.0
0.0,-0.3173205491929239,5.570680773716134,-0.004312756933454098,0.0,0.0
0.0,-0.14917825949277763,5.367913024508767,-0.0029690727215197993,0.0,0.0
0.0,-0.020724959368816943,5.155933327296132,0.0,0.0,0.0
0.0,0.0,5.3486553910838435,0.0,0.0,0.0
0.0,0.0,5.502307045207664,0.0,0.0,0.0
0.0,0.0,5.4278323552207,0.0,0.0,0.0
0.0,-0.13674488982881614,5.280573109642867,0.0,0.0,0.0
0.0,-0.2458912363262212,5.403276381852625,-0.008063359461247466,0.0,0.0
0.0,-0.437308928534539,5.434717288626155,-0.008448525613368535,0.0,0.0
0.0,-0.5951644951105848,5.305586260182579,-0.0028773937922287685,0.0,0.0
0.0,-0.3174782950227612,5.2945070674487695,0.0,0.0,0.0
0.0,0.0,5.446746585055244,0.0,0.0,0.0
0.0,0.0,5.407178150448578,0.0,0.0,0.0
0.0,0.0,5.088801528454787,0.0,0.0,0.0
0.0,-0.12088000234600478,5.26701716567123,-0.0046569441881456645,0.0,0.0
0.0,-0.3623971665593228,5.01577656920767,-0.01580869544185001,0.0017479634135686435,0.0
0.0,-0.6492335771721403,5.04214608832106,-0.014415668852421796,0.0010946920414541925,0.0
0.0,-0.6201539328798946,5.1988699443206725,-0.007702292925987836,0.0010515437920710453,0.0
0.0,-0.12177899598167385,5.085103825976488,-0.00023327756667641792,0.0,0.0
0.0,0.0,5.153286368913555,0.0,0.0,0.0
0.0,0.0,5.038816223472406,0.0,0.0,0.0
0.0,0.0,5.15007836918021,0.0,0.0,0.0
0.0,0.0,5.309229292297848,0.0,0.0,0.0
0.0,-0.2872122762279784,5.132518444986139,-0.006673208629830859,0.0,0.0
0.0,-0.5740262399454238,4.947377536233901,-0.009733701690032395,0.0,0.0
0.0,-0.20864753263356417,5.056316166595723,-0.0015155686594121064,0.0,0.0
0.0,0.0,5.382041900381699,0.0,0.0,0.0
0.0,0.0,5.256189914241157,0.0,0.0,0.0
0.0,0.0,5.202537262046432,0.0,0.0,0.0
0.0,0.0,5.412064887041757,0.0,0.0,0.0
0.0,-0.10788784809783811,5.3121470478309245,0.0,0.0,0.0
0.0,-0.16604322802571939,5.430119780442093,-0.0028320227022920015,0.0,0.0
0.0,-0.08198250511122336,5.310797721541359,-0.002453811055943447,0.0,0.0
0.0,-0.04614969510084079,5.602319748432164,0.0,0.0,0.0
0.0,-0.170376024373098,5.619877708123096,0.0,0.0,0.0
0.0,-0.2966362544229787,5.27573579773519,-0.0004644688027450711,0.0006031896083321662,0.0
0.0,-0.1953243851718161,5.150929469103433,-0.0003470956698231046,0.0,0.0
0.0,0.0,5.3393593379739155,-0.0018845637720022693,0.0,0.0
0.0,0.0,5.2056610513717505,0.0,0.0,0.0
0.0,0.0,4.766541392665664,0.0,0.0,0.0
0.0,0.0,4.886087905647109,0.0,0.0,0.0
0.0,0.0,4.964219753290076,0.0,0.0,0.0
0.0,0.0,4.722019820176277,0.0,0.0,0.0
0.0,-0.009843670093313408,4.494076928581703,0.0,0.0,0.0
0.0,0.0,4.776902663220566,0.0,0.0,0.0
0.0,0.0,5.101242137201979,0.0,0.0,0.0
0.0,0.0,5.084970698786743,0.0,0.0,0.0
0.0,0.0,5.1403355726034174,0.0,0.0,0.0
0.0,0.0,5.39538001840746,0.0,0.0,0.0
0.0,0.0,5.4877224336292185,0.0,0.004534114492540201,0.0
0.0,-0.029229292784420508,5.433818606989261,-0.004983788502016765,0.011426472373947198,0.0
0.0,0.0,5.433377721579199,0.0,0.0030124163013340866,0.0
0.0,0.0,5.824323692272994,0.0,0.0,0.0
0.0,0.0,6.02244824248303,0.0,0.0,0.0
0.0,0.0,5.920956972333469,0.0,0.0,0.0
0.0,-0.08465913968970554,5.537256446997803,-0.0029523035137563342,0.010856546424500565,0.0
0.0,0.0,5.465374970911421,-0.004341457781067377,0.010701808418654622,0.0
0.0,0.0,5.860809065690839,0.0,0.0029874520420957265,0.0
0.0,0.0,5.936374209904691,0.0,0.0019161229799262748,0.0
0.0,0.0,5.654794980350991,0.0,0.01262507051315517,0.0
0.0,0.0,5.439535976937776,-0.003854640570545704,0.019335602222767652,0.0
0.0,0.0,5.80972478532134,-0.002433253549791003,0.012882874923637138,0.0
0.0,0.0,5.6746602004496065,-0.0010443862072573172,0.009915558632029881,0.0
0.0,0.0,5.733494547043391,0.0,0.0,0.0
0.0,0.0,6.071005857918887,0.0,0.0,0.0
0.0,0.0,6.043953977407386,0.0,0.0,0.0
0.0,0.0,5.673214249480472,0.0,0.012602313355390735,0.0
0.0,0.0,5.570827786196613,-0.005968025186510445,0.0142700300836753,0.0
0.0,0.0,5.440284699166698,-0.0033168570069711514,0.014219074181484517,0.0
0.0,0.0,5.559792756125746,0.0,0.0035105932101851937,0.0
0.0,0.0,5.774710024164737,0.0,0.0006935573913729003,0.0
0.0,0.0,5.230613145648219,0.0,0.0038012474482898907,0.0
0.0,0.0,5.16940553870271,0.0,0.006267830962272026,0.0
0.0,0.0,5.399360883525248,0.0,0.005228677136450288,0.0
0.0,0.0,5.194493459533245,0.0,0.007648444851954285,0.0
0.0,0.0,5.153072314826896,0.0,0.00526165511471849,0.0
0.0,0.0,5.056579795957069,0.0,0.008517494374405812,0.0
0.0,0.0,5.416230116676492,0.0,0.007370427818779146,0.0
0.0,0.0,5.383118715873558,0.0,0.008342496118205391,0.0
0.0,0.0,4.965565380885404,0.0,0.003804003449583587,0.0
0.0,0.0,5.31103130548187,0.0,0.0,0.0
0.0,0.0,5.566782656331304,0.0,0.0,0.0
0.0,0.0,5.547748879588059,0.0,0.0,0.0
0.0,-0.11105203409031475,5.636366539151505,-0.0016752849780974372,0.011507549025798829,0.0
0.0,-0.20204421701976605,5.297869131399602,-0.0057303419092814166,0.022224003207245942,0.0
0.0,0.0,5.815365969643968,0.0,0.013039310098385343,0.0
0.0,0.0,6.0662936057812615,0.0,0.008917167579219672,0.0
0.0,0.0,5.692295892325569,0.0,0.003205009684365047,0.0
0.0,0.0,5.815444308860508,0.0,0.00043193435413967074,0.0
0.0,0.0,6.1478114549040725,0.0,0.005763582333330782,0.0
0.0,0.0,6.063390634183406,0.0,0.012256750246751078,0.0
0.0,0.0,6.302638405517501,0.0,0.004549295787382337,0.0
0.0,0.0,6.552689420401433,0.0,0.013436765737389084,0.0
0.0,0.0,6.6500556686177505,-0.00123807086625169,0.02410710177801097,0.0
0.0,-0.17484406688435755,6.462081232201132,-0.006202085129864913,0.015697163125273694,0.0
0.0,-0.1259984954449342,6.517015874790639,-0.008751926240515686,0.013461859835868933,0.0
0.0,-0.061171921369119565,6.3844969625206796,-0.002165551192709761,0.005328680805882755,0.0
0.0,0.0,6.948117681055031,0.0,0.0,0.0
0.0,0.0,6.835588868357742,0.0,0.00021110973534751326,0.0
0.0,-0.16784669951642966,6.210528387513377,-0.008032157004512756,0.014043579479101084,0.0
0.0,-0.09005328284111368,6.275537812354573,-0.0057271469781631406,0.010379924669398164,0.0
0.0,0.0,6.775909284255206,-0.002803862716684925,0.008049918648727294,0.0
0.0,-0.2583238291237675,6.500547641640923,-0.005954121440926168,0.011992221850648865,0.0
0.0,-0.6212322240766175,6.537019522534247,-0.01414456198873556,0.015045136580966362,0.0
0.0,-0.7424926116380839,6.037493002253842,-0.024795728449517364,0.018740428611774336,0.0
0.0,-0.3144635148572694,5.8816824799159715,-0.010393296195857596,0.010796257287054727,0.0
0.0,0.0,6.879295674603521,0.0,0.0,0.0
0.0,0.0,6.653228160170275,0.0,0.004976873084814317,0.0
0.0,-0.21659225332859858,6.10284852807481,-0.015756963824789954,0.013762598835087719,0.0
0.0,-0.061998404788811246,6.037501618254493,-0.00410269436462761,0.015054008190179508,0.0
0.0,0.0,6.358845977099928,0.0,0.014768620891948598,0.0
0.0,0.0,6.3693095193403915,0.0,0.017561039237385282,0.0
0.0,0.0,5.996770758194896,0.0,0.029732067464420153,0.0
0.0,0.0,5.838241083879439,-0.00039419613516714617,0.020269522396286863,0.0
0.0,0.0,6.078993727027937,0.0,0.002811194089985313,0.0
0.0,0.0,6.1807961538579885,0.0,0.003722060703759556,0.0
0.0,0.0,6.161553017828768,0.0,0.002751316189493552,0.0
0.0,0.0,5.78621396676395,0.0,0.011037933108167567,0.0
0.0,0.0,5.878804931326454,0.0,0.014102740378639917,0.0
0.0,0.0,5.797134586230781,-1.6597739019704496e-05,0.015276480822666912,0.0
0.0,-0.03201277331793937,5.895234056118147,-0.005428156843920074,0.02520382798878883,0.0
0.0,-0.0910330177118587,5.8459772699757835,-0.006439833625124453,0.014011784771953561,0.0
0.0,0.0,6.128243237598676,-0.004898564924831218,0.009982145370112225,0.0
0.0,0.0,6.0921609411060285,0.0,0.003933738191902016,0.0
0.0,0.0,6.472073353082733,0.0,0.0021321728393696145,0.0
0.0,0.0,6.377284878334576,0.0,0.0011316311872730464,0.0
0.0,-0.29999625113253703,6.811519249066852,0.0,0.008707819105183399,0.0
0.0,-0.8014475061638784,6.3581910983710355,-0.016007680633760693,0.025443974290044646,0.0
0.0,-0.7686096735804996,6.523166272308346,-0.021268454555738843,0.026794591557281405,0.0
0.0,-0.6407615200826428,6.69136009878954,-0.020089247213515883,0.03194102254763192,0.0
0.0,-0.545809977235609,6.283529958629759,-0.014664541339210812,0.02442432252874171,0.0
0.0,-0.02970368736750072,6.527430863189608,-0.0028003493520928893,0.009658747775087649,0.0
0.0,0.0,6.45831750133893,0.0,0.0006950173744079689,0.0
0.0,0.0,6.45831750133893,0.0,0.0006950173744079689,0.0
0.0,0.0,6.594288745289096,0.0,0.0,0.0
0.0,0.0,6.768766303557584,0.0,0.0021269432316027063,0.0
0.0,0.0,6.382774469024804,0.0,0.014941012035956552,0.0
0.0,-0.06787709246040377,6.55740711234043,-0.00555985444641488,0.025776324401150796,0.0
0.0,-0.027465948557692854,6.545860691498736,-0.007073808332640319,0.023749169342953614,0.0
0.0,-0.031763106086661816,7.025904276733906,-0.0016241998998432698,0.018362051945725568,0.0
0.0,-0.35022063687171573,6.923071464784927,-0.009425932902725722,0.01607961176522608,0.0
0.0,-0.5020767157386268,6.4777072215190215,-0.011438918961159547,0.012566881947602332,0.0
0.0,-0.26070821770043795,7.245947744272432,0.0,0.0015153495801503527,0.0
0.0,-0.5013124430299521,7.6623644135319555,-0.00879159990305449,0.010403164160563676,0.0
0.0,-1.1216150255852955,7.017497842254197,-0.03558295088586408,0.017933197360453106,0.0
0.0,-1.5950481376451136,6.793151888796153,-0.03133680317540407,0.021026016790488843,0.0
0.0,-0.67941016655829,7.189005716725778,-0.01986505602475894,0.01020768310712208,0.0
0.0,-0.4140574540344558,7.770752221192953,-0.018653893547326182,0.016285029986976545,0.0
0.0,-1.1222183101844867,6.9493395464123155,-0.02999932979242338,0.032162184947975674,0.0
0.0,-0.9287270371323435,6.0457490116779695,-0.03844497157544492,0.024021399416946372,0.0
0.0,-0.08126800938518529,6.465803040836208,-0.001448057708930379,0.004741905084308639,0.0
0.0,0.0,7.442210439779549,0.0,0.0,0.0
0.0,0.0,6.708894608246355,0.0,0.0009618052542779293,0.0
0.0,0.0,5.80306044108932,0.0,0.0023533184186961013,0.0
0.0,0.0,5.996022214096614,0.0,0.0,0.0
0.0,0.0,6.9880554349064665,0.0,0.003674766515695348,0.0
0.0,0.0,6.495072983032901,0.0,0.010044088862875689,0.0
0.0,-0.17563040955591047,5.689662533445512,-0.004288347753716904,0.016341713633621396,0.0
0.0,-0.004274543263680166,6.4299627351922055,0.0,0.01295668011608446,0.0
0.0,0.0,7.036612771562586,0.0,0.011763279470804695,0.0
0.0,-0.046961992763520095,6.955858543673069,0.0,0.0131783173199475,0.0
0.0,-0.33761169631028815,6.602261901893096,-0.0077426317238563054,0.009107623666029487,0.0
0.0,-0.17048893278249902,6.729797659430588,-0.006224269779873358,0.007408548359655864,0.0
0.0,-0.04088571472387585,7.417832130865348,-0.000699569904397661,0.00722091622078348,0.0
0.0,-0.2784637468240284,7.353319353730375,0.0,0.01194925326003835,0.0
0.0,-0.45322373550143036,7.1847013070638965,-0.02086474587904983,0.02735733514040839,0.0
0.0,-0.8832585211548807,6.750415232703332,-0.026848950932561823,0.03259882641416607,0.0
0.0,-0.4390563231045281,7.25879609207459,-0.01654957993726734,0.026381015458397782,0.0
0.0,-0.49191989312601575,7.406280173503656,-0.0033211445193473215,0.016047736165854847,0.0
0.0,-0.18370021096102856,6.83593497150917,-0.003633416516752061,0.0027276675977049728,0.0
0.0,0.0,6.754454204633521,0.0,0.0,0.0
0.0,0.0,6.567414761193366,0.0,0.0,0.0
0.0,0.0,7.133262250234163,0.0,0.001084269110838748,0.0
0.0,-0.18965483418758616,6.452912992595271,-0.007217995157620385,0.021029870695588437,0.0
0.0,-0.5748079470703319,5.921168223109616,-0.02387326771970623,0.02643864574783817,0.0
0.0,-0.296432669294432,6.175948999439196,-0.005684229125892999,0.024249253664678633,0.0
0.0,0.0,7.078331391468177,0.0,0.0,0.0
0.0,0.0,6.816326203333931,0.0,0.0038722055733109487,0.0
0.0,-0.2670169170694629,6.22432453942582,-0.005924223172905351,0.008239877315170605,0.0
0.0,-0.33784198931588094,6.875814312526964,0.0,0.0067671162578966035,0.0
0.0,-0.42757980949439534,7.092631957760288,-0.004853722431675521,0.02467244174852913,0.0
0.0,-0.8714454362299913,6.861411948766948,-0.019411580107102665,0.04142215709496618,0.0
0.0,-0.8832782862121775,6.082905668248662,-0.029949958200369314,0.036994304897537626,0.0
0.0,-0.5182590023683477,6.572665636136816,-0.008676972387219843,0.01773026855999739,0.0
0.0,-0.31980861213271067,6.82625316155749,-0.006026064817598781,0.024184487535563466,0.0
0.0,-0.34384745474796014,6.342110766005023,-0.012889333586045987,0.017142131815584702,0.0
0.0,-0.3625332667179485,5.715279296638133,-0.010333337239441251,0.014337644098339378,0.0
0.0,0.0,6.083212175182121,0.0,0.005344374235170009,0.0
0.0,0.0,6.694171175515275,0.0,0.011449337913868169,0.0
0.0,0.0,6.182565375817056,0.0,0.019497519631262977,0.0
0.0,0.0,5.758300229835181,0.0,0.016053388013802877,0.0
0.0,0.0,6.572202511063004,0.0,0.013375930112284311,0.0
0.0,0.0,6.7382136990646115,0.0,0.016642479000256206,0.0
0.0,-5.230911205605971e-05,6.483937986304296,0.0,0.018874482348229357,0.0
0.0,-0.4099591397140605,5.885058911671552,-0.00917538855819333,0.02214138722970099,0.0
0.0,-0.40948927337649144,6.302124341371092,-0.01617706233047497,0.03300656572045911,0.0
0.0,-0.24126322969494965,6.534924682773138,-0.012445494873927218,0.03671751991621145,0.0
0.0,-0.21054583532348997,6.213261448663024,-0.01596369474855617,0.0313146244714139,0.0
0.0,-0.0328628363874988,5.6499601583703996,-0.010656349534798118,0.022701719858594965,0.0
0.0,0.0,6.022050962637778,0.0,0.008995502822030123,0.0
0.0,0.0,6.593188707706409,0.0,0.0,0.0
0.0,0.0,5.72963037647577,0.0,0.003272592449362744,0.0
0.0,0.0,5.641228436627968,0.0,0.005895924676989501,0.0
0.0,0.0,5.428169249822972,0.0,0.02603937189159925,0.0
0.0,0.0,5.626411483850389,0.0,0.02065555659430792,0.0
0.0,0.0,5.309610122508944,0.0,0.021663602045168255,0.0
0.0,0.0,5.446893383609082,0.0,0.009295947446690657,0.0
0.0,0.0,6.004916365665765,0.0,0.00647204348987058,0.0
0.0,-0.15391327043214054,5.228241892461969,-0.012627310699824998,0.014776331777935353,0.0
0.0,-0.0964306236910693,5.013883303467501,-0.014071171937660762,0.015260917014099531,0.0
0.0,0.0,5.733142317248993,0.0,0.006774545324534334,0.0
0.0,0.0,5.476481577403425,-0.00018923382163759335,0.013755956784162068,0.0
0.0,0.0,5.130570651456241,0.0,0.006059803905360131,0.0
0.0,0.0,5.161166656419065,0.0,0.009433122020366332,0.0
0.0,0.0,5.565641069132529,0.0,0.004969329491134545,0.0
0.0,-0.007522064620203076,5.502149278984254,0.0,0.013183495436491171,0.0
0.0,-0.15944897131284672,4.929163173196143,0.0,0.00859622293997319,0.0
0.0,0.0,5.471243834927817,-0.001308162782067444,0.011156567636432562,0.0
0.0,-0.26692461546695234,5.610004739985417,-0.0062297616579979065,0.03208208905923101,0.0
0.0,-0.23618089109833723,5.484224497293388,-0.004817506813251862,0.02658992925086525,0.0
0.0,0.0,5.479789652670675,0.0,0.007013893675672944,0.0
0.0,0.0,5.694045014743431,0.0,0.009801440594382666,0.0
0.0,0.0,5.802582477634283,0.0,0.00194822786525994,0.0
0.0,0.0,5.331375177443231,0.0,0.0,0.0
0.0,0.0,5.56645168789852,0.0,0.0,0.0
0.0,0.0,5.6023549321627115,0.0,0.003976859015027255,0.0
0.0,0.0,5.714111383946214,0.0,0.0014495658936359548,0.0
0.0,0.0,5.551430198194921,0.0,0.0118984663874761,0.0
0.0,0.0,5.3866806676162975,-0.0003228979143298386,0.02210101225376589,0.0
0.0,0.0,5.648971461407248,0.0,0.017586400653745154,0.0
0.0,0.0,5.837140791045898,0.0,0.017836859749607147,0.0
0.0,-0.1512967689515563,5.270026480836445,-0.00789909939516802,0.019651733335289422,0.0
0.0,-0.3445981089562924,4.938341995490306,-0.005664688053532103,0.017679211109827446,0.0
0.0,0.0,5.338810814644868,0.0,0.003695261802291159,0.0
0.0,-0.005726231804059011,5.19290896404077,0.0,0.008792332167611352,0.0
0.0,0.0,5.090152143704929,-0.0010135527876282112,0.005895723469756868,0.0
0.0,-0.11197900359989263,4.545578168402861,-0.00021440871761239404,0.014659821860848124,0.0
0.0,0.0,4.801994435410944,0.0,0.006282198995135574,0.0
0.0,0.0,4.432414614752268,0.0,0.005330909224709698,0.0
0.0,0.0,4.198421808948067,0.0,0.00603785916280888,0.0
0.0,0.0,4.229482821969756,0.0,0.002714404928527821,0.0
0.0,0.0,4.318174157063625,0.0,0.0043581904770660885,0.0
0.0,0.0,4.2358335418137685,0.0,0.014077404805502642,0.0
0.0,0.0,4.152362460107367,0.0,0.010141260006647857,0.0
0.0,0.0,4.533821193510162,0.0,0.01170057421155849,0.0
0.0,0.0,4.416678305474336,0.0,0.01396308624594626,0.0
0.0,0.0,4.496936370425366,0.0,0.017441303169855198,0.0
0.0,0.0,4.293942512191264,-0.006263848111601811,0.026824165150499048,0.0
0.0,0.0,4.540937964840285,-0.0021285033808801776,0.02156756577766596,0.0
0.0,0.0,4.5789795294366105,0.0,0.012386018834922349,0.0
0.0,0.0,4.804648973203834,0.0,0.008271583793811498,0.0
0.0,0.0,4.4668259200741,-0.0006708772787543475,0.016990742623952764,0.0
0.0,0.0,4.181206813722654,0.0,0.02416079922745351,0.0
0.0,0.0,4.383861656617389,0.0,0.013915395791996094,0.0
0.0,0.0,4.688637889314751,0.0,0.02039563359060826,0.0
0.0,0.0,4.633681489095575,0.0,0.021956905420324153,0.0
0.0,0.0,4.110731752788052,0.0,0.02437235827316741,0.0
0.0,0.0,4.504729829596587,0.0,0.018140923663504508,0.0
0.0,0.0,4.534147461059925,0.0,0.01676019869503771,0.0
0.0,0.0,4.185783056282865,0.0,0.011461708357303795,0.0
0.0,0.0,4.060952966792753,0.0,0.015120799732341964,0.0
0.0,0.0,3.9184004592917008,0.0,0.017991349546152897,0.0
0.0,0.0,3.870955127285633,0.0,0.008706800056313701,0.0
0.0,0.0,4.137036984258841,0.0,0.0016769001500082995,0.0
0.0,0.0,3.711008638311852,0.0,0.0035016445158512974,0.0
0.0,0.0,3.547016925760085,0.0,0.0,0.0
0.0,0.0,3.862519608543374,0.0018217297396562044,0.0,0.0
0.0,0.0,3.804814201737783,0.0,0.0,0.0
0.0,0.0,3.818389060943587,0.0,0.004545368793848735,0.0
0.0,0.0,3.625237386163809,-0.0018055588498028911,0.02488336606217989,0.0
0.0,0.0,3.653066323811069,-0.002758455088167034,0.022805726149181645,0.0
0.0,0.0,3.6590135978322147,-0.003897426660076088,0.019749265156843193,0.0
0.0,0.0,3.6506213394340365,0.0,0.001462194776898134,0.0
0.0,0.0,4.078752414068886,0.0,0.0,0.0
0.0,0.0,3.891890359921983,0.0,0.0,0.0
0.0,0.0,3.843250172369108,0.0,0.0,0.0
0.0,0.0,3.867671364627539,0.0,0.0,0.0
0.0,0.0,4.156760945127244,0.0,0.005641417177567913,0.0
0.0,0.0,3.9889788015748606,-0.00813355608028495,0.018112194012531144,0.0
0.0,-0.04088010502949123,4.0811413168136745,-0.01331508473404765,0.02490069179815379,0.0
0.0,0.0,3.9242371080688287,-0.010815947380212639,0.019838239371777595,0.0
0.0,0.0,4.126024917382228,0.0,0.009908043261522306,0.0
0.0,0.0,4.187949255754129,0.0,0.003579827135156448,0.0
0.0,0.0,3.9702330086464857,0.0,0.0,0.0
0.0,0.0,3.7890434391055265,0.0,0.0004398873647515697,0.0
0.0,0.0,3.693694784162633,0.0,0.000742076448461875,0.0
0.0,0.0,3.909699220923583,0.0,0.003469139911306464,0.0
0.0,0.0,3.9100948717540924,0.0,0.0,0.0
0.0,0.0,4.025759766873797,0.0,0.0,0.0
0.0,0.0,3.884386364829711,0.0,0.000617156419484446,0.0
0.0,0.0,4.227266720683111,0.0,0.0024258030251638435,0.0
0.0,0.0,4.16858764774003,0.0,0.0020166969172326324,0.0
0.0,0.0,4.004416826520714,0.0,0.006677496076597336,0.0
0.0,0.0,4.33309483104389,0.0,0.006570854856063636,0.0
0.0,0.0,4.633995167957316,0.0,0.012242846812085716,0.0
0.0,0.0,4.310937507062061,-0.010896412731523005,0.017273593113562392,0.0
0.0,0.0,4.142413181423789,-0.004599873185499895,0.008429080346367381,0.0
0.0,0.0,4.458158543742249,0.0,0.005451515946462128,0.0
0.0,0.0,4.214448919031682,-0.006797890452918845,0.007755997791448352,0.0
0.0,0.0,3.8604436132865736,-0.007691727761451527,0.005405927390316677,0.0
0.0,0.0,3.787688929174601,0.0,5.5627869032119474e-05,0.0
0.0,0.0,3.7872664936710967,0.0,0.006444572660356361,0.0
0.0,0.0,3.870065136611738,0.0,0.0,0.0
0.0,0.0,3.806371380419626,0.0,0.0,0.0
0.0,0.0,3.4937805102582495,0.0,0.0,0.0
0.0,0.0,3.690112814731633,0.0,0.000372031498065965,0.0
0.0,0.0,3.511149109353775,0.0,0.0,0.0
0.0,0.0,3.498544125348493,0.0,0.0,0.0
0.0,0.0,3.5572765329679648,0.0,0.0,0.0
0.0,0.0,3.154099081400994,0.0,0.0,0.0
0.0,0.0,3.183158851101669,0.0,0.0,0.0
0.0,0.0,3.546727744849444,0.0,0.0,0.0
0.0,0.0,3.521397407261561,0.0,0.001308779078118482,0.0
0.0,0.0,3.375346838744499,-0.006292980455884852,0.00703623700994597,0.0
0.0,-0.05101662894812675,3.648354855471799,-0.002645301681245383,0.0032762400245116624,0.0
0.0,0.0,4.198976048442061,-0.009447372182649485,0.0036559599584082662,0.0
0.0,-0.051604049799055196,4.020837376741258,-0.014237690277494414,0.005890564328981649,0.0
0.0,-0.2653858964097687,3.994883882045997,-0.01671022212811057,0.006080736164984965,0.0
0.0,-0.2199332743688788,3.5595210190632636,-0.027057165292721723,0.014682596761268946,0.0
0.0,-0.10391117221963816,3.7271869334476846,-0.01879113465999492,0.014455064789052133,0.0
0.0,0.0,3.5397205036748005,-0.012224060788962984,0.009442962913473062,0.0
0.0,0.0,3.3122727110518007,0.0,0.0014618489501955797,0.0
0.0,0.0,3.204607262862691,0.0,0.0,0.0
0.0,0.0,3.227614431631781,0.0,0.0,0.0
0.0,0.0,3.0760627239775964,0.0,0.0,0.0
0.0,0.0,2.9521984191639743,0.0,0.0,0.0
0.0,0.0,3.290369252371795,0.0,0.0,0.0
0.0,0.0,3.3331496205064526,0.0,0.0,0.0
0.0,-0.23066400482902152,3.120047259671257,-0.018142567408732893,0.01547711046917285,0.0
0.0,-0.21442066150243147,2.8894237469135904,-0.03509185982720804,0.018329175042503094,0.0
0.0,0.0,3.2270181882086795,-0.007674644910707909,0.002506026619506021,0.0
0.0,0.0,3.500982251483678,-0.0020535870976429514,0.0004385239551708426,0.0
0.0,0.0,3.4122496823531447,-0.0008204723593782378,0.0,0.0
0.0,0.0,3.3532752523586424,0.0,0.0,0.0
0.0,0.0,3.8796414266803643,0.0,0.0,0.0
0.0,0.0,3.839961870084656,-0.0033203073881746524,0.002453180294816121,0.0
0.0,-0.3416382441931341,3.5471764964129937,-0.017101239793089848,0.010318044872467893,0.0
0.0,-0.4052051217149278,3.4512642873747894,-0.03007788198806654,0.01697651765689337,0.0
0.0,-0.1359597283784775,3.691006596445495,-0.020150985353927987,0.008925700716855403,0.0
0.0,0.0,3.656189937320433,-0.010402928248555742,0.004197021889211053,0.0
0.0,0.0,3.412283905282261,-0.0041956476302624,0.0,0.0
0.0,0.0,3.419462367376416,0.0,0.0,0.0
0.0,0.0,3.5385053202106613,0.0,0.0,0.0
0.0,0.0,3.3115532986261393,0.0,0.0,0.0
0.0,0.0,2.7095369384759183,-0.005583258314663502,0.0056413876618641836,0.0
0.0,0.0,3.0678761172034443,-0.006545821328126869,0.0,0.0
0.0,0.0,3.54021531216072,-0.0010778245420898214,0.0,0.0
0.0,0.0,3.269298710052363,-0.00611939571998793,0.003605836723648945,0.0
0.0,0.0,3.093285370305867,-0.008327449626537392,0.0,0.0
0.0,0.0,3.4504013006529144,-0.0008659506668262376,0.0,0.0
0.0,0.0,3.7839020457853474,0.0,0.0,0.0
0.0,0.0,3.4034318786068836,-0.01038291544665044,0.0005631545422696836,0.0
0.0,-0.1270980543309072,3.2494620758508788,-0.00812036413819319,0.001002256562766543,0.0
0.0,0.0,3.475833234586807,-0.004218352931474022,0.001620576372452711,0.0
0.0,0.0,3.634367505686876,-0.004655077740406547,0.0031096264605242627,0.0
0.0,-0.03630928073384803,3.3181240108560957,-0.01567636754400093,0.009857273463972078,0.0
0.0,-0.039432777364431446,2.8181036910221673,-0.01419710443424887,0.009012891947590288,0.0
0.0,0.0,3.348438430311513,0.0,0.0,0.0
0.0,0.0,3.550804065925031,0.0,0.0,0.0
0.0,0.0,3.160998880443363,-0.0013510298356651637,0.0,0.0
0.0,0.0,2.900780700221631,-0.005453679839584876,0.0,0.0
0.0,0.0,3.4549115344212082,0.0,0.0,0.0
0.0,0.0,3.4797336143012068,0.0,0.0,0.0
0.0,0.0,3.499659739793303,-0.0052564027730965844,0.0,0.0
0.0,-0.166707535227354,3.194415954264069,-0.017294808631830434,0.0,0.0
0.0,0.0,3.4886694131882563,-0.011891359350030762,0.0011001868771419302,0.0
0.0,0.0,3.8100804663197287,0.0,0.0,0.0
0.0,0.0,3.8644405297518327,0.0,0.0,0.0
0.0,0.0,3.5520672520560312,-0.0064377056576956655,0.0,0.0
0.0,0.0,3.5753325307168247,-0.0029018611242960903,0.0,0.0
0.0,0.0,4.1875234535844195,0.0,0.0,0.0
0.0,0.0,4.079934980442291,0.0,0.0,0.0
0.0,0.0,3.6786441768146325,-0.010087348591524697,0.0,0.0
0.0,0.0,4.243703509581559,-0.009602641820294468,0.0,0.0
0.0,0.0,4.011122575725483,-0.014948389366399367,0.002496286811365816,0.0
0.0,-0.1716858430989225,4.20632983956291,-0.01573086871796165,0.0023013885317667297,0.0
0.0,-0.36844830411881746,3.3997382924615858,-0.02838564495200973,0.0007826953672756603,0.0
0.0,0.0,3.3557701032821234,-0.01518613125935549,0.0,0.0
0.0,0.0,3.743095306847059,0.0,0.0,0.0
0.0,0.0,3.1210573132350095,-0.005845073578727635,0.0,0.0
0.0,0.0,2.9003376179494227,-0.003728398247565147,0.0,0.0
0.0,0.0,2.6338145907213675,0.0,0.0,0.0
0.0,0.0,3.0087824027994667,0.0,0.0,0.0
0.0,0.0,3.0145774443027458,0.0,0.0,0.0
0.0,0.0,2.6984312192430187,-0.00563026705196179,0.0,0.0
0.0,0.0,2.7356256867162587,-0.010172783807368668,0.0,0.0
0.0,0.0,3.2216255967541323,-0.002324472613809837,0.0,0.0
0.0,0.0,3.134189772033333,-0.004546117155263799,0.0,0.0
0.0,0.0,2.9445906705985965,-0.008728962952220263,0.0,0.0
0.0,0.0,3.2038576151951075,-0.00024031371953830435,0.0,0.0
0.0,0.0,3.5451717268029475,0.0,0.0,0.0
0.0,0.0,3.7399799844922015,-0.0003874867833178881,0.0,0.0
0.0,-0.1282316003342076,3.4034181584302297,-0.009424537921801642,0.0,0.0
0.0,-0.08392922706068023,3.5637726265368186,-0.014238972345086554,0.0,0.0
0.0,-0.054202666411161636,3.869657941961001,-0.013675786049919753,0.0,0.0
0.0,-0.37727693672179374,3.8928554405201012,-0.020141787894743073,0.0,0.0
0.0,-0.7409513639779715,3.607989886717374,-0.036595372995483,0.0029971659559107537,0.0
0.0,-0.5059930257801803,3.4693182556374103,-0.030464635434676486,0.0017633506878048607,0.0
0.0,-0.037071035464764944,3.7154158945841145,-0.01143191549916144,0.0,0.0
0.0,0.0,3.7137173710782614,-0.0057372138793389095,0.0,0.0
0.0,0.0,3.6243962129880614,-0.0035219407816870366,0.0,0.0
0.0,0.0,3.3108262491388816,-0.007799616036974497,0.0,0.0
0.0,0.0,3.479435950191386,-0.0032901956616002473,0.0,0.0
0.0,0.0,3.651709181781528,0.0,0.0,0.0
0.0,0.0,3.6684023009611373,0.0,0.0,0.0
0.0,0.0,3.4600659099645106,0.0,0.0,0.0
0.0,0.0,3.5178294178202067,-0.003241234208625182,0.0,0.0
0.0,0.0,3.6299819520234125,0.0,0.0,0.0
0.0,0.0,3.696107984074127,-0.011847210790131365,0.0,0.0
0.0,-0.32066066422343475,3.3119202175626534,-0.032596521306500766,0.002666020301994018,0.0
0.0,-0.28393227137096055,3.3655927945037405,-0.03078306661894577,0.0,0.0
0.0,-0.06212657066872733,3.6022751610415056,-0.013641975450314796,0.0,0.0
0.0,0.0,3.6377009666930507,-0.006520812488993577,0.0,0.0
0.0,0.0,3.5267362871553907,-0.010058672564647715,0.0,0.0
0.0,-0.06154336276513883,3.0325836548098755,-0.008230634193357386,0.0,0.0
0.0,0.0,3.195269473653578,0.0,0.0,0.0
0.0,0.0,3.626095262434616,0.0,0.0,0.0
0.0,0.0,3.2138986615181557,-0.014695108067561474,0.0,0.0
0.0,-0.40773279051244626,2.9349674580210747,-0.022027431653208092,0.0,0.0
0.0,0.0,3.412049184034893,-0.014299936245576423,0.0,0.0
0.0,0.0,3.6258758348337046,-0.0025125764079741856,0.0,0.0
0.0,0.0,3.3712182849926116,-0.00630870286470972,0.0,0.0
0.0,-0.03783365670262736,3.1163262558405638,-0.020593186060109285,0.0,0.0
0.0,0.0,3.6461794818708917,-0.012089396112369536,0.0,0.0
0.0,0.0,3.9032372441067884,-0.0031858814297383623,0.0,0.0
0.0,-0.05658611250814005,3.6079391502566223,-0.012062430510239117,0.0,0.0
0.0,-0.41005728891127713,3.2552709434612828,-0.0213476023107869,0.0010402504434609639,0.0
0.0,0.0,3.5245603001285852,-0.019891810861484727,0.0,0.0
0.0,0.0,4.076019272570037,-2.2942265449273553e-05,0.0,0.0
0.0,0.0,4.040917699193338,-0.004268658663648347,0.0,0.0
0.0,0.0,4.033002257408128,-0.014579007331455531,0.0,0.0
0.0,-0.039358284307751464,3.9301812515473182,-0.013342138154845778,0.0,0.0
0.0,0.0,4.252486512506223,-0.013753276624056187,0.0,0.0
0.0,-0.1513930873165126,4.071633173424973,-0.027975072508874967,0.002530404092363714,0.0
0.0,-0.658621700494914,3.604066619626012,-0.049736092676808244,0.014221272142557789,0.0
0.0,-0.6724004454406053,3.4230562220690053,-0.041988479022470104,0.011728564545831526,0.0
0.0,0.0,3.694556166036466,-0.01621147954776164,0.0,0.0
0.0,0.0,3.5999326926693627,0.0,0.0,0.0
0.0,0.0,3.393732581070698,0.0,0.0,0.0
0.0,0.0,3.5587756789174327,0.0,0.0,0.0
0.0,0.0,3.411880928757236,0.0,0.0,0.0
0.0,0.0,3.0922070580798744,0.0,0.0,0.0
0.0,0.0,3.1408982159404517,-0.00418174102723724,0.0,0.0
0.0,0.0,3.2166649785300727,-0.022622875128352163,4.911736855421424e-05,0.0
0.0,-0.3677082067139602,2.8311023310165844,-0.027324567437520396,0.0006323464339321138,0.0
0.0,0.0,3.077183966404207,-0.014421329019186215,0.0,0.0
0.0,0.0,3.2198433855948587,0.0,0.0,0.0
0.0,0.0,3.5071724412278513,0.0,0.0,0.0
0.0,0.0,3.1187171144300683,0.0,0.0,0.0
0.0,0.0,3.32337290971359,0.0,0.0,0.0
0.0,0.0,3.5963370417639835,-0.00039567507527034736,0.0,0.0
0.0,0.0,3.7542451428490202,-0.01197194759659587,0.0,0.0
0.0,-0.5834785420513822,3.519737572785913,-0.03609348424313774,0.0010747964045798436,0.0
0.0,-0.7385999343634584,3.1775734523765826,-0.038514272822901326,0.0,0.0
0.0,-0.006076669035983589,4.008575520842351,-0.011988741956985977,0.0,0.0
0.0,0.0,4.081541818721627,-0.009414209044119767,0.0,0.0
0.0,0.0,3.3317056839625074,-0.011448730068968741,0.0,0.0
0.0,0.0,3.1606605803776087,-0.008361508267563626,0.0,0.0
0.0,0.0,3.311310641421911,0.0,0.0,0.0
0.0,0.0,3.525070928946165,0.0,0.0,0.0
0.0,-0.006446432157470934,2.794443351703822,-0.014377464552639723,0.0,0.0
0.0,0.0,3.185356380375919,-0.012306228363580644,0.0,0.0
0.0,0.0,3.795777396901811,0.0,0.0,0.0
0.0,0.0,3.460179997588189,-0.004694568144272128,0.0,0.0
0.0,0.0,3.6284893737492063,-0.008521139944476301,0.0,0.0
0.0,0.0,3.6177615911366336,-0.012503247081862285,0.0,0.0
0.0,0.0,3.654080634640087,-0.008928160913259365,0.0,0.0
0.0,0.0,4.186984785389478,-0.00298085609928039,0.0,0.0
0.0,0.0,3.954111855194546,-0.014186399540944,0.0,0.0
0.0,0.0,3.654153415924418,-0.019428321053607516,0.0,0.0
0.0,0.0,3.5998115115970486,-0.006977054153820531,0.0,0.0
0.0,0.0,3.960928958412434,0.0,0.0,0.0
0.0,0.0,3.7980808578795915,-0.00024559326904361443,0.0,0.0
0.0,0.0,3.672961239721187,-0.004630836978073332,0.0,0.0
0.0,0.0,3.6211665069086223,-0.0019306561510898685,0.0,0.0
0.0,0.0,4.080829217152733,0.0,0.0,0.0
0.0,0.0,3.912613187786529,-0.0008849961379117722,0.0,0.0
0.0,-0.013762049348680722,3.6528593989313634,-0.013894939051721117,0.0,0.0
0.0,-0.06534810651076572,3.5803714265275586,-0.02267798349369235,0.0,0.0
0.0,-0.03219243741046039,3.6287344942081994,-0.012046992889473284,0.0,0.0
0.0,0.0,3.5969188813310593,-0.007165960329386424,0.0,0.0
0.0,0.0,3.4062027000261836,-0.0015431216566090243,0.0,0.0
0.0,0.0,3.6650100272824226,0.0,0.0,0.0
0.0,0.0,3.6650100272824226,0.0,0.0,0.0
0.0,0.0,3.455103746095454,0.0,0.0,0.0
0.0,0.0,3.526373009052957,0.0,0.0,0.0
0.0,0.0,3.6235408756447214,-0.004227311368516514,0.0,0.0
0.0,-0.06261455882843571,3.422441696172501,-0.017059917355565245,0.0,0.0
0.0,-0.01256456457006735,3.2879321756535957,-0.024704220938245723,0.0,0.0
0.0,0.0,3.3812664959487235,-0.019490591781793486,0.0,0.0
0.0,0.0,3.258094453517258,-0.008897290064203775,0.0,0.0
0.0,0.0,3.3144259343056675,-0.0024730145797323667,0.0,0.0
0.0,0.0,2.89547126712992,0.0,0.0,0.0
0.07234895252633747,0.0,3.144381805324884,0.0,0.0,0.0
0.07211096179698764,0.0,3.3459902214807444,0.0,-0.0009623359836785992,0.0
0.0,0.0,3.210513738234333,0.0,0.0,0.0
0.0,0.0,2.7888498754599658,-0.004171402880848376,0.0,0.0
0.0,0.0,2.8950319417959807,-0.009863220462624254,0.0,0.0
0.0,0.0,3.245417408253607,-0.005156226391482847,0.0,0.0
0.0,0.0,3.2588684485823145,-0.004061651132124361,0.0,0.0
0.0,0.0,2.984341922988004,-0.007438515815417322,0.0,0.0
0.0,0.0,3.0306223994689856,0.0,0.0,0.0
0.0,0.0,3.4351695197615326,0.0,0.0,0.0
0.0,0.0,3.485630708477642,0.0,0.0,0.0
0.0,0.0,3.5715946562226,0.0,0.0,0.0
0.0,-0.21528579924089106,3.3253134038951813,-0.01867128289436185,0.0,0.0
0.0,0.0,3.75138638935669,-0.012876158113474628,0.0,0.0
0.0,-0.10636069987525895,3.357355553146816,-0.019226938790077315,0.0,0.0
0.0,-0.0785152758850545,3.214916614205086,-0.02272608965418716,0.0,0.0
0.0,0.0,3.080272018151873,-0.009344851715819566,0.0,0.0
0.0,0.0,2.99031009538252,0.0,0.0,0.0
0.0,0.0,2.801140948740678,0.0,0.0,0.0
0.0,0.0,2.629527920137714,0.0,0.0,0.0
0.0,0.0,2.3899541057188425,0.0,0.0,0.0
0.0,0.0,2.5925432931519974,0.0,0.0,0.0
0.03658211977275646,0.0,2.7916994807102204,0.0,0.0,0.0
0.0088806157328388,0.0,2.674648157801866,0.0,0.0,0.0
0.05989586142144056,0.0,2.6150612315266857,0.0,0.0,0.0
0.0,0.0,2.78340287102058,0.0,0.0,0.0
0.0,0.0,2.966833354540361,0.0,0.0,0.0
0.0,0.0,2.9437916686374552,-0.0030224170003863016,0.0,0.0
0.0,0.0,2.882068142255194,-0.00555199665212249,0.0,0.0
0.0,0.0,3.363112233787907,-0.0031166947895304104,0.0,0.0
0.0,0.0,3.18221897512828,-0.006265744411237858,0.0,0.0
0.0,0.0,3.2955490580397404,-0.005953158432323726,0.0,0.0
0.0,0.0,3.1634140366493573,-0.004234602875445771,0.0,0.0
0.0,0.0,3.0831586639957727,-0.0017772038770927513,0.0,0.0
0.0,0.0,3.1040839608216846,-0.0032518763323634804,0.0,0.0
0.0,0.0,2.9055724730253227,-0.0022797208644741514,0.0,0.0
0.0,0.0,3.1182223995790923,-0.0010384199178354884,0.0,0.0
0.0,0.0,3.1191313707122594,-0.00032488247778005366,0.0,0.0
0.0,0.0,2.8513845208776143,-0.008239723565637222,0.0,0.0
0.0,0.0,2.439050688394718,-0.012539883573999811,0.0,0.0
0.0,0.0,2.6518426415611174,-0.00044740180047077164,0.0,0.0
0.0,0.0,2.692768230539997,0.0,0.0,0.0
0.0,0.0,2.554357069712306,0.0,0.0,0.0
0.0,0.0,2.293878080363551,0.0,0.0,0.0
0.0,0.0,2.47584318369016,0.0,0.0,0.0
0.0,0.0,2.4478189880364947,0.0,0.0,0.0
0.0,0.0,2.61949262421636,0.0,0.0,0.0
0.0,0.0,3.0900674770875134,-0.005674891536000188,0.0,0.0
0.0,-0.19615258253628748,2.6310183203401185,-0.023074338147447464,0.0,0.0
0.0,0.0,3.121974944687181,-0.016851443107046327,0.0,0.0
0.0,0.0,3.099486557726219,-0.01623958945421337,0.0,0.0
0.0,-0.010924644521719092,2.894132944631172,-0.011351477191441812,0.0,0.0
0.0,0.0,3.090528058279892,-0.008153381790182084,0.0,0.0
0.0,0.0,2.7385639658679546,-0.008429651877590474,0.0,0.0
0.0,0.0,2.737870847971255,0.0,0.0,0.0
0.0,0.0,2.8822190404289842,0.0,0.0,0.0
0.0,0.0,2.6621878636576453,0.0,0.0,0.0
0.0,0.0,2.5421869559682664,0.0,0.0,0.0
0.0,0.0,2.625924955831642,0.0,0.0,0.0
0.0,0.0,2.427798005906972,0.0,0.0,0.0
0.0,0.0,2.685046756520558,0.0,0.0,0.0
0.0,0.0,2.0849909907301822,-0.00517635473114233,0.0,0.0
0.0,0.0,2.390092337094992,0.0,0.0,0.0
0.0,0.0,2.476642830000902,0.0,0.0,0.0
0.0,0.0,2.2977958196921002,0.0,0.0,0.0
0.0,0.0,2.200146780623548,0.0,0.0,0.0
0.0,0.0,2.6922596715257674,0.0,0.0,0.0
0.0,0.0,2.3302848811523886,-0.0074882046266220095,0.0,0.0
0.0,-0.22748959134291596,2.3652328666202638,-0.015267188212746174,0.0,0.0
0.0,-0.23945479476130682,2.2996531750058073,-0.018056411320797567,0.0,0.0
0.0,-0.15292884995841013,2.4527102725809886,-0.008428570559490147,0.0,0.0
0.0,0.0,2.3517018981307656,-0.003302489545794006,0.0,0.0
0.0,0.0,1.962283043631664,-0.001235569616563494,0.0,0.0
0.0,0.0,2.0528018331079316,0.0,0.0,0.0
0.0,0.0,1.7245229854403612,0.0,0.0,0.0
0.0,0.0,1.789099653168695,0.0,0.0,0.0
0.0,0.0,1.6503067716363535,0.0,0.0,0.0
0.08758810528059591,0.0,1.7084744275630002,0.0,0.0,0.0
0.11291623140196869,0.0,2.0194382132137028,0.0,-0.001879759107947201,0.0
0.0,0.0,1.7707493247522674,0.0,0.0,0.0
0.0,0.0,2.014664990820566,0.0,0.0,0.0
0.0,0.0,2.1685082750313263,0.0,0.0,0.0
0.0,0.0,2.0091547421836626,-0.006498792160811987,0.0,0.0
0.0,0.0,2.031212196753498,-0.004041331835800313,0.0,0.0
0.0,0.0,2.2864358630142845,0.0,0.0,0.0
0.0,0.0,2.186768299894708,-0.009063211372795515,0.0,0.0
0.0,-0.08264266730267915,2.167543946602371,0.0,0.0,0.0
0.0,0.0,2.54348478553683,-0.0009246478241618762,0.0,0.0
0.0,0.0,2.180823397538194,-0.004160654285946493,0.0,0.0
0.0,0.0,2.624219166677052,0.0,0.0,0.0
0.0,0.0,2.226061478364153,-0.008927971254963498,0.0,0.0
0.0,-0.028435647785936075,2.1080884295153983,-0.016548119549792097,0.0,0.0
0.0,0.0,2.3093015184134376,-0.0054643675840881575,0.0,0.0
0.0,0.0,2.440886786803853,-0.008690052317785815,0.0,0.0
0.0,-0.007931666002497902,2.2571112577680443,-0.01902876623821586,0.0,0.0
0.0,-0.059959811596024634,2.2580470855931383,-0.015372638943692554,0.0,0.0
0.0,0.0,2.082241317443551,-0.012761084215434195,0.0,0.0
0.0,0.0,2.2024954969013337,0.0,0.0,0.0
0.0,0.0,2.1834476714643722,0.0,0.0,0.0
0.0,0.0,1.878164017691402,0.0,0.0,0.0
0.0,0.0,1.7592367875066777,0.0,0.0,0.0
0.0,0.0,1.9808362471115057,0.0,0.0,0.0
0.0,0.0,2.0014934718704445,0.0,0.0,0.0
0.0,0.0,1.8263235283193577,0.0,0.0,0.0
0.0,0.0,1.7915291540323293,0.0,0.0,0.0
0.0,0.0,1.9524133788812486,-0.004962998118553104,0.0,0.0
0.0,-0.010683882041069539,1.7958769816958977,-0.010516435472682512,0.0,0.0
0.0,0.0,1.582518833922034,-0.00908839498464918,0.0,0.0
0.0,0.0,1.7798975630067448,0.0,0.0,0.0
0.0,0.0,1.6378880029081002,0.0,0.0,0.0
0.0,0.0,1.4051920002912643,0.0,0.0,0.0
0.0,0.0,1.485081245042736,0.0,0.0,0.0
0.0,0.0,1.3898814213617317,0.0,0.0,0.0
0.0,0.0,1.49059316416149,0.0,0.0,0.0
0.0,0.0,1.3664261060481795,-0.004024836401924067,0.0,0.0
0.0,0.0,1.0005062134081357,-0.013006018776534312,0.0,0.0
0.0,0.0,1.3358972628157304,0.0,0.0,0.0
0.0,0.0,0.8704136523128732,0.0,0.0,0.0
0.0,0.0,0.8891710407838728,0.0,0.0,0.0
0.0,0.0,0.9292548914439763,0.0,0.0,0.0
0.0,0.0,0.7897613207988379,0.0,0.0,0.0
0.0,0.0,1.025599129424327,0.0,0.0,0.0
0.0,0.0,0.6843161700585813,0.0,0.0,0.0
0.0,0.0,1.142841090914381,0.0,0.0,0.0
0.0,0.0,1.2939145897886513,0.0,0.0,-0.0011824568118741201
0.0,-0.1547392296714818,1.1083611990797122,-0.012002501916458765,0.0,-0.0009779317323590504
0.0,-0.12164289813827575,1.2075047983008513,-0.008764961721272753,0.0,-0.00023271237718238265
0.0,0.0,1.37235496373383,-0.009090772389518689,0.0,-0.0019756549747829977
0.0,-0.1072346041037285,1.0644054629658115,-0.010114924996374708,0.0,-0.00015889853226946557
0.0,0.0,1.2245168234870254,-0.003161454988007164,0.0,-0.004904773500493209
0.0,0.0,1.2463442954581798,0.0,0.0,-0.003976087065680586
0.0,0.0,0.9928885110532983,0.0,0.0,-0.002099872273149619
0.0,0.0,0.9619365574476033,0.0,0.0,-0.003207573850935526
0.0,0.0,0.937983792544917,0.0,0.0,-0.003253383874201636
0.0,0.0,0.9511659495809388,0.0,0.0,-0.0009175886644104747
0.0,0.0,0.9071596966644953,0.0,0.0,-0.0022801666541427453
0.0,0.0,1.049568491352335,0.0,0.0,-0.005520376254497754
0.0,0.0,1.137670981614631,0.0,0.0,-0.0033195406440016707
0.0,0.0,1.0899240345382588,-0.004067776596400708,0.0,-0.0044422280390824225
0.0,0.0,1.192543858213115,-0.0006362470634690273,0.0,-0.0057081535582884976
0.0,0.0,1.303257872634965,-0.0008598626733847644,0.0,-0.003275772732857617
0.0,-0.16951788264039694,1.0620806827230176,-0.011498749209620022,0.0,-0.0049983152483525466
0.0,-0.19673322507616148,1.1701264726277332,-0.008293833692655654,0.0,-0.00538208166724168
0.0,0.0,1.082236484693721,-0.00541003048893021,0.0,-0.005046671034982307
0.0,0.0,1.089461108652504,0.0,0.0,-0.0018886199917704867
0.0,0.0,1.1012082542817176,0.0,0.0,-0.004358563617220529
0.0,0.0,1.0240545498401699,0.0,0.0,-0.004310533879158121
0.0,0.0,0.998235342575031,0.0,0.0,-0.0055763167913787616
0.0,0.0,0.7596619947272535,0.0,0.0,-0.005110761956312382
0.0,0.0,0.7548405668368598,0.0,0.0,-0.006000636051450681
0.0,0.0,1.044754055267107,0.0,0.0,-0.005543301107641367
0.0,0.0,0.995344454995967,0.0,0.0,-0.005631913827110605
0.0,0.0,0.8611198004826655,0.0,0.0,-0.0030056853085854212
0.0,0.0,1.0395947887055772,0.0,0.0,-0.0025094451473718325
0.0,0.0,0.926779975307948,0.0,0.0,-0.004496852138266247
0.0,0.0,0.9214825410791813,-0.001170799341535576,0.0,-0.004134536611575722
0.0,0.0,0.8665590731355509,-5.688907954514112e-05,0.0,-0.005519266548933874
0.0,0.0,0.8257563848528935,0.0,0.0,-0.003079436574104267
0.0,0.0,0.8959891280550657,0.0,0.0,-0.004701714667016262
0.0,0.0,0.8105561872504451,-0.0006952674170305503,0.0,-0.0032104321311115453
0.0,0.0,0.8678188036704144,0.0,0.0,-0.0023749354953063874
0.0,0.0,1.0580812397920485,0.0,0.0,-0.0036391575946966752
0.0,0.0,0.8624859189684353,0.0,0.0,-0.003858903574833812
0.0,0.0,0.9140428704483934,0.0,0.0,-0.0027351922469882025
0.0,0.0,0.9607011837498772,-0.0015015681243528418,0.0,-0.006622568362802381
0.0,-0.09893149703105883,0.9287679186716087,-0.011282614929952903,0.0,-0.002832424219948078
0.0,-0.030185057374616926,0.973788205947028,-0.008070551736873375,0.0,-0.0038425847650423823
0.0,0.0,0.9637699980221134,0.0,0.0,-0.004334085640981061
0.0,0.0,1.0003613335868349,0.0,0.0,-0.004130400762809619
0.0,0.0,0.7412932245828425,0.0,0.0,-0.0024055809792178245
0.0,0.0,0.7742226143990136,0.0,0.0,-0.005298008775837608
0.0,0.0,0.5771848538819485,-0.0008792767062109341,0.0,-0.0038603669466023512
0.0,0.0,0.8128556964321371,0.0,0.0,-0.0017120530723233867
0.0,0.0,0.786471752343884,0.0,0.0,-0.002179535851547191
0.0,0.0,0.5295203171075642,0.0,0.0,-0.001965998295382332
0.0,0.0,0.6080185754004772,0.0,0.0,-0.002475591903236803
0.0,0.0,0.8218982001680191,0.0,0.0,-0.0022248960015362343
0.0,0.0,0.6282243271875404,0.0,0.0,-0.0014708313100670954
0.0,0.0,0.5867367468805686,0.0,0.0,-0.001034300069907031
0.0,0.0,0.6612808020500347,0.0,0.0,0.0
0.0,0.0,0.5196715709484936,0.0,0.0,0.0
0.0,0.0,0.48233242929547754,0.0,0.0,0.0
0.0,0.0,0.4841509125942311,0.0,0.0,0.0
0.0,0.0,0.4780758494141635,0.0,0.0,0.0
0.0,0.0,0.48677265574178985,0.0,0.0,0.0
0.0,0.0,0.49838077132689385,0.0,0.0,0.0
0.0,0.0,0.4634063204956992,0.0,0.0,0.0
0.0,0.0,0.5035828723532026,0.0,-0.0004032327796830038,0.0
0.0,0.0,0.6538743629510203,0.0,0.0,0.0
0.0,0.0,0.6126763858471874,-0.002310065872981799,0.0,0.0
0.0,0.0,0.4730492583138095,-0.010159625708300864,0.0,0.0
0.0,0.0,0.6752758060383621,-0.0022704633675166446,0.0,0.0
0.0,0.0,0.8280655623225703,-0.0010916248033803221,0.0,0.0
0.0,0.0,0.7452610876100352,-0.0038970821785901098,0.0,0.0
0.0,0.0,0.7144416247862277,-0.0001555065613497117,0.0,0.0
0.0,0.0,0.8054571881682275,-0.0007671573015242114,0.0,0.0
0.0,0.0,0.6688938191271283,-0.0015614846842562226,0.0,0.0
0.0,0.0,0.5397458207765006,-0.002230804844985348,0.0,0.0
0.0,0.0,0.4832857138409527,0.0,0.0,0.0
0.0,0.0,0.5214908480184111,0.0,0.0,0.0
0.0,0.0,0.522081368852019,0.0,0.0,0.0
0.0,0.0,0.3241879291070094,0.0,0.0,0.0
0.0,0.0,0.3068842294720795,0.0,0.0,0.0
0.0,0.0,0.26763781651078855,0.0,0.0,0.0
0.0,0.0,0.18017510436720008,0.0,0.0,0.0
0.0,0.0,0.2722885074342796,0.0,0.0,0.0
0.0,0.0,0.17055859771050888,0.0,0.0,0.0
0.0,0.0,0.22720253976806334,0.0,0.0,0.0
0.0,0.0,0.1680408452690273,0.0,0.0,0.0
0.0,0.0,0.14411456733463682,0.0,0.0,0.0
0.0,0.0,0.043648440368480146,-0.003493400384047246,0.0,0.0
0.0,0.0,0.03973147242754675,-0.003433780091294244,0.0,0.0
0.0,0.0,0.1582771535791591,0.0,0.0,0.0
0.0,0.0,0.0,-0.00321648222348693,0.0,0.0
0.0,0.0,0.049388424985010095,0.0,0.0,0.0
0.0,0.0,0.10199485707951295,0.0,0.0,0.0
0.0,0.0,0.13055251552196515,0.0,0.0,0.0
0,0,0,0,0,0
0.0,0.0,0.0,-0.008121899829838087,0.0,0.0
0.0,0.0,0.0,-0.008121899829838087,0.0,0.0
0.0,0.0,0.0,-0.0019103911107779315,0.0,0.0
0,0,0,0,0,0
0.0,0.0,0.0,0.0,0.0,0.0004025440845016213
0,0,0,0,0,0
0,0,0,0,0,0
0.0,0.0,0.0,-0.012098757670519053,0.0,0.0
0.0,-0.09175972180111303,0.0,-0.013950171560291574,0.0,0.0
0.0,0.0,0.0,-0.01082111539223688,0.0,0.0
0,0,0,0,0,0
0.0,0.0,0.0,0.0,-0.0022321809276086035,0.0007476274285243072
0.0,0.0,0.0,0.0,-0.002558337467901018,0.002921073278897689
0.0,0.0,0.0,0.0,0.0,0.0026838081208808923
0.0,0.0,0.0,0.0,0.0,0.0026838081208808923
0.0,0.0,0.0,-0.00253683327547459,0.0,0.0021665666141646354
0.0,0.0,0.0,-0.006154923020974387,0.0,0.0007974408627129222
0.0,0.0,0.0,-0.012410301037083857,0.0,0.0010179759164793164
0.0,0.0,0.0,0.0,0.0,0.0008650249160838238
0.0,0.0,0.0,0.0,0.0,0.0005092418583539001
0.0,0.0,0.0,0.0,0.0,0.001204540232657372
0.0,0.0,0.0,0.0,0.0,0.00014239981502384055
0.0,0.0,0.0,-0.005741535421147216,0.0,0.0
0.0,0.0,0.0,-0.012155054664797924,0.0,0.0
0.0,-0.000533455701461682,0.0,-0.014383295526166604,0.0,0.0
0.0,0.0,0.0,-0.0074867297120676775,0.0,0.0
0.0,0.0,0.0,-1.5768033307028411e-06,0.0,0.0
0,0,0,0,0,0
0,0,0,0,0,0
0.0,0.0,0.0,0.0,0.0,0.0013242027308031483
0,0,0,0,0,0
0,0,0,0,0,0
0.0,0.0,0.0,-0.0019268261547020489,0.0,0.0
0.0,0.0,0.0,0.0,0.0,5.7067082040262646e-05
0,0,0,0,0,0
0,0,0,0,0,0
0.0,0.0,0.0,0.0,0.0,0.000338179631016041
0.0,0.0,0.0,0.0,0.0,0.00015464487895689366
0.0,0.0,0.0,0.0,0.0,0.0004295825624927361
0.0,0.0,0.0,-0.002044429376285628,0.0,0.0
0.0,0.0,0.0,-0.010370397777916221,0.0,0.0
0.0,-0.2473879591076013,0.0,-0.012503949711248333,0.0,0.0
0.0,-0.17543866219141813,0.0,-0.013657182701814059,0.0,0.0
0.0,0.0,0.0,-0.00309766326609379,0.0,0.0
0,0,0,0,0,0
0.0,0.0,0.0,0.0,-0.0006599862575045218,0.0012362100717696635
0.0,0.0,0.0,0.0,0.0,0.0005146595500062739
0.0,0.0,0.0,0.0,0.0,0.0006985682497101719
0.0,0.0,0.0,0.0,0.0,0.0017334818860412111
0.0,0.0,0.0,-0.0008788253546837714,0.0,0.0031070439175797226
0.0,0.0,0.0,-0.0025288049980387007,0.0,0.0005925976704819874
0,0,0,0,0,0
0.0,0.0,0.0,0.0,0.0,0.0020077271834633183
0,0,0,0,0,0
0.0,0.0,0.0,0.0,0.0,0.0009787177619031864
0,0,0,0,0,0
0,0,0,0,0,0
0.0,0.0,0.0,0.0,0.0,0.0004975639521713565
0.0,0.0,0.0,-0.005343380404072502,0.0,0.0005486390159771011
0.0,-0.04463188071696085,0.0,-0.011696518758244717,0.0,0.0
0.0,-0.07277390973375122,0.0,-0.008216016170804133,0.0,0.00027896251601831033
0.0,0.0,0.0,-0.0013127338666971363,0.0,0.0
0.0,0.0,0.0,0.0,0.0,0.0015212484452874864
0.0,0.0,0.0,0.0,0.0,0.0015212484452874864
0.0,0.0,0.0,0.0,0.0,0.0020639850603324664
0.0,0.0,0.0,0.0,0.0,0.0027075982639470798
0,0,0,0,0,0
0,0,0,0,0,0
0.0,0.0,0.0,0.0,0.0,0.0015550283824747602
0.0,0.0,0.0,0.0,0.0,0.0012757572732159232
0,0,0,0,0,0
0.0,0.0,0.0,0.0,0.0,0.0004649345255736112
0.0,0.0,0.0,0.0,0.0,0.0008946430403817616
0,0,0,0,0,0
0.0,0.0,0.0,0.0,0.0,0.000804018189664136
0.0,0.0,0.0,0.0,0.0,4.9612704395600535e-05
0.0,0.0,0.0,0.0,0.0,0.001329129908435905
0.0,0.0,0.0,0.0,0.0,0.0004848101508772161
0.0,0.0,0.0,0.0,0.0,0.0005356676584238267
0.0,0.0,0.0,-0.0011042626735005977,0.0,0.0
0.0,0.0,0.0,-0.0001379499655580773,0.0,0.0007381897342089111
0.0,0.0,0.0,0.0,0.0,3.8436546414579534e-05
0.0,-0.012143444904430313,0.0,-0.004160351643274355,0.0,0.0006699556785196119
0.0,0.0,0.0,-0.003486584037026939,0.0,0.00034091807067511946
0.0,0.0,0.0,0.0,0.0,1.6942607043898514e-05
0.0,0.0,0.0,0.0,0.0,0.00029006887905101827
0.0,0.0,0.0,0.0,0.0,0.0009577722616032304
0.0,0.0,0.0,0.0,0.0,0.000278305884970701
0.0,0.0,0.0,0.0,0.0,0.00011736603993081133
0.0,0.0,0.0,0.0,-0.00045374855897292786,0.0010928696296443356
0,0,0,0,0,0
0.0,0.0,0.0,0.0,0.0,0.0011689979056566488
0,0,0,0,0,0
0,0,0,0,0,0
0,0,0,0,0,0
0,0,0,0,0,0
0,0,0,0,0,0
0.0,0.0,0.0,0.0,0.0,0.00033393528265401824
0,0,0,0,0,0
0,0,0,0,0,0
0,0,0,0,0,0
0,0,0,0,0,0
0,0,0,0,0,0
0,0,0,0,0,0
0.0,0.0,0.0,-0.00459060045851539,0.0,0.0
0.0,0.0,0.0,-0.0073922251920787415,0.0,0.0
0.0,0.0,0.0,-0.002028242517635584,0.0,0.0
0,0,0,0,0,0
0,0,0,0,0,0
0,0,0,0,0,0
0,0,0,0,0,0
0,0,0,0,0,0
0,0,0,0,0,0
0,0,0,0,0,0
0,0,0,0,0,0
0,0,0,0,0,0
0,0,0,0,0,0
0,0,0,0,0,0
0,0,0,0,0,0
0,0,0,0,0,0
0,0,0,0,0,0
0,0,0,0,0,0
0,0,0,0,0,0
0,0,0,0,0,0
0,0,0,0,0,0
0,0,0,0,0,0
0,0,0,0,0,0
0.0,0.0,0.0,-0.0010510015519587346,0.0,0.0
0,0,0,0,0,0
0,0,0,0,0,0
0,0,0,0,0,0
0,0,0,0,0,0
0,0,0,0,0,0
0,0,0,0,0,0
0,0,0,0,0,0
0,0,0,0,0,0
0,0,0,0,0,0
0,0,0,0,0,0
0,0,0,0,0,0
0,0,0,0,0,0
0,0,0,0,0,0
0,0,0,0,0,0
0,0,0,0,0,0
0,0,0,0,0,0
0,0,0,0,0,0
0,0,0,0,0,0
0,0,0,0,0,0
0,0,0,0,0,0
0,0,0,0,0,0
0,0,0,0,0,0
0,0,0,0,0,0
0,0,0,0,0,0
0,0,0,0,0,0
0,0,0,0,0,0
0,0,0,0,0,0
0,0,0,0,0,0
0,0,0,0,0,0
0,0,0,0,0,0
0,0,0,0,0,0
0,0,0,0,0,0
0,0,0,0,0,0
0,0,0,0,0,0
0,0,0,0,0,0
0,0,0,0,0,0
0,0,0,0,0,0
0,0,0,0,0,0
0,0,0,0,0,0
0,0,0,0,0,0
0,0,0,0,0,0
0,0,0,0,0,0
0,0,0,0,0,0
0,0,0,0,0,0
0,0,0,0,0,0
0,0,0,0,0,0
0,0,0,0,0,0
0,0,0,0,0,0
0,0,0,0,0,0
0,0,0,0,0,0
0,0,0,0,0,0
0,0,0,0,0,0
0,0,0,0,0,0
0,0,0,0,0,0
0,0,0,0,0,0
0,0,0,0,0,0
0,0,0,0,0,0
0,0,0,0,0,0
0,0,0,0,0,0
0,0,0,0,0,0
0,0,0,0,0,0
0,0,0,0,0,0
0,0,0,0,0,0
0,0,0,0,0,0
0,0,0,0,0,0
0,0,0,0,0,0
0,0,0,0,0,0
0,0,0,0,0,0
0,0,0,0,0,0
0,0,0,0,0,0
0,0,0,0,0,0
0,0,0,0,0,0
0,0,0,0,0,0
0,0,0,0,0,0
0,0,0,0,0,0
0,0,0,0,0,0
0,0,0,0,0,0
0,0,0,0,0,0
0,0,0,0,0,0
0,0,0,0,0,0
0,0,0,0,0,0
0,0,0,0,0,0
0,0,0,0,0,0
0,0,0,0,0,0
0,0,0,0,0,0
0,0,0,0,0,0
0,0,0,0,0,0
0,0,0,0,0,0
0,0,0,0,0,0
0,0,0,0,0,0
0,0,0,0,0,0
0,0,0,0,0,0
0,0,0,0,0,0
0,0,0,0,0,0
0,0,0,0,0,0
0,0,0,0,0,0
0,0,0,0,0,0
0,0,0,0,0,0
0,0,0,0,0,0
0,0,0,0,0,0
0,0,0,0,0,0
0,0,0,0,0,0
0,0,0,0,0,0
0,0,0,0,0,0
0,0,0,0,0,0
0,0,0,0,0,0
0,0,0,0,0,0
0,0,0,0,0,0
0,0,0,0,0,0
0,0,0,0,0,0
0,0,0,0,0,0
0,0,0,0,0,0
0,0,0,0,0,0
0,0,0,0,0,0
0,0,0,0,0,0
0,0,0,0,0,0
0,0,0,0,0,0
0,0,0,0,0,0
0,0,0,0,0,0
0,0,0,0,0,0
0,0,0,0,0,0
0,0,0,0,0,0
0,0,0,0,0,0
0,0,0,0,0,0
0,0,0,0,0,0
0,0,0,0,0,0
0,0,0,0,0,0
0,0,0,0,0,0
0,0,0,0,0,0
0,0,0,0,0,0
0,0,0,0,0,0
0,0,0,0,0,0
0,0,0,0,0,0
0,0,0,0,0,0
0,0,0,0,0,0
0,0,0,0,0,0
0,0,0,0,0,0
0,0,0,0,0,0
0,0,0,0,0,0
0,0,0,0,0,0
0,0,0,0,0,0
0,0,0,0,0,0
0,0,0,0,0,0
0,0,0,0,0,0
0,0,0,0,0,0
0,0,0,0,0,0
0,0,0,0,0,0
0,0,0,0,0,0
0,0,0,0,0,0
0,0,0,0,0,0
0,0,0,0,0,0
0,0,0,0,0,0
0,0,0,0,0,0
0,0,0,0,0,0
0,0,0,0,0,0
0,0,0,0,0,0
0,0,0,0,0,0
0,0,0,0,0,0
0,0,0,0,0,0
0,0,0,0,0,0
0,0,0,0,0,0
0,0,0,0,0,0
0,0,0,0,0,0
0,0,0,0,0,0
0,0,0,0,0,0
0,0,0,0,0,0
0,0,0,0,0,0
0,0,0,0,0,0
0,0,0,0,0,0
0,0,0,0,0,0
0,0,0,0,0,0
0,0,0,0,0,0
0,0,0,0,0,0
0,0,0,0,0,0
0,0,0,0,0,0
0,0,0,0,0,0
0,0,0,0,0,0
0,0,0,0,0,0
0,0,0,0,0,0
0,0,0,0,0,0
0,0,0,0,0,0
0,0,0,0,0,0
0,0,0,0,0,0
0,0,0,0,0,0
0,0,0,0,0,0
0,0,0,0,0,0
0,0,0,0,0,0
0,0,0,0,0,0
0,0,0,0,0,0
0,0,0,0,0,0
0,0,0,0,0,0
0,0,0,0,0,0
0,0,0,0,0,0
0,0,0,0,0,0
0,0,0,0,0,0
0,0,0,0,0,0
0,0,0,0,0,0
0,0,0,0,0,0
0,0,0,0,0,0
0,0,0,0,0,0
0,0,0,0,0,0
0,0,0,0,0,0
0,0,0,0,0,0
0,0,0,0,0,0
0,0,0,0,0,0
0,0,0,0,0,0
0,0,0,0,0,0
0,0,0,0,0,0
0,0,0,0,0,0
0,0,0,0,0,0
0,0,0,0,0,0
0,0,0,0,0,0
0,0,0,0,0,0
0,0,0,0,0,0
0,0,0,0,0,0
0,0,0,0,0,0
0,0,0,0,0,0
0,0,0,0,0,0
0,0,0,0,0,0
0,0,0,0,0,0
0,0,0,0,0,0
0,0,0,0,0,0
0,0,0,0,0,0
0,0,0,0,0,0
0,0,0,0,0,0
0,0,0,0,0,0
0,0,0,0,0,0
0,0,0,0,0,0
0,0,0,0,0,0
0,0,0,0,0,0
0,0,0,0,0,0
0,0,0,0,0,0
0,0,0,0,0,0
0,0,0,0,0,0
0,0,0,0,0,0
0,0,0,0,0,0
0,0,0,0,0,0
0,0,0,0,0,0
0,0,0,0,0,0
0,0,0,0,0,0
0,0,0,0,0,0
0,0,0,0,0,0
0,0,0,0,0,0
0,0,0,0,0,0
0,0,0,0,0,0
0,0,0,0,0,0
0,0,0,0,0,0
0,0,0,0,0,0
0,0,0,0,0,0
0,0,0,0,0,0
0,0,0,0,0,0
0,0,0,0,0,0
0,0,0,0,0,0
0,0,0,0,0,0
0,0,0,0,0,0
0,0,0,0,0,0
0,0,0,0,0,0
0,0,0,0,0,0
0,0,0,0,0,0
0,0,0,0,0,0
0,0,0,0,0,0
0,0,0,0,0,0
0,0,0,0,0,0
0,0,0,0,0,0
0,0,0,0,0,0
0,0,0,0,0,0
0,0,0,0,0,0
0,0,0,0,0,0
0,0,0,0,0,0
0,0,0,0,0,0
0,0,0,0,0,0
0,0,0,0,0,0
0,0,0,0,0,0
0,0,0,0,0,0
0,0,0,0,0,0
0,0,0,0,0,0
0,0,0,0,0,0
0,0,0,0,0,0
0,0,0,0,0,0
0,0,0,0,0,0
0,0,0,0,0,0
0,0,0,0,0,0
0,0,0,0,0,0
0,0,0,0,0,0
0,0,0,0,0,0
0,0,0,0,0,0
0,0,0,0,0,0
0,0,0,0,0,0
0,0,0,0,0,0
0,0,0,0,0,0
0,0,0,0,0,0
0,0,0,0,0,0
0,0,0,0,0,0
0,0,0,0,0,0
0,0,0,0,0,0
0,0,0,0,0,0
0,0,0,0,0,0
0,0,0,0,0,0
0,0,0,0,0,0
0,0,0,0,0,0
0,0,0,0,0,0
0,0,0,0,0,0
0,0,0,0,0,0
0,0,0,0,0,0
0,0,0,0,0,0
0,0,0,0,0,0
0,0,0,0,0,0
0,0,0,0,0,0
0,0,0,0,0,0
0,0,0,0,0,0
0,0,0,0,0,0
0,0,0,0,0,0
0,0,0,0,0,0
0,0,0,0,0,0
0,0,0,0,0,0
0,0,0,0,0,0
0,0,0,0,0,0
0,0,0,0,0,0
0,0,0,0,0,0
0,0,0,0,0,0
0,0,0,0,0,0
0,0,0,0,0,0
0,0,0,0,0,0
0,0,0,0,0,0
0,0,0,0,0,0
0,0,0,0,0,0
0,0,0,0,0,0
0,0,0,0,0,0
0,0,0,0,0,0
0,0,0,0,0,0
0,0,0,0,0,0
0,0,0,0,0,0
0,0,0,0,0,0
0,0,0,0,0,0
0,0,0,0,0,0
0,0,0,0,0,0
0,0,0,0,0,0
0,0,0,0,0,0
0,0,0,0,0,0
0,0,0,0,0,0
0,0,0,0,0,0
0,0,0,0,0,0
0,0,0,0,0,0
0,0,0,0,0,0
0,0,0,0,0,0
0,0,0,0,0,0
0,0,0,0,0,0
0,0,0,0,0,0
0,0,0,0,0,0
0,0,0,0,0,0
0,0,0,0,0,0
0,0,0,0,0,0
0,0,0,0,0,0
0,0,0,0,0,0
0,0,0,0,0,0
0,0,0,0,0,0
0,0,0,0,0,0
0,0,0,0,0,0
0,0,0,0,0,0
0,0,0,0,0,0
0,0,0,0,0,0
0,0,0,0,0,0
0,0,0,0,0,0
0,0,0,0,0,0
0,0,0,0,0,0
0,0,0,0,0,0
0,0,0,0,0,0
0,0,0,0,0,0
0,0,0,0,0,0
0,0,0,0,0,0
0,0,0,0,0,0
0,0,0,0,0,0
0,0,0,0,0,0
0,0,0,0,0,0
0,0,0,0,0,0
0,0,0,0,0,0
0,0,0,0,0,0
0,0,0,0,0,0
0,0,0,0,0,0
0,0,0,0,0,0
0,0,0,0,0,0
0,0,0,0,0,0
0,0,0,0,0,0
0,0,0,0,0,0
0,0,0,0,0,0
0,0,0,0,0,0
0,0,0,0,0,0
0,0,0,0,0,0
0,0,0,0,0,0
0,0,0,0,0,0
0,0,0,0,0,0
0,0,0,0,0,0
0,0,0,0,0,0
0,0,0,0,0,0
0,0,0,0,0,0
0,0,0,0,0,0
0,0,0,0,0,0
0,0,0,0,0,0
0,0,0,0,0,0
0,0,0,0,0,0
0,0,0,0,0,0
0,0,0,0,0,0
0,0,0,0,0,0
0,0,0,0,0,0
0,0,0,0,0,0
0,0,0,0,0,0
0,0,0,0,0,0
0,0,0,0,0,0
0,0,0,0,0,0
0,0,0,0,0,0
0,0,0,0,0,0
0,0,0,0,0,0
0,0,0,0,0,0
0,0,0,0,0,0
0,0,0,0,0,0
0,0,0,0,0,0
0,0,0,0,0,0
0,0,0,0,0,0
0,0,0,0,0,0
0,0,0,0,0,0
0,0,0,0,0,0
0,0,0,0,0,0
0,0,0,0,0,0
0,0,0,0,0,0
0,0,0,0,0,0
0,0,0,0,0,0
0,0,0,0,0,0
0,0,0,0,0,0
0,0,0,0,0,0
0,0,0,0,0,0
0,0,0,0,0,0
0,0,0,0,0,0
0,0,0,0,0,0
0,0,0,0,0,0
0,0,0,0,0,0
0,0,0,0,0,0
0,0,0,0,0,0
0,0,0,0,0,0
0,0,0,0,0,0
0,0,0,0,0,0
0,0,0,0,0,0
0,0,0,0,0,0
0,0,0,0,0,0
0,0,0,0,0,0
0,0,0,0,0,0
0,0,0,0,0,0
0,0,0,0,0,0
0,0,0,0,0,0
0,0,0,0,0,0
0,0,0,0,0,0
0,0,0,0,0,0
0,0,0,0,0,0
0,0,0,0,0,0
0,0,0,0,0,0
0,0,0,0,0,0
0,0,0,0,0,0
0,0,0,0,0,0
0,0,0,0,0,0
0,0,0,0,0,0
0,0,0,0,0,0
0,0,0,0,0,0
0,0,0,0,0,0
0,0,0,0,0,0
0,0,0,0,0,0
0,0,0,0,0,0
0,0,0,0,0,0
0,0,0,0,0,0
0,0,0,0,0,0
0,0,0,0,0,0
0,0,0,0,0,0
0,0,0,0,0,0
0,0,0,0,0,0
0,0,0,0,0,0
0,0,0,0,0,0
0,0,0,0,0,0
0,0,0,0,0,0
0,0,0,0,0,0
0,0,0,0,0,0
0,0,0,0,0,0
0,0,0,0,0,0
0,0,0,0,0,0
0,0,0,0,0,0
0,0,0,0,0,0
0,0,0,0,0,0
0,0,0,0,0,0
0,0,0,0,0,0
0,0,0,0,0,0
0,0,0,0,0,0
0,0,0,0,0,0
0,0,0,0,0,0
0,0,0,0,0,0
0,0,0,0,0,0
0,0,0,0,0,0
0,0,0,0,0,0
0,0,0,0,0,0
0,0,0,0,0,0
0,0,0,0,0,0
0,0,0,0,0,0
0,0,0,0,0,0
0,0,0,0,0,0
0,0,0,0,0,0
0,0,0,0,0,0
0,0,0,0,0,0
0,0,0,0,0,0
0,0,0,0,0,0
0,0,0,0,0,0
0,0,0,0,0,0
0,0,0,0,0,0
0,0,0,0,0,0
0,0,0,0,0,0
0,0,0,0,0,0
0,0,0,0,0,0
0,0,0,0,0,0
0,0,0,0,0,0
0,0,0,0,0,0
0,0,0,0,0,0
0,0,0,0,0,0
0,0,0,0,0,0
0,0,0,0,0,0
0,0,0,0,0,0
0,0,0,0,0,0
0,0,0,0,0,0
0,0,0,0,0,0
0,0,0,0,0,0
0,0,0,0,0,0
0,0,0,0,0,0
0,0,0,0,0,0
0,0,0,0,0,0
0,0,0,0,0,0
0,0,0,0,0,0
0,0,0,0,0,0
0,0,0,0,0,0
0,0,0,0,0,0
0,0,0,0,0,0
0,0,0,0,0,0
0,0,0,0,0,0
0,0,0,0,0,0
0,0,0,0,0,0
0,0,0,0,0,0
0,0,0,0,0,0
0,0,0,0,0,0
0,0,0,0,0,0
0,0,0,0,0,0
0,0,0,0,0,0
0,0,0,0,0,0
0,0,0,0,0,0
0,0,0,0,0,0
0,0,0,0,0,0
0,0,0,0,0,0
0,0,0,0,0,0
0,0,0,0,0,0
0,0,0,0,0,0
0,0,0,0,0,0
0,0,0,0,0,0
0,0,0,0,0,0
0,0,0,0,0,0
0,0,0,0,0,0
0,0,0,0,0,0
0,0,0,0,0,0
0,0,0,0,0,0
0,0,0,0,0,0
0,0,0,0,0,0
0,0,0,0,0,0
0,0,0,0,0,0
0,0,0,0,0,0
0,0,0,0,0,0
0,0,0,0,0,0
