0,0,0,0,0,0
0,0,0,0,0,0
0,0,0,0,0,0
0,0,0,0,0,0
0,0,0,0,0,0
0,0,0,0,0,0
0,0,0,0,0,0
0,0,0,0,0,0
0,0,0,0,0,0
0,0,0,0,0,0
0,0,0,0,0,0
0,0,0,0,0,0
0,0,0,0,0,0
0,0,0,0,0,0
0,0,0,0,0,0
0,0,0,0,0,0
0,0,0,0,0,0
0,0,0,0,0,0
0,0,0,0,0,0
0,0,0,0,0,0
0,0,0,0,0,0
0,0,0,0,0,0
0,0,0,0,0,0
0,0,0,0,0,0
0,0,0,0,0,0
0,0,0,0,0,0
0,0,0,0,0,0
0,0,0,0,0,0
0,0,0,0,0,0
0,0,0,0,0,0
0,0,0,0,0,0
0,0,0,0,0,0
0,0,0,0,0,0
0,0,0,0,0,0
0,0,0,0,0,0
0,0,0,0,0,0
0,0,0,0,0,0
0,0,0,0,0,0
0,0,0,0,0,0
0,0,0,0,0,0
0,0,0,0,0,0
0.0,0.0,0.022170541243374902,0.0,0.0,0.0
0.0,0.0,0.062410691326839254,0.0,0.0,0.0
0.0,0.0,0.17234402940085766,0.0,0.0,0.0
0.0,0.0,0.15888975688107274,0.0,0.0,0.0
0.0,0.0,0.16183848643473117,0.0,0.0,0.0
0.0,0.0,0.25457426334547195,0.0,0.0,0.0
0.0,0.0,0.3579473463865919,0.0,0.0,0.0
0.0,0.0,0.49669280077800115,0.0,0.0,0.0
0.0,0.0,0.5995635595718801,0.0,0.0,0.0
0.0,0.0,0.632719932999788,0.0,0.0,0.0
0.0,0.0,0.5531221116949063,0.0,0.0,0.0
0.0,0.0,0.6849692594161294,0.0,0.0,0.0
0.0,0.0,0.7898771827002149,0.0,0.0,0.0
0.002185269161950749,0.0,0.7720941085912041,0.0,0.0,0.0
0.0,0.0,0.7452555708416602,0.0,0.0,0.0
0.0,0.0,0.6856802030132074,0.0,0.0,0.0
0.0,0.0,0.8495458192055443,0.0,0.0,0.0
0.0,0.0,0.8955615696149126,0.0,0.0,0.0
0.0,0.0,0.9789267872671582,0.0,0.0,0.0
0.0,0.0,0.9521795138864111,0.0,0.0,0.0
0.0,0.0,1.0126160138244993,0.0,0.0,0.0
0.0,0.0,1.0717406287192146,0.0,0.0,0.0
0.0,0.0,1.161521381491977,0.0,0.0,0.0
0.0,0.0,1.2468886661945477,0.0,0.0,0.0
0.0,0.0,1.358876363114406,0.0,0.0,0.0
0.0,0.0,1.3834739361499628,0.0,0.0,0.0
0.0,0.0,1.488604871978251,0.0,0.0,0.0
0.0,0.0,1.3673058797286002,0.0,0.0,0.0
0.0,0.0,1.6698922198464143,0.0,0.0,0.0
0.0,0.0,1.6373067531033363,0.0,0.0,0.0
0.0,0.0,1.6266015075674567,0.0,0.0,0.0
0.0,0.0,1.7171728810846023,0.0,0.0,0.0
0.0,0.0,1.9137505798721857,0.0,0.0,0.0
0.0,0.0,1.839736457662116,0.0,0.0,0.0
0.0,0.0,2.042362367975865,0.0,0.0,0.0
0.0,0.0,2.209790978003801,0.0,0.0,0.0
0.0,0.0,2.3993045817865273,0.0,0.0,0.0
0.0,0.0,2.4254611529919936,0.0,0.0,0.0
0.0,0.0,2.4467287945362197,0.0,0.0,0.0
0.0,0.0,2.49755198495875,0.0,0.0,0.0
0.0,0.0,2.8181345104830444,0.0,0.0,0.0
0.0,0.0,2.866852597993554,0.0,0.0,0.0
0.0,0.0,3.050609091508394,0.0,0.0,0.0
0.0,0.0,3.1840008366653985,0.0,0.0,0.0
0.0,0.0,3.4212803895488832,0.0,0.0,0.0
0.0,0.0,3.5291829785902102,0.0,0.0,0.0
0.0,0.0,3.555458246050145,0.0,0.0,0.0
0.0,0.0,3.772103346491085,0.0,0.0,0.0
0.0,0.0,3.832583552972822,0.0,0.0,0.0
0.0,0.0,3.8894416875548794,0.0,0.0,0.0
0.0,0.0,4.143609572758711,0.0,0.0,-0.00020359964313247268
0.0,0.0,4.23832732257931,0.0,0.0,0.0
0.0,0.0,4.504604333232189,0.0,0.0,0.0
0.0,0.0,4.749643809949635,-0.0004452303472163001,0.0,0.0
0.0,0.0,4.8874813568908415,-0.0005622510250179614,0.0,0.0
0.0,0.0,5.052469261561349,-0.0028223888742019386,0.0,0.0
0.0,0.0,5.148439701232967,-0.0029980643420583586,0.0,0.0
0.0,0.0,5.296600670666764,-0.0043734694242542295,0.0,0.0
0.0,0.0,5.4148137082021695,-0.007269979841135585,0.0,0.0
0.0,0.0,5.45932590491944,-0.004566917569072999,0.0,0.0
0.0,0.0,5.648155021060007,-0.0041065674873114345,0.0,0.0
0.0,0.0,5.627336500123805,-0.0062223637233644455,0.0,0.0
0.0,0.0,5.89267190530994,-0.0019763225646550527,0.0,0.0
0.0,0.0,5.845003826744322,-0.0019292819861881608,0.0,0.0
0.0,0.0,6.080898400178804,-0.0031172347737331786,0.0,0.0
0.0,0.0,6.169893124529644,-0.0015602721765450775,0.0,0.0
0.0,0.0,6.151258683645283,-0.009153994117032318,0.0,0.0
0.0,0.0,6.391074588905656,-0.006904742242314051,0.0,0.0
0.0,0.0,6.653300725021836,-0.0074898548228825215,0.0,0.0
0.0,0.0,6.688563316982611,-0.005097763958663195,0.0,0.0
0.0,0.0,6.815333140688009,-0.011865197320675494,0.0,0.0
0.0,0.0,6.749190923875981,-0.012052279942956538,0.0,0.0
0.0,0.0,6.904196410742442,-0.016472695655283254,0.0,0.0
0.0,0.0,7.02986876795286,-0.018236287247107245,0.0,0.0
0.0,0.0,6.944973721258698,-0.016396966969455484,0.0,0.0
0.0,0.0,7.092052464022127,-0.021798949558791293,0.0006220784735309632,-0.00025824072943532515
0.0,0.0,7.22030420197113,-0.022560478172611337,0.00047398073578650566,0.0
0.0,0.0,7.071730946546715,-0.024849111224512197,0.0032356645131409968,0.0
0.0,0.0,7.180902892267883,-0.029007408200801416,0.00046124778332542885,0.0
0.0,0.0,7.204703586963501,-0.01807617795207338,0.0008777461425925638,0.0
0.0,0.0,7.048912378422457,-0.009642405793520504,0.0,0.0
0.0,0.0,7.278599303473925,-0.012490470498063358,0.0,0.0
0.0,0.0,7.069467249486328,-0.00982068158822643,0.0,0.0
0.0,0.0,6.968754404111067,-0.010740452936995179,0.0,0.0
0.0,0.0,7.111475354488965,-0.011631179562217082,0.0,0.0
0.0,0.0,7.186324109888737,-0.015652141062562373,0.0030939695618446513,0.0
0.0,0.0,7.435140200699247,-0.019502707182264607,1.0736442646008996e-05,0.0
0.0,0.0,7.79532511331505,-0.014379479277519175,0.007244493229987212,0.0
0.0,0.0,7.861977876460079,-0.027319986790073046,0.011225499993287525,0.0
0.0,0.0,7.935559781820825,-0.03071451142957719,0.013757511202161657,0.0
0.0,0.0,8.204698895601112,-0.033657115510552296,0.014287732995726901,-0.001529995662738101
0.0,0.0,8.299251205308781,-0.028484711051647172,0.006764579788256971,-0.0007272197446743728
0.0,0.0,8.282370675018917,-0.027255031450572065,0.0060068529661525885,-0.0007195943558286971
0.0,0.0,8.372239275737298,-0.021608077629016585,0.002601853348087063,-0.0005256453469488478
0.0,0.0,8.529529820130971,-0.025283724344971913,0.0011918357071138241,-0.0011668239052965036
0.0,0.0,8.502970177341972,-0.023816004853263677,0.009193110353978415,-0.0022779749521227425
0.0,0.0,8.262369882717739,-0.027351377853727377,0.009752652123588324,-0.00019110999534397037
0.0,0.0,8.398969532425031,-0.020605688158243284,0.005303921820008413,-0.0016091875516198381
0.0,0.0,8.727202055037178,-0.01731170297481912,0.006588540848691237,-0.0003074244491112907
0.0,0.0,8.790570505436401,-0.021333005030116547,0.0076415831970536915,-0.0012752904005060932
0.0,0.0,8.62785400102489,-0.03669503315558322,0.012530516866113109,-0.004192860343163129
0.0,0.0,8.837434716956958,-0.03424410634635273,0.015478701227891311,-0.003039359175789979
0.0,0.0,8.931888808357487,-0.028896612730648353,0.012198175052423887,-0.002807681574065936
0.0,0.0,8.912774224447793,-0.02008573414968055,0.004738626135951612,-0.004161772801048525
0.0,0.0,8.914871499239137,-0.013729199234692785,0.0,-0.005403085467267423
0.0,0.0,8.699749682990472,-0.01467566360757483,0.0,-0.0037760655432577768
0.0,0.0,8.92792829282739,-0.018533309549187377,0.0031823220852723023,-0.006038285824126874
0.0,0.0,9.192810949815044,-0.028968481085799587,0.010087619055099029,-0.008288990395525267
0.0,0.0,8.904503917527885,-0.03645287773338846,0.019729558962875208,-0.010005811625614076
0.0,0.0,8.775010118533375,-0.03845331314964239,0.017365520848745503,-0.011957414281507858
0.0,0.0,8.809507327641601,-0.04210158983578717,0.013097919942389877,-0.014362401958324203
0.0,0.0,8.856901460240518,-0.03365378148937954,0.013638054412686455,-0.012248062626688403
0.0,0.0,8.699304418317105,-0.023161301973893093,0.0040378568097081905,-0.013880709725646218
0.0,0.0,8.675945812661503,-0.004016935238876093,0.0,-0.009867944769065657
0.0,0.0,8.906229429164675,0.0,0.0,-0.01066781861307103
0.0,0.0,8.795092293756662,0.0,0.0,-0.009272633260164673
0.0,0.0,8.79054163644882,-0.00538848761789538,0.0,-0.0086342926461258
0.0,0.0,8.591833217149105,-0.014036121771134594,0.011576459394638893,-0.008627335747958273
0.0,0.0,8.607028485768776,-0.01762394409168258,0.016624302882261043,-0.008510231699873399
0.0,0.0,8.718346999909517,-0.021495839750886217,0.015554335087559584,-0.011092472301676374
0.0,0.0,8.6349592232838,-0.010038740819964795,0.007041803710548402,-0.007227548269889481
0.0,0.0,8.602123402535348,-0.000706197662177057,0.0,-0.006879716370919725
0.0,0.0,8.443133595484301,0.0,0.0,-0.006051805555047879
0.0,0.0,8.571204929257766,0.0,0.0,-0.006290086916286297
0.0,0.0,8.685455503101041,0.0,0.0,-0.006517629405775285
0.0,0.0,8.7447101164252,0.0,0.0,-0.010600154236640147
0.0,0.0,8.668879990823715,-0.009073305180076105,0.011395267907446707,-0.010005223808924144
0.0,0.0,8.666631135630848,-0.021580937212787435,0.01768853622988193,-0.014591172913340783
0.0,0.0,8.608680099885456,-0.015686615355423365,0.016463682314854466,-0.012252815782200211
0.0,0.0,8.83835621868892,0.0,0.0,-0.015079524844573288
0.0,0.0,8.957094781736185,0.0,0.0,-0.01327371888688201
0.0,0.0,8.993225644437336,0.0,0.0,-0.016901654279068395
0.0,0.0,8.70488654927382,0.0,0.0,-0.01503455002546992
0.0,0.0,8.681053574990202,-0.002838923792433753,0.0,-0.014855118813002274
0.0,0.0,8.628131633403926,-0.014113476621789495,0.0028809602205451847,-0.015651201862168673
0.0,0.0,8.826304016586835,-0.018191415816049925,0.008728436275972739,-0.020445972780302284
0.0,0.0,8.836804780777715,-0.01051249645550235,0.004888520185845359,-0.015040635373234534
0.0,0.0,8.7810650303549,-0.004577433471375186,0.0,-0.016164514525612822
0.0,0.0,8.691647698599997,0.0,0.0,-0.014196910207778047
0.0,0.0,8.89185391102271,0.0,0.0,-0.015734170392050013
0.0,0.0,9.386371038128758,0.0,0.0,-0.015371602225490315
0.0,0.0,8.850558810746904,0.0,0.0,-0.011728077913054007
0.0,0.0,8.751425318093109,-0.0026709098594763594,0.0,-0.013362658934603627
0.0,0.0,9.098490896734898,0.0,0.0,-0.008372676457387478
0.0,0.0,9.034704236444057,-0.0015977493661526276,0.0,-0.008303421556734029
0.0,0.0,9.005601946641864,0.0,0.0,-0.0043675436012111145
0.0,0.0,8.496886178748188,-0.007055715222895803,0.0,-0.0036379296981979823
0.0,0.0,8.316424490585398,-0.0006588191384623246,0.0,0.0
0.0,0.0,8.497479844617889,0.0,0.0,0.0
0.0,0.0,8.31102718013842,0.0,0.0,0.0
0.0,0.0,7.9511931463609,-0.0017299606892597769,0.0,0.0
0.0,0.0,7.948317542412174,-0.004850173685577877,0.0,0.0
0.0,0.0,7.860890536396473,-0.011850344600462314,0.0,0.0
0.0,0.0,7.9723305940798666,-0.005557547966956368,0.0,0.0
0.0,0.0,7.936258036829349,0.0,0.0,0.0
0.0,0.0,8.030423037782509,0.0,0.0,0.0
0.0,0.0,7.711683885231527,0.0,0.0,0.0
0.0,0.0,7.734970226010288,0.0,0.0,0.0
0.0,0.0,7.80642849563349,0.0,0.0,0.0
0.0,0.0,7.728899073060333,0.0,0.0,0.0
0.0,0.0,8.177894929865435,0.0,0.0,0.0
0.0,0.0,8.297444509838636,0.0,0.0,0.0
0.0,0.0,7.94213929772918,0.0,0.0,0.0
0.0,0.0,7.840426212306158,0.0,0.0,0.0
0.0,0.0,8.21872439983264,0.0,0.0,0.0
0.0,0.0,8.426192662015739,0.0,0.0,0.0
0.0,0.0,8.073255819402181,0.0,0.0,0.0
0.0,0.0,7.885636180065481,0.0,0.0,0.0
0.0,0.0,7.962764446916381,0.0,0.0,0.0
0.0,0.0,8.395396104906567,0.0,0.0,0.0
0.0,0.0,8.45179020151625,0.0,0.0,0.0
0.0,0.0,8.168745574507767,0.0,0.0,0.0
0.0,0.0,8.13593131567067,0.0,0.0,0.0
0.0,0.0,8.241093397302583,0.0,0.0,0.0
0.0,0.0,8.3562154158594,0.0,0.0,0.0
0.0,0.0,7.800135277790375,0.0,0.0,0.0
0.0,0.0,7.543291967620685,0.0,0.0,0.0
0.0,0.0,7.90838727382102,0.0,0.0,0.0
0.0,0.0,8.007732710594048,0.0,0.0,0.0
0.0,0.0,7.800074247185769,0.0,0.0,0.0
0.0,0.0,7.376073607545017,0.0,0.0,0.0
0.0,0.0,7.626099752115041,0.0,0.0,0.0
0.0,0.0,7.640233395346256,0.0,0.0,0.0
0.0,0.0,7.350586012782161,0.0,0.0,0.0
0.0,0.0,7.184833031090845,0.0,0.0,0.0
0.0,0.0,7.101092522090231,0.0,0.0,0.0
0.0,0.0,7.17384334335959,0.0,0.0,0.0
0.0,0.043309900951932455,7.621877349944131,0.0,0.0,0.0
0.0,0.0,7.540535331561392,0.0,0.0,0.0
0.0,0.0,7.669297597319686,0.0,0.0,0.0
0.0,0.0,7.677243564715245,0.0,0.0,0.0
0.0,0.0,7.917420578034381,0.0,0.0,0.0
0.0,0.0,8.152068057262317,0.0,0.0,0.0
0.0,0.0,7.973111851898084,0.0,0.0,0.0
0.0,0.0,7.967692524132057,0.0,0.0,0.0
0.0,0.0,8.37423659246191,0.0,0.0,0.0
0.0,0.0,8.226031242371484,0.0,0.0,0.0
0.0,0.0,7.729719441219842,-0.005654638818318416,0.0,0.0
0.0,0.0,7.108672956116637,-0.005546395191438446,0.0,0.0
0.0,0.0,8.003266200475526,0.0,0.0,0.0
0.0,0.0,8.126076541881185,0.0,0.0,0.0
0.0,0.0,7.271665776731361,0.0,0.0,0.0
0.0,0.0,7.013935028747191,0.0,0.0,0.0
0.0,0.0,7.701516690888768,0.0,0.0,0.0
0.0,0.0,7.693242778939111,0.0,0.0,0.0
0.0,0.0,6.795062965626281,-0.0006430050228336042,0.0,0.0
0.0,0.0,6.746097795480274,0.0,0.0,0.0
0.0,0.0,7.7140352518347655,0.0,0.0,0.0
0.0,0.0,8.036523795508655,0.0,0.0,0.0
0.0,0.0,7.151729165264449,0.0,0.0,0.0
0.0,0.0,7.256649578280987,0.0,0.0,0.0
0.0,0.0,7.885782087590302,0.0,0.0,0.0
0.0,0.0,7.662604158620494,-0.010288779046410504,0.0,0.0
0.0,0.0,6.98919578035728,-0.008079807883264874,0.0,0.0
0.0,0.0,7.1535693518392,0.0,0.0,0.0
0.0,0.0,7.556861725883044,0.0,0.0,0.0
0.0,0.0,7.264054275806222,0.0,0.0,0.0
0.0,0.0,7.140721792621657,0.0,0.0,0.0
0.0,0.0,6.683919802636872,0.0,0.0,0.0
0.0,0.0,7.1026103327192045,0.0,0.0,0.0
0.0,0.0,6.980938804343813,0.0,0.0,-0.0017820592883695786
0.0,0.0,6.805944027254229,0.0,0.0,0.0
0.0,0.0,6.726813550056976,0.0,0.0,-0.0010373725205265675
0.0,0.0,7.4633283691664065,0.0,0.0,0.0
0.0,0.0,7.412223252995121,0.0,0.0,0.0
0.0,0.0,7.3897630826312595,0.0,0.0,-0.001243626270554234
0.0,0.0,7.432484089776642,-0.0029363019561729105,0.0,-0.0038299092087783594
0.0,0.0,7.702472151796454,-0.01137537526689053,0.0020540164829593688,-0.0016066909607031937
0.0,0.0,7.844057253723283,-0.008105644787051202,0.0,-0.0001280425626449747
0.0,0.0,7.945408637103766,0.0,0.0,-0.0058100374828423985
0.0,0.0,7.439878386869078,-0.005085815300179437,0.0,0.0
0.0,0.0,7.405228111855129,0.0,0.0,-0.002083525212254527
0.0,0.0,7.447109235734655,0.0,0.0,0.0
0.0,0.0,7.435736127311991,0.0,0.0,0.0
0.0,0.0,7.346865104725846,-0.000333927823621548,0.0027577619506557044,-2.094813356470323e-05
0.0,0.0,7.2952748529526135,-0.0024070294662998024,0.0,0.0
0.0,0.0,7.700501105365933,-0.002706906536485916,0.0,-0.000673826995024856
0.0,0.0,7.557282215309466,-0.004868802590258435,0.0,0.0
0.0,0.0,7.250614770939265,-0.0057196745449492456,0.0,0.0
0.0,0.0,7.611931496954296,0.0,0.0,0.0
0.0,0.0,7.723815704333857,-0.006806743032594255,0.0,-0.0014242718604352595
0.0,0.0,7.110237833291164,-0.018330014242763096,0.009843781206362246,-0.0016247223945884156
0.0,0.0,7.3294309258007315,-0.01814869024597018,0.0025753616412714556,-0.0002515969989329373
0.0,0.0,8.020923190491127,-0.011526722836716114,0.0009686490861721519,-0.0011029340766414747
0.0,0.0,7.6088478869672045,-0.018497059023280547,0.0028295942871747366,0.0
0.0,0.0,7.3316810293844625,-0.011567449694892144,0.0,0.0
0.0,0.0,8.094048336328934,0.0,0.0,0.0
0.0,0.0,8.093345228483543,0.0,0.0,0.0
0.0,0.0,7.6831131429923945,0.0,0.0,0.0
0.0,0.0,8.052262797659306,0.0,0.0,0.0
0.0,0.0,7.78141327818747,-0.008045245707067394,0.00034449022478915,0.0
0.0,0.0,8.135527643336676,-0.009257468820232945,0.006362034353488072,0.0
0.0,0.0,7.756759292659531,-0.014668111252823754,0.005060826967822615,0.0
0.0,0.0,7.560642335818801,-0.020028052342578734,0.009333006402516945,0.0
0.0,0.0,8.106265955515688,-0.007991448866018405,0.0038894864540723897,0.0
0.0,0.0,8.227951450581884,-0.016949795942606732,0.010190968913353656,0.0
0.0,0.0,7.69051458815751,-0.022525090890800428,0.0052114502203691754,0.0
0.0,0.0,7.323459123862094,-0.015392092451693182,0.0016743653008848725,0.0
0.0,0.0,7.81459520423424,-0.005988024485748776,0.0,0.0
0.0,0.0,7.527323864610436,-0.00400814137399551,0.0,0.0
0.0,0.0,7.508208637835336,-0.009421868891492094,0.0019426770244019593,0.0
0.0,0.0,7.011132164149716,-0.03157959019839695,0.019490304865002476,0.0
0.0,0.0,6.74915099279968,-0.041123470849090585,0.035434337696341835,0.0
0.0,0.0,6.661703043720666,-0.012573792969150394,0.016239128370617795,0.0
0.0,0.0,7.049773478884946,-0.0022998256740846294,0.016186755034252234,0.0
0.0,0.0,6.985344633101777,-0.0028588726013933094,0.006990637196428365,0.0
0.0,0.0,6.740673241952413,-0.011280713419756802,0.007079722326073743,0.0
0.0,0.0,6.948223783007857,-0.01298395178382277,0.0076534519469891645,0.0
0.0,0.0,7.201360381066557,-0.02249640339460747,0.02124382373374394,0.0
0.0,0.0,7.2346551387459,-0.02357330706973356,0.006990165051811266,0.0
0.0,0.0,7.031406900716805,-0.03782035538663305,0.01822700466561143,0.0
0.0,0.0,7.081869689740183,-0.04944181092514297,0.020316283156239817,0.0
0.0,0.0,7.469340054218833,-0.035444864966525956,0.017438236834283753,0.0
0.0,0.0,7.724951976713004,-0.02427137496696,0.026773491816147788,0.0
0.0,0.0,7.482322158183938,-0.04097874440328305,0.034705495170656006,0.0
0.0,0.0,7.243347064194603,-0.03421852111242431,0.02361342185561554,0.0
0.0,0.0,7.7341737175056595,-0.01568936430664704,0.012350700889477309,0.0
0.0,0.0,7.664578652190277,-0.008664024626449222,0.010976402637589129,0.0
0.0,0.0,7.876670385692348,-0.006866988331012338,0.005048006940473002,0.0
0.0,0.0,7.686646061319065,-0.02117857709625272,0.010713232948920364,0.0
0.0,0.0,7.839757122403901,-0.026446220593836545,0.02141769288754019,0.0
0.0,0.0,8.741352384368776,-0.038432738837084944,0.03185582166777459,0.0
-0.028477113041178947,0.0,8.152324488268848,-0.052944243549955215,0.03466927514858054,0.0
-0.024226770904889984,0.0,7.895217642611715,-0.06489089832581427,0.039078266484967525,0.0
0.0,0.0,8.039969808668491,-0.061551191864643875,0.04143638634108446,0.0
0.0,0.0,7.988128001088214,-0.04856419280212805,0.02698879473065923,0.0
0.0,0.0,7.363679604944579,-0.04995451285733428,0.02845431480473807,0.0
0.0,0.0,7.57255234867618,-0.02784163467390713,0.00894247877018972,0.0
0.0,0.0,7.644742635967345,-0.011774868124722608,0.00434766289673006,0.0
0.0,0.0,7.660259155885484,-0.005383233367083575,0.0,0.0
0.0,0.0,6.8110238157881,-0.028274994286672194,0.02167864700538233,0.0
0.0,0.0,6.8110238157881,-0.028274994286672194,0.02167864700538233,0.0
0.0,0.0,6.844332684167722,-0.03731658371827361,0.02140658943524764,0.0
0.0,0.0,7.107867009775904,-0.04878067749753233,0.04337515825999573,0.0
0.0,0.0,7.061880448111674,-0.04973434819515289,0.035426185482435896,0.0
0.0,0.0,7.336374266425589,-0.032228648363379866,0.019670847292838647,0.0
0.0,0.0,7.6978969747744825,-0.023097568585196876,0.02062630008384377,0.0
0.0,0.0,7.831767431889476,-0.011681605112963542,0.011168158991323222,0.0
0.0,0.0,7.831767431889476,-0.011681605112963542,0.011168158991323222,0.0
0.0,0.0,7.789373237520404,-0.033082780803437385,0.024007825101975216,0.0
0.0,0.0,8.012956519195692,-0.03910822417699459,0.02580425867918491,0.0
0.0,0.0,8.591830177602581,-0.03848460323801147,0.027871280129704468,0.0
-0.01713687960412808,0.0,7.950773349832166,-0.06562903722357846,0.04977191654612387,0.0
0.0,0.0,7.846584354798085,-0.06114231665426938,0.0394700861817883,0.0
0.0,0.0,8.406618792029022,-0.049239047453126586,0.0354595270946634,-0.00039381393149927606
0.0,0.0,8.295086687549071,-0.04764117943135975,0.039832506349627636,0.0
0.0,0.0,7.907217865831766,-0.05828245111235096,0.04641799735846201,0.0
-0.014262842144680894,0.0,7.821300834814612,-0.055368082833887534,0.04026841105871215,-0.000996323970212105
0.0,0.0,7.719168515230107,-0.06322347993859466,0.046761789621885055,-0.0019052451233306695
0.0,0.0,7.994489674579516,-0.04700945576389225,0.03497453323625551,-0.0023386102635556587
0.0,0.0,7.532070169881374,-0.05301624846069083,0.033413271732171776,-0.002296082617139201
0.0,0.0,7.006465630610511,-0.0441700125623015,0.03734552559881098,-0.005344690427266782
0.0,0.0,7.477821087510064,-0.029217192197551062,0.033770975216838355,-0.0034739020271507457
0.0,0.0,7.436683136594672,-0.02232143407275276,0.03506573805036415,-0.0052585685976295924
-0.18212363771604215,0.0,6.773493676653447,-0.047049804769495995,0.044989345091291995,-0.01213624069485593
-0.038658031062968265,0.0,6.68154172133813,-0.04581585774774758,0.044915823921870164,-0.0087920397391455
0.0,0.0,6.801492203001514,-0.04626465012694793,0.040902121601059646,-0.011076154333850643
0.0,0.0,6.966244783778682,-0.04260943640043761,0.027513377510442017,-0.008636246917692523
0.0,0.0,7.111707913824317,-0.057203816599824896,0.03673162226294348,-0.013156306776869391
-0.06967337989629428,0.0,6.8477932326186846,-0.07261274141489256,0.05673734809183365,-0.013300375839916384
-0.01245891152646718,0.0,6.61032128161804,-0.07266816933799776,0.05329695222023847,-0.01616201120322316
0.0,0.0,7.381487268357377,-0.04591332112612586,0.04104833537912182,-0.010305001235268185
0.0,0.0,7.221133256896586,-0.04516818770835204,0.04773351908548918,-0.012335470896745079
-0.18146922726828882,0.0,7.0249933234251,-0.05147654837611716,0.053336350351483874,-0.015418740081429776
-0.33730752071183623,0.0,6.996870973446041,-0.057098997013764995,0.05867329547950402,-0.016208309834814316
-0.3496673892577711,0.0,7.37256793457009,-0.05669112851650302,0.06882795964433434,-0.014096943720588178
-0.21200376694301193,0.0,7.802125809665531,-0.04076132776386384,0.054586022439590265,-0.010263340135442934
-0.358983181511764,0.0,7.739239568591509,-0.056759089208839764,0.06516763532011852,-0.016483636663302288
-0.3861049001748781,0.0,7.724054394577799,-0.06419790150545437,0.06340895740182152,-0.013223554785850893
-0.3579271337601882,0.0,7.638357173657319,-0.07034656500797028,0.06572829703179435,-0.014770801222499835
-0.13815861590876916,0.0,8.121646828507822,-0.0538367863986189,0.058519146108240494,-0.011292436134010366
-0.35517960956039285,0.0,7.7585194609573325,-0.06500078761610371,0.07651480226839273,-0.015392687111801445
-0.24729276868553351,0.0,7.767049097655989,-0.07119905876117878,0.06489587773765979,-0.014223865932448496
-0.013001434504806056,0.0,7.686787052293293,-0.056297900420623714,0.056828513614452326,-0.01697929214983613
0.0,0.0,7.864488804702046,-0.04260876648366721,0.047472361025138445,-0.01348913824385407
0.0,0.0,8.191343163892778,-0.01895554419118425,0.03803740197051272,-0.01508401509072855
0.0,0.0,8.119038295586838,-0.030984622054257942,0.045117410979453654,-0.01382368085389166
-0.28181615760873385,0.0,7.431766776338255,-0.06300856172803108,0.06306409819387318,-0.013176189396304688
-0.11242062795683316,0.0,8.062036871734897,-0.05544601824002397,0.07391102495937703,-0.00971921287937335
-0.5848509937156768,0.0,7.97439910175473,-0.07029105253102597,0.08506260618635594,-0.01024071155307917
-0.5392615307053106,0.0,6.989024195533442,-0.09284084894287618,0.09097795843779753,-0.013301723478627004
-0.0963460860056829,0.0,7.2069655200380325,-0.0733453521300165,0.07163838527525017,-0.014791697418199995
0.0,0.0,7.2196468896182155,-0.04127145664433177,0.06121250722648571,-0.011088928716466728
0.0,0.0,6.798877021576312,-0.03125303109202838,0.04038015079541875,-0.0079614233624588
0.0,0.0,6.497019379350611,-0.02413526085225594,0.03697577478636778,-0.009850787648660323
0.0,0.0,6.6534393422455995,-0.0075061379036709145,0.03191437673734084,-0.006415652698239657
0.0,0.0,6.474286256010923,-0.007409235154703079,0.024444578090056165,-0.008848254893111796
0.0,0.0,7.048126389413876,-0.0066980896069523885,0.014624767622574659,-0.008300298352931147
0.0,0.0,6.898376904615803,-0.018645655259809428,0.025853964687785926,-0.006035488395092029
0.0,0.0,6.977211409552145,-0.049382377826851814,0.059831993073644785,-0.005909836578670045
0.0,0.0,6.9019155223412865,-0.0618963462973837,0.05208955110738066,-0.005548768919145971
0.0,0.0,7.2326685607086505,-0.050428966455771364,0.05678519761358538,-0.009928315312648688
0.0,0.0,7.4504132822245195,-0.03705799787449126,0.050158106427274675,-0.007998732548907747
0.0,0.0,7.3186980909429575,-0.03058439305318187,0.04751587743709727,-0.008743818299454486
0.0,0.0,7.407031736621202,-0.020292979854822528,0.035751833206199554,-0.006289334152976281
0.0,0.0,7.864199502691323,-0.018633944663877237,0.03910292866540656,-0.007383507677766523
0.0,0.0,8.078701426936217,-0.027165904371102296,0.037817132142169606,-0.006862210181299957
-0.025825163206965634,0.0,7.618017614757795,-0.060988601101244835,0.0659568112820695,-0.005761293478003365
-0.11192062255518413,0.0,7.623377184849758,-0.09022787188688813,0.07097224326398226,-0.003622421546958997
-0.18130184822336468,0.0,7.360139792601949,-0.09498223703430453,0.07118827535731105,-0.006663447047134699
0.0,0.0,7.566206528722288,-0.07346057212583347,0.05398575820668541,-0.003130784072766236
0.0,0.0,7.740553360703001,-0.06327392805708071,0.05786254485699881,-0.005287133206709335
0.0,0.0,6.980779448339002,-0.0646732599612556,0.05543427017330056,-0.001160455770769868
0.0,0.0,6.922544544065819,-0.03596301792578065,0.048032123382475894,-0.004065201950581766
0.0,0.0,7.242756182106417,-0.0160912755573999,0.04460709754256138,0.0
0.0,0.0,7.258767337488562,-0.006052855506250354,0.030255336612663424,0.0
0.0,0.0,6.771758556492349,-0.03169586099705156,0.06083575059567573,-0.0027140697410180112
-0.33916056219280905,0.0,6.310290333896548,-0.05681894938538262,0.07529224863881857,-0.0011163118647147144
-0.010857645757936917,0.0,6.91195338933432,-0.05218836270325118,0.05972500445384734,-0.0018135906743521127
0.0,0.0,6.65651338470669,-0.05876981817656466,0.06879447633067437,0.0
0.0,0.0,6.2927432262545935,-0.061333608305256915,0.0654766057143606,-0.0011820906541789489
0.0,0.0,6.632370129695898,-0.04233569358791881,0.04617274102973923,-0.0020888217855787048
0.0,0.0,6.644056837926845,-0.038952543059109154,0.046979745624621747,-0.002661578968091719
0.0,0.0,6.682491135059616,-0.027629394755884207,0.04002298800369632,0.0
0.0,0.0,6.429906419540058,-0.02198959435815659,0.04537239905614633,-0.002317558329699041
0.0,0.0,6.498539352708471,-0.0182647071963653,0.034507032595090845,-0.0011678795193346694
0.0,0.0,6.1487821200447526,-0.03017336219216237,0.05591365082266483,-0.0028507116674801464
0.0,0.0,6.528188848938525,-0.02777790594589235,0.05335701063734566,-0.003466046527273592
-0.08351924928205583,0.0,6.709443731592631,-0.03798567263044902,0.05937562013501273,-0.0050000014612526355
0.0,0.0,6.409886635676626,-0.03964839302064237,0.06861866885276136,-0.005021707794418617
0.0,0.0,6.67320194515371,-0.03389389987245663,0.05647846836763269,-0.005235312178328212
0.0,0.0,7.403599003772539,-0.008067822308097949,0.03847718175716076,-0.0032658165410865913
0.0,0.0,7.355209632699738,-0.015793102458940632,0.04825624489483163,-0.005045671866903719
0.0,0.0,6.667077439990377,-0.030393798418538627,0.060357450340867515,-0.0038858314436638875
0.0,0.0,6.930451764575478,-0.02992449458317035,0.06442225101800883,-0.002645199202721218
0.0,0.0,7.068919452854809,-0.029413039150373178,0.06915443666516938,-0.004889956732116785
0.0,0.0,6.7548226756652685,-0.03665604020937531,0.0579372909813606,-0.003670551023392444
0.0,0.0,7.159887965607323,-0.020907653394327635,0.044248878678338245,-0.003357377244186508
0.0,0.0,7.4704462846511985,-0.02485351144563946,0.04725937166712292,-0.0031953007349271754
0.0,0.0,6.966561832868142,-0.045506031431007725,0.06504739925986885,-0.004092825215859046
0.0,0.0,6.531365519681404,-0.052727186625504616,0.06873013649090018,-0.0033701673127271717
0.0,0.0,6.673515791918935,-0.035359681704443764,0.07023816420676238,-0.002006374574068305
0.0,0.0,6.484403152314651,-0.038701258451717,0.06971070017152863,-0.0013819218468619915
0.0,0.0,5.862843158243987,-0.033831010429508465,0.0712861887804653,-0.0007982840624273096
0.0,0.0,5.707787255408792,-0.014559680178672322,0.043185025185366266,-0.00024147736545639055
0.0,0.0,5.834433792651698,0.0,0.020358873908175094,-0.0012927464415629878
0.0,0.0,5.8632800080126,0.0,0.01955230432001715,0.0
0.0,0.0,5.482864588146516,-0.00491259708686194,0.039377661488835834,0.0
0.0,0.0,4.889963431177305,-0.023013496449643803,0.049028191180604724,-0.0007618352370643748
0.0,0.0,5.7899284642156434,-0.004691275082494385,0.03678402574624938,-0.00031524423334428975
0.0,0.0,5.859350770565221,-0.00788462139648643,0.04045764240418179,0.0
0.0,0.0,5.333077789583809,-0.012011562245666988,0.04028926915695615,0.0
0.0,0.0,6.1297143929642965,0.0,0.020275294324126558,0.0
0.0,0.0,6.1607937324904105,-0.0003141086707084892,0.02473264597830278,0.0
0.0,0.0,6.30936745349142,-0.0009527639127487038,0.02211649583497796,0.0
0.0,0.0,6.317138866298324,-0.0018840727311222262,0.017381401866219635,0.0
0.0,0.0,6.529440794349318,-0.011443455266246771,0.0318304625834292,0.0
0.0,0.0,5.876614149270031,-0.02778666319938855,0.04152288513906994,0.0
0.0,0.0,7.010840340171245,-0.016315478360900953,0.03641737468626709,-0.0016205821999972663
0.0,0.0,6.347489269605017,-0.027055266235335367,0.059298343981464496,-0.000522212895303915
0.0,0.0,5.726864220171134,-0.04478770983630235,0.08165341591239711,-0.0008731005896574535
0.0,0.0,5.508926186509359,-0.02801000434806895,0.05523385477030105,-0.0007743783222141857
0.0,0.0,6.424214584641281,0.0,0.03122742035635267,0.0
0.0,0.0,6.1105274348085175,0.0,0.023062923474013758,0.0
0.0,0.0,5.585703935561172,-0.004575613640848162,0.026582637249548662,0.0
0.0,0.0,5.653138798807055,-0.0075839941611653555,0.0334483364573133,0.0
0.0,0.0,5.9027319356645425,-0.03140830117708072,0.06668896562756836,0.0
0.0,0.0,5.591375811477078,-0.03931959885658067,0.06171727967531413,-0.000368114614547957
0.0,0.0,5.555113983053493,-0.03238546325650008,0.07042944646065619,0.0
0.0,0.0,5.6565230777878535,-0.030496422335729793,0.06377774631375052,0.0
0.0,0.0,5.18355613013039,-0.03196269623742641,0.07937015888005244,0.0
0.0,0.0,5.10248512926495,-0.012982476728520218,0.04157181071247738,0.0
0.0,0.0,5.088600348725302,-0.00269289408590482,0.030872637699940763,0.0
0.0,0.0,5.339848806428049,-0.00025485257148131666,0.028387381999754158,0.0
0.0,0.0,5.312188270544859,-0.0032130442340458976,0.022977890765878972,0.0
0.0,0.0,4.645666536951314,-0.01926216545727629,0.03923989114365655,0.0
0.0,0.0,4.753509493914843,-0.016149684785391565,0.03876122151623691,0.0
0.0,0.0,5.139230404936319,-0.01812169323682771,0.057486293803566416,0.0
0.0,0.0,4.6342536030926125,-0.020981906121203764,0.0614825977603094,0.0
0.0,0.0,4.379096918235346,-0.01658253408662038,0.05369217143783713,0.0
0.0,0.0,4.658095362427906,-0.004277843766564993,0.05353738835358124,0.0
0.0,0.0,4.413265755681977,0.0,0.04006565190473609,0.0
0.0,0.0,4.380509399380158,0.0,0.0246758456392219,0.0
0.0,0.0,4.92943496716098,-0.001737091638328624,0.035051312493041484,0.0
0.0,0.0,4.92943496716098,-0.001737091638328624,0.035051312493041484,0.0
0.0,0.0,4.68112062943855,-0.020397960397172062,0.05227459222918886,0.0
0.0,0.0,4.284724448809109,-0.03217766641476426,0.07534180272984144,0.0
0.0,0.0,4.209842225759933,-0.011331352512272208,0.046838104074003066,0.0
0.0,0.0,4.209842225759933,-0.011331352512272208,0.046838104074003066,0.0
0.0,0.0,4.638080982186452,0.0,0.027089449189294717,0.0
0.0,0.0,4.27009597730446,0.0,0.01396971466595039,0.0
0.0,0.015923675698188484,4.688445323945072,0.0,0.004969025396803999,0.0
0.0,0.0,4.864264976091945,0.0,0.02166848804775821,0.0
0.0,0.0,4.267941196793767,-0.012710498996874079,0.05289405609543539,0.0
0.0,0.0,4.268431228834985,-0.025096026857823146,0.07597068553937962,0.0
0.0,0.0,4.471468596225885,-0.02360901450742254,0.0656391775380892,-0.0012193431564916208
0.0,0.0,4.993999077252694,-0.0056294301866982276,0.05594955392368515,0.0
0.0,0.0,4.993999077252694,-0.0056294301866982276,0.05594955392368515,0.0
0.0,0.0,5.173371143355866,0.0,0.014007762871165693,-0.0006939736276386178
0.0,0.0,5.414674276598037,0.0,0.010040076694045426,0.0
0.0,0.0,5.285235236855825,-0.011366764648494296,0.027430919982697265,-0.00014759345952966712
0.0,0.0,4.917616178659817,-0.02666432812003091,0.03609131801925723,0.0
0.0,0.0,4.726734400299228,-0.04250546321590113,0.06650638611400903,-0.0025439911002209125
-0.0012515519498611854,0.0,4.650317329592662,-0.04465555771260969,0.09355999907460857,0.0
0.0,0.0,4.026837091671818,-0.03736347435215054,0.0829342359805815,-0.002786269940744393
0.0,0.0,3.9095872658590225,-0.004622442024278422,0.04633114137081984,0.0
0.0,0.0,4.405546615941803,0.0,0.012523068936776094,0.0
0.0,0.0,4.470170799938955,0.0,0.0050177368303051875,0.0
0.0,0.0,3.9274977069295405,0.0,0.0071185770670804,0.0
0.0,0.0,4.071911008159107,-0.003485287133566733,0.019564560120842442,0.0
0.0,0.0,4.095870323022208,-0.011993438438895665,0.046732458607553116,0.0
0.0,0.0,3.9418132072443783,-0.022503665966151852,0.059561248502043175,0.0
0.0,0.0,3.731913443046957,-0.009974467768060534,0.054739963721276895,0.0
0.0,0.0,4.377772633420987,0.0,0.03455212641779234,0.0
0.0,0.0,4.289708828275855,0.0,0.027479758537453824,0.0
0.0,0.0,4.103056470820419,0.0,0.01527502723582717,0.0
0.0,0.0,4.445716038580692,0.0,0.0,0.0
0.0,0.0,4.664293535617106,0.0,0.008734831303578085,0.0
0.0,0.0,4.284824137171805,0.0,0.019054067860526658,0.0
0.0,0.0,4.653580462076772,-0.005194951557392145,0.025705934923124396,0.0
0.0,0.0,4.682869153888783,-0.01238765324867314,0.04192160963184815,0.0
0.0,0.0,4.23203100678779,-0.021003227777428846,0.0790835177432457,0.0
0.0,0.0,3.9328273051824523,-0.023581181252305506,0.06125496124271501,0.0
0.0,0.0,4.448342902946912,-0.0018849420363640647,0.028978230669784687,-0.00019650069707814462
0.0,0.0,4.661624152544042,-0.00031962212229590705,0.02175731654302839,0.0
0.0,0.0,4.377462346822762,0.0,0.014184722821940726,0.0
0.0,0.0,4.560761604736765,-0.0006473651824906244,0.010057734100599425,0.0
0.0,0.0,4.682249531376444,-0.014030626300385068,0.031022539523069603,0.0
0.0,0.0,4.44007186927922,-0.03926895133109937,0.06680063137938637,0.0
0.0,0.0,4.019459409988036,-0.04109141333648914,0.0814834040001305,0.0
0.0,0.0,4.013067928811735,-0.03817927715357351,0.07652849387848329,-0.0038568738309176544
0.0,0.0,4.018872723609417,-0.020561955441931852,0.06468451906657513,0.0
0.0,0.0,3.7888833717992334,-0.001178229424324061,0.035415745982605946,0.0
0.0,0.0,3.781935313900972,0.0,0.005210041411754358,0.0
0.0,0.0,3.924535869958222,0.0,0.0,0.0
0.0,0.0,3.5656793670701132,0.0,0.007115388476046159,0.0
0.0,0.0,3.1224396531272367,-0.007218959873575644,0.01811141824456708,0.0
0.0,0.0,3.347476439240153,-0.009780380034932559,0.04386381062525829,-0.001322190148288693
0.0,0.0,3.312332895541856,-0.00606619758628822,0.05422778099310303,-0.0010775828065008454
0.0,0.0,3.451789802312277,-0.0011671590432348151,0.04088446724074464,-0.001003273216747693
0.0,0.0,3.548884149550541,0.0,0.015253183118896155,-0.0016838741271772424
0.0,0.0,4.090001380447585,0.0,0.00700505545923055,0.0
0.0,0.0,3.843269514864752,-0.0011396111765204857,0.008270265746945404,0.0
0.0,0.0,3.613637827506453,-0.013928614587461913,0.015015924278531462,-0.0011465671410559384
0.0,0.0,3.886193338171469,-0.015412568520041919,0.019521170509373707,-0.0015351784458532153
0.0,0.0,3.8063953690931385,-0.021881128000294545,0.05229666034871694,0.0
0.0,0.0,3.457798375011764,-0.020229165476086632,0.05235349284501027,0.0
0.0,0.0,3.5553669259625678,-0.004674518104633784,0.04451674678018104,-0.0022300968500072573
0.0,0.0,3.8963865879658393,0.0,0.032943310001679695,0.0
0.0,0.0,3.7000408998395025,0.0,0.029241821434889216,0.0
0.0,0.0,3.7230790912473255,0.0,0.011631454014743756,0.0
0.0,0.0,3.6888409285884523,0.0,0.013179144190121714,0.0
0.0,0.0,3.619925669737591,-0.0022336164715262294,0.034379070227537376,0.0
0.0,0.0,3.757045555563816,-0.008817419241330057,0.04977259219264149,0.0
0.0,0.0,3.382124089906795,-0.015362787620278215,0.0603620392350005,-0.0014069702445532206
0.0,0.0,3.9582640138361853,-0.007523169149402026,0.06300150978334386,0.0
0.0,0.0,4.294545803614368,-0.007477656171833566,0.06318019051772164,-0.001027255858554665
0.0,0.0,4.048559130938255,-0.010104760443796556,0.05745395540042899,-0.0011224051039581526
0.0,0.0,4.212121195045765,-0.005955353065455542,0.03557790693443801,-0.0008022214245928625
0.0,0.0,4.981969911823177,-0.0016351295193038008,0.025075277057417994,0.0
0.0,0.0,4.622765593543175,-0.010626268995594794,0.03633360979153939,0.0
0.0,0.0,4.3482289177868285,-0.019923385833815338,0.031246491188227275,-0.0006404328399495184
0.0,0.0,4.634217759982876,-0.01982930052445244,0.03621290397486264,-0.003113651770782317
0.0,0.0,4.72815832010667,-0.02443249812932697,0.06782617332877268,-0.003359439067615425
-0.07643083370192011,0.0,4.32847119972375,-0.026909821167980956,0.07083278771347548,-0.0006590778966868932
0.0,0.0,4.318890746520785,-0.006915428113465102,0.040794155307805516,-0.002991072485507424
0.0,0.0,4.593892961704663,-0.00099780069688562,0.031878331603134635,-0.0012412349122708946
0.0,0.0,4.461734361310594,-0.007714254562564962,0.033754135665840776,0.0
0.0,0.0,4.455866758394265,-0.007961219809784,0.01908997056587361,-0.001143489014762693
0.0,0.0,4.069779419369839,-0.013575119592891635,0.02207714887761884,-0.0011219770894266095
0.0,0.0,4.12846848713797,-0.023325742252761277,0.043833719822815205,0.0
0.0,0.0,3.8802190451436758,-0.031846104271078604,0.06581840752606476,0.0
0.0,0.0,3.4324955965613206,-0.03013471376515054,0.06516510522145932,0.0
0.0,0.0,3.4441465673198386,-0.022109454816450866,0.054305884552506366,-0.0008907489487743519
0.0,0.0,3.600079313416825,0.0,0.023704961327581937,0.0
0.0,0.0,3.474850266638753,0.0,0.008353569298771013,0.0
0.0,0.0,3.171457885954621,0.0,0.00011514718687189055,0.0
0.0,0.0,3.180505255772094,0.0,0.0021219423356168216,0.0
0.0,0.0,3.3431405991119396,0.0,0.006056500853817324,0.0
0.0,0.0,3.0161133067395554,0.0,0.02473081887859086,0.0
0.0,0.0,3.053684816351084,0.0,0.04178571017775169,0.0
0.0,0.0,3.4600127220128285,0.0,0.034844341019116015,0.0
0.0,0.0,3.2202448674775104,0.0,0.024549383379620125,0.0
0.0,0.0,3.3738252898387175,0.0,0.007288247831930199,0.0
0.0,0.0,3.658826468111555,0.0,0.0067678701481421535,0.0
0.0,0.0,3.3531875410919247,-0.013760642061959335,0.0202364410275531,0.0
0.0,0.0,3.1435387703668276,-0.03130042157034403,0.038436189983387194,0.0
0.0,0.0,3.125301931198598,-0.018843919352771125,0.04483642462758278,-0.0016791520776543022
0.0,0.0,3.515090943284354,-0.006771215527591067,0.04238082013080568,0.0
0.0,0.0,3.1412600910589865,-0.010657822618652859,0.04640675809557395,0.0
0.0,0.0,3.2317161493578253,-0.008456942656472293,0.03118677865330452,0.0
0.0,0.0,3.8186890502165296,-0.00022596978697410594,0.01727758071406137,0.0
0.0,0.0,3.856855685443942,-0.0015034429576685235,0.016464686523879685,0.0
0.0,0.0,3.809117805562779,-0.02072388947355332,0.03226788418212182,0.0
0.0,0.0,3.61418851716133,-0.02324256175136842,0.03502022246453434,-0.00044537848231127937
0.0,0.0,4.146507191890818,-0.011006803664504983,0.03324629421713997,-0.0006993600784493753
0.0,0.0,4.438178582191226,-0.008580491886961833,0.046109107286414874,-0.0004565102929398471
0.0,0.0,4.154066709050669,-0.013611934481385604,0.056606357008024334,-0.001981554105508424
0.0,0.0,3.674062820328648,-0.007559245155177421,0.0393048513522523,-0.0025068241345626353
0.0,0.0,4.497892185425476,0.0,0.022621197840655822,0.0
0.0,0.0,4.562629868547967,0.0,0.028941502363270283,0.0
0.0,0.0,4.228505775537513,-0.016146805300859015,0.03849026348903252,-0.0023132087060297405
0.0,0.0,3.934473740434819,-0.024410704388186946,0.03375004138989832,-0.0034238942476601474
0.0,0.0,4.107069444520048,-0.015279043777487521,0.04537519877733998,0.0
0.0,0.0,4.189796875587916,-0.01198442354816539,0.039955157237464164,0.0
0.0,0.0,3.4677900981306053,-0.01317612310367185,0.04612565902422609,0.0
0.0,0.0,3.3670094400267976,-0.007547078460379881,0.046362482632759015,-0.0005469024311680942
0.0,0.0,3.4062656504963016,-0.001566281704674543,0.046299689080871995,0.0
0.0,0.0,3.3485834996994406,0.0,0.03179853328931041,0.0
0.0,0.0,3.34102851044033,-0.0028626829588883607,0.027971786199678737,-0.0007416634722173948
0.0,0.0,3.2914126815599056,-0.010310531919344893,0.031864499490485323,0.0
0.0,0.0,2.994303544056481,-0.01770587499249399,0.05117285073970129,-0.0006813938715587142
0.0,0.0,3.13126999697407,-0.009280532312720306,0.04743063502880611,0.0
0.0,0.0,2.9143429085985093,-0.004711649598958214,0.06231274304504662,-0.001748723714721544
0.0,0.0,2.3902952431790423,-0.0013171144292164053,0.049696305947880784,-0.0006011113305595896
0.0,0.0,2.679018800545113,0.0,0.03719171580784828,0.0
0.0,0.0,2.480483131225047,0.0,0.02688267004607533,0.0
0.0,0.0,2.3712920135056463,0.0,0.02105879975410741,-0.00041590533405819424
0.0,0.0,2.235496117354083,0.0,0.009927707617044354,0.0
0.0,0.0,2.3596433141929904,0.0,0.005761991579125706,0.0
0.0,0.0,2.1776295503997534,0.0,0.01937020009839075,0.0
0.0,0.0,2.249005794991768,0.0,0.02650164457166122,-0.00024739149818746634
0.0,0.0,2.597686033925256,0.0,0.02655756787713174,-0.0004716806620985498
0.0,0.0,3.1673390297106674,0.0,0.01908891904830233,-0.0012320900966084093
0.0,0.0,3.135073886823734,-0.007981353256280273,0.0353504639830559,-0.0035200898706858703
0.0,0.0,3.1278446798170956,-0.023028499349372605,0.0304695050370564,-0.004027042137910318
0.0,0.0,3.439636889742077,-0.017747438984392412,0.028361193673863295,-0.004523241005272789
0.0,0.0,3.577113733722869,-0.02377098997661807,0.03386980028691108,-0.0024935828157372527
0.0,0.0,3.391496636342983,-0.03261759129923672,0.057599484588735164,-0.004652243229701257
0.0,0.0,2.9893555050850993,-0.030665826596011893,0.05109814615953343,-0.005391219902645091
0.0,0.0,3.24526108269207,-0.013621470675635936,0.033472761412689324,-0.005333488279728403
0.0,0.0,3.2167648101421813,-0.0030368931978932046,0.03489127269142683,-0.001332459459361544
0.0,0.0,3.2248587515507254,-0.006493294440354974,0.032386492744204395,0.0
0.0,0.0,3.020349585742202,-0.01067105744890572,0.023754291425150814,-0.0016803729953777946
0.0,0.0,3.2200961408063677,-0.001878712127798885,0.012960316790961195,-0.0002531485774913656
0.0,0.0,3.260204009808935,-0.0039861269814812795,0.024589940963373785,-0.00014787785108455367
0.0,0.0,2.9742894264947486,-0.018544616776039788,0.03741764019427746,-0.00025632728208336804
0.0,0.0,2.7318156454703493,-0.029744019991462346,0.0483694450046829,-0.000982073939830212
0.0,0.0,3.3247196231910854,-0.004271926996829971,0.031261446801662915,-0.0032560757084332597
0.0,0.0,3.502246010641838,0.0,0.028839934062672302,-0.0012384763584047196
0.0,0.0,2.9255219264677867,-0.0019776069867407397,0.02829187831532488,-0.0017855475715484238
0.0,0.0,3.2305772335013403,0.0,0.01333170501849711,-0.0021782148354290405
0.0,0.0,3.773462615806448,0.0,0.020527680421218365,-0.001262643628721261
0.0,0.0,3.482654404488519,-0.0026381530042848093,0.0266454790563116,-0.0007262032092317823
0.0,0.0,3.1989105533290974,-0.005678166323618359,0.02927962380157261,-0.0032615352336506248
0.0,0.0,3.238182217165458,-0.009533363568817763,0.023827800168621065,-0.002636623492938343
0.0,0.0,3.173531916924399,-0.010558114544732397,0.027068483607770717,-0.006677931373470078
0.0,0.0,3.0311042668766928,-0.005160236326656783,0.030752310407160525,-0.004771340534367436
0.0,0.0,3.0101481021497305,-0.002872018378155647,0.025078126794804385,-0.006166505978821839
0.0,0.0,2.905300148225762,0.0,0.027134963068819584,-0.0022983559908972663
0.0,0.0,2.882341894401045,0.0,0.01801834590054388,-0.005865320588913862
0.0,0.0,2.7599274241027327,0.0,0.009001593592172638,-0.002765906490364072
0.0,0.0,2.9275736265638197,-0.0012272059922604386,0.00888237359745232,-0.002703242604083552
0.0,0.0,2.689658502365134,-0.0060406018250546865,0.017088007571330496,-0.005960389206650411
0.0,0.0,2.6942811951484695,-0.012184598039680443,0.025096727310922752,-0.004049008098565359
0.0,0.0,2.4809213792876346,-0.01094522652280698,0.0346308449939776,-0.004140668778423258
0.0,0.0,2.273498065160976,-0.0034864649040294805,0.024496239500218744,-0.0058306765514153595
0.0,0.0,2.5960288552196866,0.0,0.014351712133937355,-0.006542415334564014
0.0,0.0,2.243637217082708,0.0,0.02415712061617356,-0.003006859747133419
0.0,0.0,2.153057185755133,0.0,0.01533192224592216,-0.006250425304149122
0.0,0.0,2.1712572397330048,0.0,0.010858236474136983,-0.005790730701794804
0.0,0.0,2.224062973871111,0.0,0.015761906021627203,-0.0011491293447564517
0.0,0.0,2.0988191421247566,0.0,0.023343556052623,-0.004294155363627058
0.0,0.0,1.7603146149210889,0.0,0.025425495606215313,-0.005082343357901325
0.0,0.0,2.008847577550967,0.0,0.028443122219129584,-0.005087930627210028
0.0,0.0,2.47445611677602,0.0,0.032556711612807286,-0.004027547303697596
0.0,0.0,2.5419082934784063,0.0,0.036156839452970095,-0.004054132741598536
0.0,0.0,2.4978886752694223,0.0,0.03516412643768955,-0.004034401353551062
0.0,0.0,2.7903008651534713,0.0,0.026953514125584676,-0.007237898952145297
0.0,0.0,3.2430710219403167,0.0,0.027425084379869867,-0.006096795914575849
0.0,0.0,2.6372055267482573,-0.01631224454570878,0.04653434064921436,-0.0067645030466116154
0.0,0.0,2.7803770512873376,-0.016160770773373072,0.04963666491071373,-0.006660621158545828
0.0,0.0,2.8690435717478393,-0.00952214048178797,0.042395625658208494,-0.008486944930079702
0.0,0.0,2.8690360827787122,-0.005745418442632422,0.03966868408128964,-0.006437039555595399
0.0,0.0,2.716522056847314,-0.004935392843361771,0.0325455174230665,-0.008936178706874659
0.0,0.0,2.7001873713558187,-9.74742371643051e-05,0.03127264447115956,-0.0070683676117622996
0.0,0.0,2.7762416885655776,0.0,0.019087880006808482,-0.005050882726277318
0.0,0.0,2.895563714541349,0.0,0.011435340448700235,-0.005906447533962052
0.0,0.0,2.8974513985246535,0.0,0.014343293129171814,-0.007187181804169234
0.0,0.0,2.524601690201096,-0.0011946050551120478,0.030034375824593767,-0.007247807217564564
0.0,0.0,2.6715515531476077,-0.0035326555627817127,0.026500653990145055,-0.007888947140180212
0.0,0.0,2.8128320087011374,-0.001038754854767864,0.035164169369953174,-0.00902779377570355
0.0,0.0,2.6482857380940397,-0.00618990515110973,0.042016141153144365,-0.008343839632371133
0.0,0.0,2.46729934114468,-0.008598452318470725,0.04256064833169152,-0.008512575491341995
0.0,0.0,2.703058629572179,0.0,0.016533045890214242,-0.008391921176178796
0.0,0.0,2.7433761572788664,0.0,0.013081419503505557,-0.0067667487401420826
0.0,0.0,2.668263631221897,0.0,0.010632491213960791,-0.006090721749921507
0.0,0.0,2.827673576705592,-0.0002327218680611977,0.00930984784517809,-0.009112284718897301
0.0,0.0,2.7116585043900834,-0.00422077293145087,0.018782925427518873,-0.007454816896056075
0.0,0.0,2.6442123323903908,-0.011255410491758011,0.030115203349763225,-0.00854166693547233
0.0,0.0,2.3691953698995927,-0.011824565348238503,0.04456744631944926,-0.007185354746020977
0.0,0.0,2.571421980309411,0.0,0.03391367010567524,-0.0070665178413254134
0.0,0.0,2.468967380275284,-0.0007590163903080349,0.03357346558103396,-0.007810812735988272
0.0,0.0,2.7511956665777,0.0,0.008611970672549093,-0.007126544340155324
0.0,0.0,2.508885345690139,0.0,0.012788925111839438,-0.005330685462481352
0.0,0.0,2.491123786146135,0.0,0.007857248430218646,-0.005149053716821688
0.0,0.0,2.5623346605496993,0.0,0.013091781152696696,-0.0038420416681675907
0.0,0.0,2.4237246957558396,-0.006346405108025077,0.024979213715295937,-0.006184143963553952
0.0,0.0,2.102425328243556,-0.01499512998877996,0.04037700505414712,-0.006933915328771342
0.0,0.0,2.3803219906212107,-0.00673432070494213,0.041717497801783965,-0.0088433633036474
0.0,0.0,2.0019959334327555,-0.0015276469254679108,0.03684744407878627,-0.0037038216914394495
0.0,0.0,2.4287905658792366,0.0,0.013603242079009347,-0.0060952284652955515
0.0,0.0,2.3906326678991463,0.0,0.009542824486354963,-0.004483369465034535
0.0,0.0,2.0464271240899286,0.0,0.005479154196042438,-0.0028116394314602515
0.0,0.0,2.2236133318377473,0.0,0.005799049182421103,-0.005090823122955209
0.0,0.0,2.0457558225896255,-0.00459783250560326,0.022161403227191963,-0.003298545110385357
0.0,0.0,1.6107075101226815,-0.00801491750275196,0.03765837567503783,-0.0026196377789406743
0.0,0.0,1.8305758427285443,0.0,0.03004421787923749,-0.004322311545077478
0.0,0.0,1.8517711341542031,0.0,0.02160899461535115,-0.0017950687537943064
0.0,0.0,1.6762419442477685,0.0,0.015530310894744923,-0.0005802411586591685
0.0,0.0,1.8293564072119906,0.0,0.007132581605597779,-0.0005870303389759627
0.0,0.0,1.7994693665778096,0.0,0.0019630572549169355,-0.0029937608105223197
0.0,0.0,2.037901928875389,0.0,0.002796938306649804,-0.0007088999107737758
0.0,0.0,2.123325720334499,0.0,0.011157473405957515,-0.000560143773819005
0.0,0.0,1.92266717393531,-0.002404199621378558,0.018833066390331044,-0.0005893008570311317
0.0,0.0,1.954383065037181,-0.000979338002772692,0.034705210497744735,-0.0023541793950152307
0.0,0.0,1.8870709242277894,-0.007684010519197074,0.03941424359646513,-0.004291276168506167
0.0,0.0,1.737189029645896,0.0,0.03568684995210005,-0.0030834634148566094
0.0,0.0,1.8767835270703024,0.0,0.013492301130093661,-0.001921826938081822
0.0,0.0,1.9136818861236171,0.0,0.005240890785978125,-0.0029149358106975655
0.0,0.0,1.5771661747079153,0.0,0.008159835128826835,0.0
0.0,0.0,1.564561721605522,0.0,0.0,0.0
0.0,0.0,1.7991814235773667,0.0,0.0,-0.0011663245736819364
0.0,0.0,1.7987827390376459,0.0,0.010012438318832643,0.0
0.0,0.0,1.7435762841916496,0.0,0.02986714521950499,0.0
0.0,0.0,1.7067641860426614,-0.005296693620830595,0.04318009309708223,-0.0001046555412245171
0.0,0.0,1.5345112229609015,0.0,0.026930450416408142,-0.0008761767912226565
0.0,0.0,1.8886943531797253,0.0,0.015078775125447136,-0.0005027083407573243
0.0,0.0,2.010244753178184,0.0,0.004762162022819703,0.0
0.0,0.0,1.6308679116724705,0.0,0.004552132306157851,0.0
0.0,0.0,1.781840056437013,0.0,0.0014930699075548389,0.0
0.0,0.0,1.7972926276615255,0.0,0.004397775115552687,0.0
0.0,0.0,1.938513495337243,0.0,0.0117592087713463,0.0
0.0,0.0,1.7840467621097063,-0.0015434703872330893,0.022165284512662167,-0.00023262434452436535
0.0,0.0,1.7978070823138252,-0.005222663907486607,0.02549393643262496,-0.00030008327088902755
0.0,0.0,1.7252004699191015,-0.0008115027162515134,0.02787099373208789,0.0
0.0,0.0,1.6417847861139845,0.0,0.016261325663442596,0.0
0.0,0.0,1.7113346220859598,0.0,0.003429394754782618,0.0
0.0,0.0,1.6228728695405998,0.0,0.0,0.0
0.0,0.0,1.625408778244242,0.0,0.0,0.0
0.0,0.0,1.8336049556291045,0.0,0.0,0.0
0.0,0.0,1.7232599133461357,0.0,0.0038267286251813153,0.0
0.0,0.0,1.6655170075964514,0.0,0.013999224465098842,0.0
0.0,0.0,1.837087388201154,0.0,0.0131940515751194,0.0
0.0,0.0,1.81708768624947,0.0,0.01890702425891942,0.0
0.0,0.0,1.7115245567840305,0.0,0.013360757244584173,-0.0008366496570616982
0.0,0.0,1.5817769164925,0.0,0.008519579366469278,0.0
0.0,0.0,1.6226509098440647,0.0,0.0012749722996152604,0.0
0.0,0.0,1.5656287366338333,0.0,0.0,0.0
0.0,0.0,1.6328149659171367,0.0,0.004435916623348806,0.0
0.0,0.0,1.5805953872418843,0.0,0.00962285064649103,-0.0012325948687660752
0.0,0.0,1.326580412820157,-0.0016366122055357622,0.01404025432825769,0.0
0.0,0.0,1.2192588515449163,-0.001575634461861547,0.014585459119253682,0.0
0.0,0.0,1.1328884997613877,0.0,0.005076782646719393,0.0
0.0,0.0,0.9275585043681909,0.0,0.0,0.0
0.0,0.0,0.7583471292395225,0.0,0.0,0.0
0.0,0.0,0.8878568690491294,0.0,0.0,0.0
0.0,0.3775295241378257,0.9508334681426428,0.00043539196157963924,0.0,0.0
0.0,0.2030974287850975,1.124851722452203,0.0,0.0,0.0
0.0,0.0,1.302157445660234,0.0,0.0,0.0
0.0,0.0,1.3156800723081419,0.0,0.009103803920283107,0.0
0.0,0.0,1.4670863963560934,-0.006155783389230385,0.017262649726532086,-0.0022947793711638772
0.0,0.0,1.3445264360321751,-0.008769761389189036,0.019325263746629948,0.0
0.0,0.0,1.4249182985580044,-0.00016000237924820436,0.003136960853304921,-0.0033870143327606335
0.0,0.0,1.391068317694914,0.0,0.0,0.0
0.0,0.0,1.3711596491160738,0.0,0.0,-5.7211261747980195e-05
0.0,0.0,1.1508619497654222,0.0,0.0,0.0
0.0,0.0,1.1794096979806825,0.0,0.0,0.0
0.0,0.0,1.371416483033456,0.0,0.0,0.0
0.0,0.0,1.2786746955896404,0.0,0.004086594639605867,0.0
0.0,0.0,1.1806132419187876,0.0,0.007160121219216667,-0.0017891378037805464
0.0,0.0,1.1331262169423435,-0.0007900839375536105,0.011267404167308152,0.0
0.0,0.0,1.258784808641153,0.0,0.006139078811484557,-0.0013470409311065277
0.0,0.0,1.3346908815767482,0.0,0.0,0.0
0.0,0.0,1.5150935886170949,0.0,0.0,-0.0016380453438954966
0.0,0.0,1.1310988564504243,0.0,8.144994664194173e-05,-0.001402306126839813
0.0,0.0,1.3042856282048478,0.0,0.0,-0.002322161444557499
0.0,0.0,1.6014290374033977,0.0,0.0,-0.002447285143159695
0.0,0.0,1.2995315663042057,0.0,0.0,0.0
0.0,0.0,1.536007226943347,0.0,0.0,-0.00032514726313518695
0.0,0.0,1.453188860869886,0.0,0.008577823377360084,-0.002182500946823773
0.0,0.0,1.4687336096345787,0.0,0.012623064308037798,-0.0011359739446468533
0.0,0.0,1.6374991442243485,0.0,0.010364349472741636,-0.00276006610546267
0.0,0.0,1.5571032646273375,0.0,0.00827025918823257,-0.00314745123250204
0.0,0.0,1.4035514041294461,0.0,0.0,-0.0016169759862839383
0.0,0.0,1.5393802027712487,0.0,0.0,-0.00075865717360136
0.0,0.0,1.1141103047955379,0.0,0.00338252179744427,0.0
0.0,0.0,0.8936123840352794,0.0,0.0031235587426008704,0.0
0.0,0.0,1.1508501214578468,0.0,0.0,0.0
0.0,0.0,1.0758011956745828,0.0,0.0,-0.00029873307755006937
0.0,0.054266221399616364,1.1276614379459493,0.0,0.0,-0.00020537529206355888
0.0,0.0,1.1162504601967638,0.0,0.0,0.0
0.0,0.0,1.2821526292532388,0.0,0.0061657118576191995,-0.0003646979672443719
0.0,0.0,1.1476018389338645,-0.0019923797948074792,0.005274471304761323,-0.0019169500740570833
0.0,0.0,1.3270184586691425,0.0,0.004042949716098563,-0.0015747512397864822
0.0,0.0,1.2889584930153237,0.0,0.0038961710690553395,-0.003323197712465635
0.0,0.0,1.028780904341861,0.0,0.002656042190346864,-0.0021623313722527676
0.0,0.0,1.1156791074929626,0.0,0.0,-0.00105799312559362
0.0,0.0,0.9371357510356001,0.0,0.0,-0.0009964509853975202
0.0,0.0,0.8850046846492978,0.0,0.0,0.0
0.0,0.0,0.7622434954855948,0.0,0.0,0.0
0.0,0.0,0.9480361542806305,0.0,0.0,-0.0005814178402951895
0.0,0.0,0.8311578558754158,0.0,0.00238239646281026,0.0
0.0,0.0,0.6033232172587655,-0.001164743652968881,0.006284450059702071,-0.0014836266408953108
0.0,0.0,0.4492956277383359,0.0,0.004880869237224624,-0.001486616512483761
0.0,0.0,0.39256916245856627,0.0,0.0,0.0
0.0,0.0,0.32868098844898463,0.0,0.0,-0.0010805921515980798
0.0,0.23723464205924194,0.2402803076455294,0.0,0.0,0.0
0.0,0.546714076784755,0.2792959543334144,0.001831347706517351,0.0,0.0
0.0,0.14956145935510334,0.2745916300113506,0.0,0.0,0.0
0.0,0.0,0.37984400584032607,0.0,0.0,0.0
0.0,0.0,0.47315920350860097,0.0,0.0,0.0
0.0,0.0,0.5676547659649752,0.0,0.0,0.0
0.0,0.0,0.5969917367358827,0.0,0.0,0.0
0.0,0.0,0.6504318234695237,0.0,0.0,0.0
0.0,0.0,0.5888508106768992,0.0,0.0,-0.0005940593627976717
0.0,0.0,0.5514828473443667,0.0,0.0,0.0
0.0,0.0,0.4398960258800546,0.0,0.0,-0.0005798532450610227
0.0,0.0,0.39648082779733174,0.0,0.0,-0.001479936720469729
0.0,0.0,0.30380437258157855,0.0,0.0,-0.00022128002696537988
0.0,0.0,0.2299602615883202,0.0,0.0,0.0
0.0,0.0,0.3168943556134114,0.0,0.0,0.0
0.0,0.0,0.15096819771824463,0.0,0.0,0.0
0.0,0.0,0.3423555816702386,0.0,0.0,0.0
0.0,0.0,0.24738148845770028,0.0,0.0,0.0
0.0,0.0,0.3456422073336011,0.0,0.0,0.0
0.0,0.0,0.20493450089951876,0.0,0.0,0.0
0.0,0.0,0.2194518437649339,0.0,0.006553282550209731,0.0
0.0,0.0,0.10496633422001904,0.0,0.006734858530484331,-2.4495272174655818e-05
0.0,0.0,0.18259694306691315,0.0,0.0031483081760818946,0.0
0.0,0.0,0.056870443688099646,0.0,0.0,0.0
0.0,0.08732529738972175,0.057766908241889695,0.0071515043393524285,0.0,0.0
0.0,0.11408269307129645,0.11404733498424613,0.008495361589780473,0.0,0.0
0.0,0.0,0.005369035780381886,0.0,0.0,0.0
0,0,0,0,0,0
0.0,0.0,0.06028705990939291,0.0,0.0,0.0
0.0,0.0,0.053279664798643676,0.0,0.0,0.0
0.0,0.0,0.009962719402616834,0.0,0.0,0.0
0.0,0.0,0.10721094655109539,0.0,0.0,0.0
0,0,0,0,0,0
0,0,0,0,0,0
0,0,0,0,0,0
0,0,0,0,0,0
0.0,0.1637159226890011,0.0,0.0010007009054575312,0.0,0.0
0.0,0.32518217250282766,0.0,0.0024426541866136202,0.0,0.0
0.0,0.0,0.0,0.00048112889741150773,0.0,0.0
0,0,0,0,0,0
0,0,0,0,0,0
0,0,0,0,0,0
0,0,0,0,0,0
0,0,0,0,0,0
0,0,0,0,0,0
0.0,0.0,0.0,0.0,0.002446231772329669,0.0
0.0,0.0,0.0,0.0,0.0017575463824448373,-0.00012053956778671788
0.0,0.0,0.0,0.0,0.001798986000891252,0.0
0,0,0,0,0,0
0,0,0,0,0,0
0,0,0,0,0,0
0,0,0,0,0,0
0,0,0,0,0,0
0.0,0.0,0.0,0.0,0.0,-0.000336414464965838
0.0,0.0,0.0,0.0,0.0032973990722718442,0.0
0.0,0.0,0.0,0.0,0.0003352483146345409,0.0
0,0,0,0,0,0
0,0,0,0,0,0
0.0,0.07016428634921254,0.0,0.0,0.0,0.0
0,0,0,0,0,0
0,0,0,0,0,0
0,0,0,0,0,0
0.0,0.0,0.0,0.0,0.0019061954677029014,0.0
0,0,0,0,0,0
0,0,0,0,0,0
0,0,0,0,0,0
0,0,0,0,0,0
0,0,0,0,0,0
0,0,0,0,0,0
0.0,0.0,0.0,0.0,0.001508386547179357,0.0
0.0,0.0,0.0,0.0,0.003554714213188968,0.0
0.0,0.0,0.0,0.0,0.0024606508132245758,0.0
0,0,0,0,0,0
0,0,0,0,0,0
0,0,0,0,0,0
0,0,0,0,0,0
0,0,0,0,0,0
0.0,0.0,0.0,0.0,0.0007700206078000123,0.0
0.0,0.0,0.0,0.0,0.0004681936907986486,0.0
0,0,0,0,0,0
0,0,0,0,0,0
0.0,0.0263168779162212,0.0,0.0009381459596471732,0.0,0.0
0,0,0,0,0,0
0,0,0,0,0,0
0,0,0,0,0,0
0.0,0.0,0.0,0.0,0.007711581193898913,0.0
0.0,0.0,0.0,0.0,0.006855954011855149,0.0
0,0,0,0,0,0
0,0,0,0,0,0
0.0,0.008348219115304572,0.0,0.005361338812765946,0.0,0.0
0.0,0.02782922960106734,0.0,0.0033006320517796027,0.0,0.0
0,0,0,0,0,0
0,0,0,0,0,0
0.0,0.0,0.0,0.0,0.002236311208020738,0.0
0.0,0.0,0.0,0.0,0.003110251308932709,0.0
0,0,0,0,0,0
0,0,0,0,0,0
0.0,0.003439083168932062,0.0,0.0,0.0,0.0
0,0,0,0,0,0
0,0,0,0,0,0
0,0,0,0,0,0
0,0,0,0,0,0
0.0,0.0,0.0,0.0,0.0030090157941221147,0.0
0.0,0.0,0.0,0.0,0.006859564441149052,0.0
0.0,0.0,0.0,0.0,9.002219490837439e-05,0.0
0,0,0,0,0,0
0.0,0.14651458663376943,0.0,0.0048862946026323436,0.0,0.0
0.0,0.19033109749330615,0.0,0.006467950085915839,0.0,0.0
0.0,0.07309313697506824,0.0,0.0023613629914709423,0.0,0.0
0,0,0,0,0,0
0,0,0,0,0,0
0.0,0.0,0.0,0.0,0.001191296721603292,0.0
0,0,0,0,0,0
0,0,0,0,0,0
0,0,0,0,0,0
0,0,0,0,0,0
0,0,0,0,0,0
0.0,0.0,0.0,0.0,0.0010725856311868994,0.0
0.0,0.0,0.0,0.0,0.002988982762083929,0.0
0.0,0.0,0.0,0.0,0.005349604744429511,0.0
0.0,0.0,0.0,0.0,0.008189229421844264,0.0
0.0,0.0,0.0,0.0,0.008956687344206491,0.0
0.0,0.0,0.0,0.0,0.004072355723668551,0.0
0,0,0,0,0,0
0,0,0,0,0,0
0,0,0,0,0,0
0,0,0,0,0,0
0,0,0,0,0,0
0.0,0.0,0.0,0.0,0.002867932712292771,0.0
0.0,0.0,0.0,0.0,0.002867932712292771,0.0
0.0,0.0,0.0,0.0,0.0018527136774527633,0.0
0.0,0.0,0.0,0.0,0.0007653070932827483,0.0
0.0,0.0,0.0,0.0,0.007058798256186478,0.0
0.0,0.0,0.0,0.0,0.005831246336764813,0.0
0.0,0.0,0.0,0.0,0.005190417096569916,0.0
0.0,0.0,0.0,0.0,0.002779043322920501,0.0
0,0,0,0,0,0
0,0,0,0,0,0
0,0,0,0,0,0
0,0,0,0,0,0
0,0,0,0,0,0
0,0,0,0,0,0
0.0,0.0,-0.011513365409511752,0.0,0.0,0.0
0,0,0,0,0,0
0,0,0,0,0,0
0.0,0.0,-0.01329409522170392,0.0,0.0,0.0
0.0,0.0,-0.07007656114191847,0.0,0.0,0.0
0.0,0.0,-0.039147697428374886,0.0,0.0,0.0
0.0,0.0,-0.03202587062805577,0.0,0.0,0.0
0.0,0.0,-0.12169129899927714,0.0,0.0,0.0
0.0,0.0,-0.05424171839838958,0.0,0.0,0.0
0.0,0.0,-0.13444529309925282,0.0,0.0007213887564787941,0.0
0.0,0.0,-0.0203984467385959,0.0,0.003085533870339503,0.0
0.0,0.0,0.0,0.0,0.005287215625926669,0.0
0.0,0.0,0.0,0.0,0.0123637175348837,0.0
0.0,0.0,0.0,0.0,0.007648979066750874,0.0
0.0,0.0,-0.05149077686041936,0.0,0.005602707475695029,0.0
0.0,0.0,0.0,0.0,0.0028064826943897427,0.0
0.0,0.0,-0.11032400556560278,0.0,0.0,0.0
0.0,0.0,-0.22290328701320158,0.0,0.0,0.0
0.0,0.0,-0.2972228053992096,0.0,0.0,0.0
0.0,0.0,-0.36068776648759704,0.0,0.0,0.0
0.0,0.0,-0.48296542666939135,0.0,0.002289490077595455,0.0
0.0,0.0,-0.4908634757765046,0.0,0.004128154274348242,0.0
0.0,0.0,-0.56400082621637,0.0,0.006721287127127132,0.0
0.0,0.0,-0.4853176461808525,0.0,0.0015016265018778935,0.0
0.0,0.0,-0.5466705580137139,0.0,0.0024275389956560306,0.0
0.0,0.0,-0.6289562203305333,0.0,0.0014491306880857475,0.0
0.0,0.0,-0.6269260432169221,0.0,0.0010093212615518471,0.0
0.0,0.0,-0.5396843749589848,0.0,0.0,0.0
0.0,0.0,-0.5831959815556793,0.0,0.0,0.0
0.0,0.0,-0.5654572668668456,0.0,0.0,0.0
0.0,0.0,-0.4348843649237878,0.0,0.0051894233349637185,0.0
0.0,0.0,-0.43023461527741286,0.0,0.003709583564396443,0.0
0.0,0.0,-0.3838261299259721,0.0,0.007259956522747288,0.0
0.0,0.0,-0.5627425246964937,0.0,0.008640050028647435,0.0
0.0,0.0,-0.48912006178129885,0.0,0.010696639999529047,0.0
0.0,0.0,-0.43087680532486033,0.0,0.011072675378933226,0.0
0.0,0.0,-0.472086040395811,0.0,0.008318421866610857,0.0
0.0,0.0,-0.4729765783176932,0.0,0.00992131963184479,0.0
0.0,0.0,-0.4294973057058938,0.0,0.006920895323716846,0.0
0.0,0.0,-0.3431762486533145,0.0,0.008093444332263559,0.0
0.0,0.0,-0.2905134505034572,0.0,0.008533926562732398,0.0
0.0,0.0,-0.2881724056711017,0.0,0.007997788532874774,0.0
0.0,0.0,-0.4012085026591419,0.0,0.0066514725720804285,0.0
0.0,0.0,-0.363399500125608,0.0,0.0025827187301494976,0.0
0.0,0.0,-0.44897964117973477,0.0,0.004256458783689843,0.0
0.0,0.0,-0.48765205979166265,0.0,0.004781003108470951,0.0
0.0,0.0,-0.4288721421115621,0.0,0.007510140230403126,0.0
0.0,0.0,-0.5823015032997968,0.0,0.006353069412661877,0.0
0.0,0.0,-0.43841014806233,0.0,0.005789605855080323,0.0
0.0,0.0,-0.49242326137348147,0.0,0.008636690850249986,0.0
0.0,0.0,-0.5511049764571472,0.0,0.009915003089650709,0.0
0.0,0.0,-0.5521623512141622,0.0,0.006723125338233734,0.0
0.0,0.0,-0.4536846788231406,0.0,0.007939914484208332,0.0
0.0,0.0,-0.5094680800801924,0.0,0.010647115795997227,0.0
0.0,0.0,-0.4528427707513797,0.0,0.009239031151674824,0.0
0.0,0.0,-0.5160171914070064,0.0,0.009861073972240108,0.0
0.0,0.0,-0.4243979625329355,0.0,0.003035770063285296,0.0
0.0,0.0,-0.29686961967345826,0.0,0.00015932485850021644,0.0
0.0,0.0,-0.48669888265426053,0.0,0.0,0.0
0.0,0.0,-0.4995149924545762,0.0,0.0009088015265033469,0.0
0.0,0.0,-0.42140852624112374,0.0,0.000897446853408614,0.0
0.0,0.0,-0.43097372143754764,0.0,0.00879864891444732,0.0
0.0,0.0,-0.4100880625856992,0.0,0.007670249941371704,0.0
0.0,0.0,-0.5214677879169408,0.0,0.006120641786782447,0.0
0.0,0.0,-0.5232266484405531,0.0,0.005216669041568141,0.0
0.0,0.0,-0.44843199564948044,0.0,0.004909564831040787,0.0
0.0,0.0,-0.3854495530104397,0.0,0.004288458110303521,0.0
0.0,0.0,-0.3557354837962216,0.0,0.001554365351507781,0.0
0.0,0.0,-0.45574001503336276,0.0,0.002927492302456806,0.0
0.0,0.0,-0.30280078397678256,0.0,0.005041997750120373,0.0
0.0,0.0,-0.3365754865220959,0.0,0.004110878368370799,0.0
0.0,0.0,-0.3759593554153255,0.0,0.004460978786186287,0.0
0.0,0.0,-0.3646701715752364,0.0,0.004655483839617082,0.0
0.0,0.0,-0.4317081678544886,0.0,0.0015983507284640492,0.0
0.0,0.0,-0.48294940215915816,0.0,0.0,0.0
0.0,0.0,-0.6293494149291039,0.0,0.0,0.0
0.0,0.0,-0.6645986005865618,0.0,0.0,0.0
0.0,0.0,-0.6798452782887282,0.0,0.0,0.0
0.0,0.0,-0.8656468941156332,0.0,0.0,0.0
0.0,0.0,-0.9382564375533178,0.0,0.0,0.0
0.0,0.0,-0.8072618134804058,0.0,0.0,0.0
0.0,0.0,-0.8681589542537796,0.0,0.0,0.0
0.0,0.0,-0.8212445332012601,0.0,0.0,0.0
0.0,0.0,-0.8201553724894749,0.0,0.0,0.0
0.0,0.0,-0.8677581321674881,0.0,0.0,0.0
0.0,0.0,-0.7272908979044208,0.0,0.0,0.0
0.0,0.0,-0.7478738681633457,0.0,0.0018234912934190126,0.0
0.0,0.0,-0.6204948425491301,0.0,0.0004436011672757932,0.0
0.0,0.0,-0.4816014623288324,0.0,0.0007739963800280825,0.0
0.0,0.0,-0.4033289743983022,0.0,0.007054253457174332,0.0
0.0,0.0,-0.36853887432163474,0.0,0.0052690236250879565,0.0
0.0,0.0,-0.39774155813664064,0.0,0.001178921626905986,0.0
0.0,0.0,-0.29999047314235117,0.0,0.002051759846284266,0.0
0.0,0.0,-0.2585754461022277,0.0,0.0,0.0
0.0,0.0,-0.32820697712006675,0.0,0.0,0.0
0.0,0.0,-0.4162410787670428,0.0,0.0009981708943328643,0.0
0.0,0.0,-0.33104911880907223,0.0,0.0,0.0
0.0,0.0,-0.3488129924382636,0.0,0.0,0.0
0.0,0.0,-0.37361514528468887,0.0,0.0,0.0
0.0,0.0,-0.3436253784563893,0.0,0.0013138507007693118,0.0
0.0,0.0,-0.3768892737012084,0.0,0.0,0.0
0.0,0.0,-0.40870201600380607,0.0,0.0006610846438439092,0.0
0.0,0.0,-0.47355041913612955,0.0,0.0,0.0
0.0,0.0,-0.44678143750607135,0.0,0.0,0.0
0.0,0.0,-0.5047819423754709,0.0,0.0,0.0
0.0,0.0,-0.4893577915708095,0.0,0.0,0.0
0.0,0.0,-0.5034833514562657,0.0,0.0,0.0
0.0,0.0,-0.5986719197837076,0.0,0.0,0.0
0.0,0.0,-0.3361789352469759,0.0,0.0,0.0
0.0,0.0,-0.37961632290110137,0.0,0.0,0.0
0.0,0.0,-0.29288946080703415,0.0,0.0,0.0
0.0,0.0,-0.3490682050560597,0.0,0.0,0.0
0.0,0.0,-0.19210020434253408,0.0,0.0,0.0
0.0,0.0,-0.246231855629483,0.0,0.0,0.0
0.0,0.0,-0.27232781998925476,0.0,0.0,0.0
0.0,0.0,-0.18316032658402343,0.0,0.0,0.0
0.0,0.0,-0.21784908463392755,0.0,0.0,0.0
0.0,0.0,-0.29761800072801886,0.0,0.0,0.0
0.0,0.0,-0.3511043420422403,0.0,0.0,0.0
0.0,0.0,-0.338077726403709,0.0,0.0,0.0
0.0,0.0,-0.4219829210803706,0.0,0.0,0.0
0.0,0.0,-0.42682188520122955,0.0,0.0,0.0
0.0,0.0,-0.3936114870063307,0.0,0.0,0.0
0.0,0.0,-0.34984881842064325,0.0,0.0,0.0
0.0,0.0,-0.37432329702868206,0.0,0.0,0.0
0.0,0.0,-0.40389281590723425,0.0,0.0,0.0
0.0,0.0,-0.4759340348563324,0.0,0.0,0.0
0.0,0.0,-0.4064569936443088,0.0,0.0,0.0
0.0,0.0,-0.3859150001066222,0.0,0.0,0.0
0.0,0.0,-0.3411468953459015,0.0,0.0,0.0
0.0,0.0,-0.3450043937588822,0.0,0.0,0.0
0.0,0.0,-0.2697392080789919,0.0,0.0,0.0
0.0,0.0,-0.30770461331664145,0.0,0.0,0.0
0.0,0.0,-0.34277939501364707,0.0,0.0,0.0
0.0,0.0,-0.2997589599700607,0.0,0.0,0.0
0.0,0.0,-0.2750822171347864,0.0,0.0,0.0
0.0,0.0,-0.4331794800535387,0.0,0.0,0.0
0.0,0.0,-0.3816437609722841,0.0,0.0,0.0
0.0,0.0,-0.40385007449590804,0.0,0.0,0.0
0.0,0.0,-0.5037715010670467,0.0,0.0,0.0
0.0,0.0,-0.4275764142802744,0.0,0.0,0.0
0.0,0.0,-0.5675751673819864,0.0,0.0,0.0
0.0,0.0,-0.5825005489628287,0.0,0.0,0.0
0.0,0.0,-0.6285616035588146,0.0,0.0,0.0
0.0,0.0,-0.6439843920548803,0.0,0.0,0.0
0.0,0.0,-0.6666826716665819,0.0,0.0,0.0
0.0,0.0,-0.8139951032734988,0.0,0.0,0.0
0.0,0.0,-0.8011967173491026,0.0,0.0,0.0
0.0,0.0,-0.8345281431745779,0.0,0.0,0.0
0.0,0.0,-0.7383186196004254,0.0,0.0,0.0
0.0,0.0,-0.8815966446316283,0.0,0.0,0.0
0.0,0.0,-0.8928561797731618,0.0,0.0,0.0
0.0,0.0,-0.857760416436852,0.0,0.0,0.0
0.0,0.0,-0.8064241132505925,0.0,0.0,0.0
0.0,0.0,-0.8218085970445212,0.0,0.0,0.0
0.0,0.0,-0.972512381468519,0.0,0.0,0.0
0.0,0.0,-0.9918164101214094,0.0,0.0,0.0
0.0,0.0,-1.0092959543636466,0.0,0.0,0.0
0.0,0.0,-0.9929608706667474,0.0,0.0,0.0
0.0,0.0,-1.0563289323263052,0.0,0.0,0.0
0.0,0.0,-1.0351835801071805,0.0,0.0,0.0
0.0,0.0,-0.9901209484564841,0.0,0.0,0.0
0.0,0.0,-0.906897465703994,0.0,0.0,0.0
0.0,0.0,-1.0481096463075237,0.0,0.0,0.0
0.0,0.0,-1.0106649002045236,0.0,0.0,0.0
0.0,0.0,-0.8430086997799192,0.0,0.0,0.0
0.0,0.0,-0.7297195816644,0.0,0.0,0.0
0.0,0.0,-0.780522529289956,0.0,0.0,0.0
0.0,0.0,-0.8046964980700573,0.0,0.0,0.0
0.0,0.0,-0.786716726745431,0.0,0.0,0.0
0.0,0.0,-0.785121820266098,0.0,0.0,0.0
0.0,0.0,-0.7302873411795835,0.0,0.0,0.0
0.0,0.0,-0.8032086517626341,0.0,0.0,0.0
0.0,0.0,-0.7564412737082347,0.0,0.0,0.0
0.0,0.0,-0.7969180716119505,0.0,0.0,0.0
0.0,0.0,-0.7857572828114454,0.0,0.0,0.0
0.0,0.0,-0.7892999995293477,0.0,0.0,0.0
0.0,0.0,-0.8322469438739637,0.0,0.0,0.0
0.0,0.0,-0.7149648199909732,0.0,0.0,0.0
0.0,0.0,-0.8857937547511534,0.0,0.0,0.0
0.0,0.0,-0.7739945729272487,0.0,0.0,0.0
0.0,0.0,-0.7469738271476618,0.0,0.0,0.0
0.0,0.0,-0.7868847845700286,0.0,0.0,0.0
0.0,0.0,-0.8278926605701711,0.0,0.0,0.0
0.0,0.0,-0.7793727490022964,0.0,0.0,0.0
0.0,0.0,-0.9461796346282355,0.0,0.0,0.0
0.0,0.0,-0.9471472107609074,0.0,0.0,0.0
0.0,0.0,-1.0181305283057256,0.0,0.0,0.0
0.0,0.0,-0.8608502206250763,0.0,0.0,0.0
0.0,0.0,-0.8845239180748659,0.0,0.0,0.0
0.0,0.0,-0.9770682473921541,0.0,0.0,0.0
0.0,0.0,-0.9643976259593444,0.0,0.0,0.0
0.0,0.0,-0.9280465312324921,0.0,0.0,0.0
0.0,0.0,-0.9052827537021072,0.0,0.0,0.0
0.0,0.0,-1.0320336135553616,0.0,0.0,0.0
0.0,0.0,-0.8171158774880765,0.0,0.0,0.0
0.0,0.0,-0.834185754353137,0.0,0.0,0.0
0.0,0.0,-0.8267008661894325,0.0,0.0,0.0
0.0,0.0,-0.8181978765240905,0.0,0.0,0.0
0.0,0.0,-0.7948112992071634,0.0,0.0,0.0
0.0,0.0,-0.8357825229276614,0.0,0.0,0.0
0.0,0.0,-0.8075653085388257,0.0,0.0,0.0
0.0,0.0,-0.8530736776571427,0.0,0.0,0.0
0.0,0.0,-0.8496283569619744,0.0,0.0,0.0
0.0,0.0,-0.7953335407493035,0.0,0.0,0.0
0.0,0.0,-0.8153607469400651,0.0,0.0,0.0
0.0,0.0,-0.8565469446348695,0.0,0.0,0.0
0.0,0.0,-0.7843025105229551,0.0,0.0,0.0
0.0,0.0,-0.7754532910245866,0.0,0.0,0.0
0.0,0.0,-0.7789350372540116,0.0,0.0,0.0
0.0,0.0,-0.8230799333066197,0.0,0.0,0.0
0.0,0.0,-0.8220508104932188,0.0,0.0,0.0
0.0,0.0,-0.7218131761176856,0.0,0.0,0.0
0.0,0.0,-0.7609350402905288,0.0,0.0,0.0
0.0,0.0,-0.7191701138773742,0.0,0.0,0.0
0.0,0.0,-0.7233588692000048,0.0,0.0,0.0
0.0,0.0,-0.7712303365801221,0.0,0.0,0.0
0.0,0.0,-0.646066853123985,0.0,0.0,0.0
0.0,0.0,-0.6130732312840814,0.0,0.0,0.0
0.0,0.0,-0.5933388056620432,0.0,0.0,0.0
0.0,0.0,-0.6835007881797274,0.0,0.0,0.0
0.0,0.0,-0.7978903806913751,0.0,0.0,0.0
0.0,0.0,-0.7172010780765156,0.0,0.0,0.0
0.0,0.0,-0.7181220991816357,0.0,0.0,0.0
0.0,0.0,-0.711138100909987,0.0,0.0,0.0
0.0,0.0,-0.6474788519803634,0.0,0.0,0.0
0.0,0.0,-0.6866461390000621,0.0,0.0,0.0
0.0,0.0,-0.5997300290260577,0.0,0.0,0.0
0.0,0.0,-0.49669653580555534,0.0,0.0,0.0
0.0,0.0,-0.5498178250001734,0.0,0.0,0.0
0.0,0.0,-0.4361132015669651,0.0,0.0,0.0
0.0,0.0,-0.40860569035301386,0.0,0.0,0.0
0.0,0.0,-0.3531400294550724,0.0,0.0,0.0
0.0,0.0,-0.32984518887988146,0.0,0.0,0.0
0.0,0.0,-0.3519394522302203,0.0,0.0,0.0
0.0,0.0,-0.3459853413790217,0.0,0.0,0.0
0.0,0.0,-0.29629014355531574,0.0,0.0,0.0
0.0,0.0,-0.28188164421392303,0.0,0.0,0.0
0.0,0.0,-0.2879119560592068,0.0,0.0,0.0
0.0,0.0,-0.29961257387174006,0.0,0.0,0.0
0.0,0.0,-0.2680224941276462,0.0,0.0,0.0
0.0,0.0,-0.26908277384705565,0.0,0.0,0.0
0.0,0.0,-0.2263844939820061,0.0,0.0,0.0
0.0,0.0,-0.2118614738400721,0.0,0.0,0.0
0.0,0.0,-0.08736981485864305,0.0,0.0,0.0
0.0,0.0,-0.08290288603865088,0.0,0.0,0.0
0.0,0.0,-0.03703240751028956,0.0,0.0,0.0
0.0,0.0,-0.10068556251630219,0.0,0.0,0.0
0.0,0.0,-0.019584880902761927,0.0,0.0,0.0
0,0,0,0,0,0
0,0,0,0,0,0
0,0,0,0,0,0
0,0,0,0,0,0
0,0,0,0,0,0
0,0,0,0,0,0
0,0,0,0,0,0
0,0,0,0,0,0
0,0,0,0,0,0
0,0,0,0,0,0
0,0,0,0,0,0
0,0,0,0,0,0
0,0,0,0,0,0
0,0,0,0,0,0
0,0,0,0,0,0
0,0,0,0,0,0
0,0,0,0,0,0
0,0,0,0,0,0
0,0,0,0,0,0
0,0,0,0,0,0
0,0,0,0,0,0
0,0,0,0,0,0
0.0,0.0,0.0,-0.0010385584095768934,0.0,0.0
0.0,0.0,0.0,-0.0010385584095768934,0.0,0.0
0,0,0,0,0,0
0,0,0,0,0,0
0,0,0,0,0,0
0,0,0,0,0,0
0.0,0.0,0.0,-0.002387721285836919,0.0,0.0
0.0,0.0,0.0,-0.0050799301810531714,0.0,0.0
0.0,0.0,0.0,-0.0050799301810531714,0.0,0.0
0.0,0.0,0.0,-0.002776367971017097,0.0,0.0
0.0,0.0,0.0,-0.0035253575362774437,0.0,0.0
0.0,0.0,0.0,-0.009019757743173856,0.0,0.0
0.0,0.0,0.0,-0.005103494150730217,0.0,0.0
0.0,0.0,0.0,-0.0027444320694037004,0.0,0.0
0.0,0.0,0.0,-0.002853138365334703,0.0,0.0
0.0,0.0,0.0,-0.0043382135173570075,0.0,0.0
0.0,0.0,0.0,-0.0009875962790402916,0.0,0.0
0,0,0,0,0,0
0.0,0.0,0.0,-0.0006579150638622011,0.0,0.0
0,0,0,0,0,0
0,0,0,0,0,0
0,0,0,0,0,0
0,0,0,0,0,0
0,0,0,0,0,0
0,0,0,0,0,0
0,0,0,0,0,0
0,0,0,0,0,0
0,0,0,0,0,0
0,0,0,0,0,0
0,0,0,0,0,0
0,0,0,0,0,0
0,0,0,0,0,0
0,0,0,0,0,0
0,0,0,0,0,0
0,0,0,0,0,0
0,0,0,0,0,0
0,0,0,0,0,0
0,0,0,0,0,0
0,0,0,0,0,0
0,0,0,0,0,0
0,0,0,0,0,0
0,0,0,0,0,0
0,0,0,0,0,0
0,0,0,0,0,0
0,0,0,0,0,0
0,0,0,0,0,0
0,0,0,0,0,0
0,0,0,0,0,0
0,0,0,0,0,0
0,0,0,0,0,0
0,0,0,0,0,0
0,0,0,0,0,0
0,0,0,0,0,0
0,0,0,0,0,0
0,0,0,0,0,0
0,0,0,0,0,0
0,0,0,0,0,0
0,0,0,0,0,0
0,0,0,0,0,0
0,0,0,0,0,0
0,0,0,0,0,0
0,0,0,0,0,0
0,0,0,0,0,0
0,0,0,0,0,0
0,0,0,0,0,0
0,0,0,0,0,0
0,0,0,0,0,0
0,0,0,0,0,0
0,0,0,0,0,0
0,0,0,0,0,0
0,0,0,0,0,0
0,0,0,0,0,0
0,0,0,0,0,0
0,0,0,0,0,0
0,0,0,0,0,0
0,0,0,0,0,0
0,0,0,0,0,0
0,0,0,0,0,0
0,0,0,0,0,0
0,0,0,0,0,0
0,0,0,0,0,0
0,0,0,0,0,0
0,0,0,0,0,0
0,0,0,0,0,0
0,0,0,0,0,0
0,0,0,0,0,0
0,0,0,0,0,0
0,0,0,0,0,0
0,0,0,0,0,0
0,0,0,0,0,0
0,0,0,0,0,0
0,0,0,0,0,0
0,0,0,0,0,0
0,0,0,0,0,0
0,0,0,0,0,0
0,0,0,0,0,0
0,0,0,0,0,0
0,0,0,0,0,0
0,0,0,0,0,0
0,0,0,0,0,0
0,0,0,0,0,0
0,0,0,0,0,0
0,0,0,0,0,0
0,0,0,0,0,0
0,0,0,0,0,0
0,0,0,0,0,0
0,0,0,0,0,0
0,0,0,0,0,0
0,0,0,0,0,0
0,0,0,0,0,0
0,0,0,0,0,0
0,0,0,0,0,0
0,0,0,0,0,0
0,0,0,0,0,0
0,0,0,0,0,0
0,0,0,0,0,0
0,0,0,0,0,0
0,0,0,0,0,0
0,0,0,0,0,0
0,0,0,0,0,0
0,0,0,0,0,0
0,0,0,0,0,0
0,0,0,0,0,0
0,0,0,0,0,0
0,0,0,0,0,0
0,0,0,0,0,0
0,0,0,0,0,0
0,0,0,0,0,0
0,0,0,0,0,0
0,0,0,0,0,0
0,0,0,0,0,0
0,0,0,0,0,0
0,0,0,0,0,0
0,0,0,0,0,0
0,0,0,0,0,0
0,0,0,0,0,0
0,0,0,0,0,0
0,0,0,0,0,0
0,0,0,0,0,0
0,0,0,0,0,0
0,0,0,0,0,0
0,0,0,0,0,0
0,0,0,0,0,0
0,0,0,0,0,0
0,0,0,0,0,0
0,0,0,0,0,0
0,0,0,0,0,0
0,0,0,0,0,0
0,0,0,0,0,0
0,0,0,0,0,0
0,0,0,0,0,0
0,0,0,0,0,0
0,0,0,0,0,0
0,0,0,0,0,0
0,0,0,0,0,0
0,0,0,0,0,0
0,0,0,0,0,0
0,0,0,0,0,0
0,0,0,0,0,0
0,0,0,0,0,0
0,0,0,0,0,0
0,0,0,0,0,0
0,0,0,0,0,0
0,0,0,0,0,0
0,0,0,0,0,0
0,0,0,0,0,0
0,0,0,0,0,0
0,0,0,0,0,0
0,0,0,0,0,0
0,0,0,0,0,0
0,0,0,0,0,0
0,0,0,0,0,0
0,0,0,0,0,0
0,0,0,0,0,0
0,0,0,0,0,0
0,0,0,0,0,0
0,0,0,0,0,0
0,0,0,0,0,0
0,0,0,0,0,0
0,0,0,0,0,0
0,0,0,0,0,0
0,0,0,0,0,0
0,0,0,0,0,0
0,0,0,0,0,0
0,0,0,0,0,0
0,0,0,0,0,0
0,0,0,0,0,0
0,0,0,0,0,0
0,0,0,0,0,0
0,0,0,0,0,0
0,0,0,0,0,0
0,0,0,0,0,0
0,0,0,0,0,0
0,0,0,0,0,0
0,0,0,0,0,0
0,0,0,0,0,0
0,0,0,0,0,0
0,0,0,0,0,0
0,0,0,0,0,0
0,0,0,0,0,0
0,0,0,0,0,0
0,0,0,0,0,0
0,0,0,0,0,0
0,0,0,0,0,0
0,0,0,0,0,0
0,0,0,0,0,0
0,0,0,0,0,0
0,0,0,0,0,0
0,0,0,0,0,0
0,0,0,0,0,0
0,0,0,0,0,0
0,0,0,0,0,0
0,0,0,0,0,0
0,0,0,0,0,0
0,0,0,0,0,0
0,0,0,0,0,0
0,0,0,0,0,0
0,0,0,0,0,0
0,0,0,0,0,0
0,0,0,0,0,0
0,0,0,0,0,0
0,0,0,0,0,0
0,0,0,0,0,0
0,0,0,0,0,0
0,0,0,0,0,0
0,0,0,0,0,0
0,0,0,0,0,0
0,0,0,0,0,0
0,0,0,0,0,0
0,0,0,0,0,0
0,0,0,0,0,0
0,0,0,0,0,0
0,0,0,0,0,0
0,0,0,0,0,0
0,0,0,0,0,0
0,0,0,0,0,0
0,0,0,0,0,0
0,0,0,0,0,0
0,0,0,0,0,0
0,0,0,0,0,0
0,0,0,0,0,0
0,0,0,0,0,0
0,0,0,0,0,0
0,0,0,0,0,0
0,0,0,0,0,0
0,0,0,0,0,0
0,0,0,0,0,0
0,0,0,0,0,0
0,0,0,0,0,0
0,0,0,0,0,0
0,0,0,0,0,0
0,0,0,0,0,0
0,0,0,0,0,0
0,0,0,0,0,0
0,0,0,0,0,0
0,0,0,0,0,0
0,0,0,0,0,0
0,0,0,0,0,0
0,0,0,0,0,0
0,0,0,0,0,0
0,0,0,0,0,0
0,0,0,0,0,0
0,0,0,0,0,0
0,0,0,0,0,0
0,0,0,0,0,0
0,0,0,0,0,0
0,0,0,0,0,0
0,0,0,0,0,0
0,0,0,0,0,0
0,0,0,0,0,0
0,0,0,0,0,0
0,0,0,0,0,0
0,0,0,0,0,0
0,0,0,0,0,0
0,0,0,0,0,0
0,0,0,0,0,0
0,0,0,0,0,0
0,0,0,0,0,0
0,0,0,0,0,0
0,0,0,0,0,0
0,0,0,0,0,0
0,0,0,0,0,0
0,0,0,0,0,0
0,0,0,0,0,0
0,0,0,0,0,0
0,0,0,0,0,0
0,0,0,0,0,0
0,0,0,0,0,0
0,0,0,0,0,0
0,0,0,0,0,0
