0,0,0,0,0,0
0,0,0,0,0,0
0,0,0,0,0,0
0,0,0,0,0,0
0,0,0,0,0,0
0,0,0,0,0,0
0,0,0,0,0,0
0,0,0,0,0,0
0,0,0,0,0,0
0,0,0,0,0,0
0,0,0,0,0,0
0,0,0,0,0,0
0,0,0,0,0,0
0,0,0,0,0,0
0,0,0,0,0,0
0,0,0,0,0,0
0,0,0,0,0,0
0,0,0,0,0,0
0,0,0,0,0,0
0,0,0,0,0,0
0,0,0,0,0,0
0,0,0,0,0,0
0,0,0,0,0,0
0,0,0,0,0,0
0,0,0,0,0,0
0,0,0,0,0,0
0,0,0,0,0,0
0,0,0,0,0,0
0,0,0,0,0,0
0,0,0,0,0,0
0,0,0,0,0,0
0,0,0,0,0,0
0,0,0,0,0,0
0,0,0,0,0,0
0,0,0,0,0,0
0,0,0,0,0,0
0,0,0,0,0,0
0,0,0,0,0,0
0,0,0,0,0,0
0,0,0,0,0,0
0,0,0,0,0,0
0,0,0,0,0,0
0,0,0,0,0,0
0,0,0,0,0,0
0,0,0,0,0,0
0,0,0,0,0,0
0,0,0,0,0,0
0,0,0,0,0,0
0,0,0,0,0,0
0,0,0,0,0,0
0,0,0,0,0,0
0,0,0,0,0,0
0,0,0,0,0,0
0,0,0,0,0,0
0,0,0,0,0,0
0,0,0,0,0,0
0,0,0,0,0,0
0,0,0,0,0,0
0,0,0,0,0,0
0,0,0,0,0,0
0,0,0,0,0,0
0,0,0,0,0,0
0,0,0,0,0,0
0,0,0,0,0,0
0,0,0,0,0,0
0,0,0,0,0,0
0,0,0,0,0,0
0,0,0,0,0,0
0,0,0,0,0,0
0,0,0,0,0,0
0,0,0,0,0,0
0,0,0,0,0,0
0,0,0,0,0,0
0,0,0,0,0,0
0,0,0,0,0,0
0,0,0,0,0,0
0,0,0,0,0,0
0,0,0,0,0,0
0,0,0,0,0,0
0,0,0,0,0,0
0,0,0,0,0,0
0,0,0,0,0,0
0,0,0,0,0,0
0,0,0,0,0,0
0,0,0,0,0,0
0,0,0,0,0,0
0,0,0,0,0,0
0,0,0,0,0,0
0,0,0,0,0,0
0,0,0,0,0,0
0,0,0,0,0,0
0,0,0,0,0,0
0,0,0,0,0,0
0,0,0,0,0,0
0,0,0,0,0,0
0,0,0,0,0,0
0,0,0,0,0,0
0,0,0,0,0,0
0,0,0,0,0,0
0,0,0,0,0,0
0,0,0,0,0,0
0,0,0,0,0,0
0,0,0,0,0,0
0,0,0,0,0,0
0,0,0,0,0,0
0,0,0,0,0,0
0,0,0,0,0,0
0,0,0,0,0,0
0,0,0,0,0,0
0,0,0,0,0,0
0,0,0,0,0,0
0,0,0,0,0,0
0,0,0,0,0,0
0,0,0,0,0,0
0,0,0,0,0,0
0,0,0,0,0,0
0,0,0,0,0,0
0,0,0,0,0,0
0,0,0,0,0,0
0,0,0,0,0,0
0,0,0,0,0,0
0,0,0,0,0,0
0,0,0,0,0,0
0,0,0,0,0,0
0,0,0,0,0,0
0,0,0,0,0,0
0,0,0,0,0,0
0,0,0,0,0,0
0,0,0,0,0,0
0,0,0,0,0,0
0,0,0,0,0,0
0,0,0,0,0,0
0,0,0,0,0,0
0,0,0,0,0,0
0,0,0,0,0,0
0,0,0,0,0,0
0,0,0,0,0,0
0,0,0,0,0,0
0,0,0,0,0,0
0,0,0,0,0,0
0,0,0,0,0,0
0,0,0,0,0,0
0,0,0,0,0,0
0,0,0,0,0,0
0,0,0,0,0,0
0,0,0,0,0,0
0,0,0,0,0,0
0,0,0,0,0,0
0,0,0,0,0,0
0,0,0,0,0,0
0,0,0,0,0,0
0,0,0,0,0,0
0,0,0,0,0,0
0,0,0,0,0,0
0,0,0,0,0,0
0,0,0,0,0,0
0,0,0,0,0,0
0,0,0,0,0,0
0,0,0,0,0,0
0,0,0,0,0,0
0,0,0,0,0,0
0,0,0,0,0,0
0,0,0,0,0,0
0,0,0,0,0,0
0,0,0,0,0,0
0,0,0,0,0,0
0,0,0,0,0,0
0,0,0,0,0,0
0,0,0,0,0,0
0,0,0,0,0,0
0,0,0,0,0,0
0,0,0,0,0,0
0,0,0,0,0,0
0,0,0,0,0,0
0,0,0,0,0,0
0,0,0,0,0,0
0,0,0,0,0,0
0,0,0,0,0,0
0,0,0,0,0,0
0,0,0,0,0,0
0,0,0,0,0,0
0,0,0,0,0,0
0,0,0,0,0,0
0,0,0,0,0,0
0,0,0,0,0,0
0,0,0,0,0,0
0,0,0,0,0,0
0,0,0,0,0,0
0,0,0,0,0,0
0,0,0,0,0,0
0,0,0,0,0,0
0,0,0,0,0,0
0,0,0,0,0,0
0,0,0,0,0,0
0,0,0,0,0,0
0,0,0,0,0,0
0,0,0,0,0,0
0,0,0,0,0,0
0,0,0,0,0,0
0,0,0,0,0,0
0,0,0,0,0,0
0,0,0,0,0,0
0,0,0,0,0,0
0,0,0,0,0,0
0,0,0,0,0,0
0,0,0,0,0,0
0,0,0,0,0,0
0,0,0,0,0,0
0,0,0,0,0,0
0,0,0,0,0,0
0,0,0,0,0,0
0,0,0,0,0,0
0,0,0,0,0,0
0,0,0,0,0,0
0,0,0,0,0,0
0,0,0,0,0,0
0,0,0,0,0,0
0,0,0,0,0,0
0.0,0.05829145974404637,0.0,0.0,0.0,0.0
0.0,0.36222487913907364,0.0,0.0028476737401129195,0.0,0.0
0.0,0.42891855441870586,0.0,0.010273403273039983,0.0,0.0
0.0,0.6536675293391009,0.0,0.014622971584868175,0.0,0.0
0.0,0.9147772204640419,0.0,0.01789460732750826,0.0,0.0
0.0,1.0454096750219022,0.0,0.0257593016319565,0.0,0.0
0.0,1.4746706936015497,0.0,0.025929659718227294,0.0,0.0
0.0,1.358204735265965,0.0,0.031775666049627824,0.0,0.0
0.0,1.5195336834321431,0.0,0.03364035233746885,0.0,0.0
0.0,1.688441146729696,0.0,0.02645131376134216,0.0,0.0
-0.015068255686413498,1.0571643420955794,0.0,0.03700921540998668,0.0,0.0
0.0,1.0229543975315833,0.0,0.02943860104015835,0.0,0.0
0.0,1.3589452936105428,0.0,0.022334526502180263,0.0,0.0
0.0,1.0706105903866399,0.0,0.02885423522414766,0.0,0.0
0.0,1.1163410565302143,0.0,0.03026527396921506,0.0,0.0
0.0,1.2681021320185804,0.0,0.03197408718407637,0.0,0.0
0.0,1.157763115128909,0.0,0.031929616978660674,0.0,0.0
0.0,1.2519248750412642,0.0,0.027076389461121175,0.0,0.0
0.0,1.3903099796869263,0.0,0.02484652070555395,0.0,0.0
0.0,1.1918236976969496,0.0,0.03046370880378676,0.0,0.0
0.0,1.217986598117546,0.0,0.03063631338582138,0.0,0.0
0.0,0.853983583678985,0.0,0.031854095427832185,0.0,0.0
0.0,0.9857692817435131,0.0,0.022380668236936817,0.0,0.0
0.0,0.8109065471345225,0.0,0.02224496602722778,0.0,0.0
0.0,0.5497906495182999,0.0,0.02478864389971803,0.0,0.0
0.0,0.570989989677843,0.0,0.0213393607710248,0.0,0.0
0.0,0.4977913604879469,0.0,0.018280703442633613,0.0,0.0
0.0,0.40887868591072374,0.0,0.019183740355059535,0.0,0.0
0.0,0.48155745608754563,0.0,0.015148994269396018,0.0,0.0
0.0,0.49205645390308206,0.0,0.018992410846614818,0.0,0.0
0.0,0.5509910399790237,0.0,0.021231928748123265,0.0,0.0
0.0,0.39353791638957125,0.0,0.029974460184072238,0.0,-0.0010515810427066073
0.0,0.5177491875981698,0.0,0.03231120771430796,0.0,-0.0019672598797734497
0.0,0.6430208486737214,0.0,0.032347606273151246,0.0,-0.005932990040734487
0.0,0.672286054103661,0.0,0.033780877269602286,-4.289561949265549e-06,-0.011657138603209412
0.0,0.31367700534712956,0.0,0.04044222069239942,-0.0018511101434358155,-0.010503995611693944
0.0,0.5260817765284865,0.13828751717120372,0.03790701291841544,-0.0019029186511424136,-0.014743075097152466
0.0,0.5457674490176438,0.1816558974513849,0.04145559124557946,-0.003168316823337228,-0.022584558537074743
0.0,0.6330032883654597,0.32826728803135213,0.03858795283046365,-0.0024761722221328733,-0.025679079710524085
0.0,0.5260178777109044,0.46078818990643544,0.04153564899525974,-0.0007366908007676859,-0.032450574171954696
0.0,0.40953755317110047,0.5808993728821309,0.041371421162206434,-0.0024296731138988385,-0.03708690618621472
0.0,0.17979845170452086,0.6238111491464277,0.045237244106405845,-0.0045769606044305374,-0.03806883220123023
0.0,0.2807698081075804,0.6770575912029191,0.03907059418532162,-0.007015018556777103,-0.03995640017218568
0.0,0.27556249090149415,0.8015350340106415,0.04009892104813459,-0.005782441686157911,-0.04658809342847431
0.0,0.2734570684896708,0.8572114014971286,0.04152455616900335,-0.0037448028830193393,-0.047650731141741884
0.0,0.10515421337481765,0.919429303157744,0.04529798130704693,-0.0029999840630280847,-0.04719596188223969
0.0,0.17145802918794323,0.981345892233436,0.04076867623717173,-0.001419950000411561,-0.04561242510789206
0.0,0.17704841052102466,1.1287751053437196,0.04063327180929647,-0.001998693554268972,-0.05603220254718368
0.0,0.2051385656116979,1.330545524260023,0.04474415339292511,0.0,-0.04989662561592438
0.0,0.23880141251850356,1.4186977453064367,0.04887220154198747,-0.0009690579301328602,-0.052223217250118706
0.0,0.20188637027921907,1.5748620100306487,0.04325207043573583,-0.0023112491510640975,-0.05438168812104843
0.0,0.20159166866452227,1.6406942067021046,0.042897007102179606,0.0,-0.049003061504060405
0.0,0.2445683532779362,1.7773391153746227,0.048540046540380334,0.0,-0.04481800903965481
0.0,0.14216999190737206,2.0210781361404786,0.05381642146692576,0.0,-0.0451820099244283
0.0,0.29410685410447823,2.087056972338673,0.050667998686612904,0.0,-0.04209214941867928
0.0,0.1410586581185462,2.1983300719688526,0.05607575322694545,0.0,-0.03528485171728864
0.0,0.003218479593209333,2.5171131673472864,0.056741592470525834,0.0,-0.03855161386211078
0.0,0.0,2.664900653679532,0.051555334787722396,0.0,-0.030047812127507255
0.0,0.0,2.845804720510579,0.04507758185143772,0.0,-0.027394755684532878
0.0,0.0,2.9254517715002577,0.04371827474196269,0.0,-0.018835731538239094
0.0,0.0,3.2177534512541657,0.043848255663152785,0.0,-0.01571168659364784
0.0,0.0,3.216882488009257,0.04778207159337218,0.0,-0.010002695493042382
0.0,0.0,3.421400549933653,0.0423840407048299,0.0,-0.0035364378767977745
0.0,0.01964307849194317,3.6244942507510025,0.04178396603746428,0.0,0.0
0.0,0.0,3.690840490387019,0.04564303314883959,0.0,0.0
0.0,0.0,3.690374746295221,0.04251399064806205,0.0,0.0
0.0,0.0,3.91554860951756,0.037614516261240474,0.0,0.0
0.0,0.0,4.0396229453237975,0.03831030014056717,0.003042841503724205,0.0
0.0,0.0,3.963883905197835,0.04144365878193434,0.0064065246007461215,0.0
0.0,0.0,4.318206855039646,0.05192014658200026,0.01115926796804196,0.0
0.0,0.0,4.291657309765801,0.04909489442601748,0.006906672169385589,0.0
0.0,0.0,4.52357012139945,0.05740056005253841,0.0049032169874066766,0.0
0.0,0.0,4.765562843366927,0.05071173594346179,0.002349289485069068,0.0
0.0,0.0,4.838955672795359,0.04916610236810067,0.003541331213582689,0.0
0.0,0.0,5.1165430650697505,0.04024722512623188,0.0032340153470703696,0.0
0.0,0.0,5.2103823698341625,0.037461873114477226,0.0032675059896459134,0.0
0.0,0.0,5.303331172781379,0.038621316999238514,0.002198427278003334,0.0
0.0,0.0,5.571340134467768,0.03882902210328522,0.0005778957867353659,0.0
0.0,0.0,5.765795194935746,0.03439125976310729,0.0,0.0
0.0,0.0,5.751670684931123,0.03348896150224249,0.0,0.0
0.0,0.0,5.95811536241531,0.03723143494528868,0.0,0.0
0.0,0.0,6.297770782001567,0.026336181828327188,0.001290143410315978,0.0
0.0,0.0,6.444507554932858,0.027629006012651548,0.0033738682833516958,0.0
0.0,0.0,6.64157853783586,0.025201176199518994,0.0006685018781243506,0.0
0.0,0.0,6.665795166544795,0.029825328228539172,0.00026961616787915955,0.0
0.0,0.0,6.850904544289522,0.03890716754587702,0.0,0.0
0.0,0.0,6.869451075857489,0.022272793606506337,0.0,0.0
0.0,0.0,6.255080323531155,0.0,0.004644889002543652,0.0
0.0,0.0,6.025007140084179,-0.014478175636891582,0.0,0.0
0.0,0.0,6.630175801702043,-0.0498459649552056,0.0006046411678530422,0.0
0.0,0.0,6.697312302696484,-0.08123256603693006,0.0,0.0
0.0,0.0,6.731156962448542,-0.11453696038954209,0.0,-0.00025465360068130117
0.0,0.0,7.068466006156257,-0.09988203926960112,0.0,-0.000368277060273286
0.0,0.0,7.2466895044354045,-0.07861847703821608,0.0,0.0
0.0,0.0,7.8813668462617015,-0.08473332659379924,0.0,-0.00010043764960436432
0.0,-0.011648369662510472,7.321254220365347,-0.10148487425754997,0.0,0.0
0.0,-0.5516983324990525,7.968734792102093,-0.13236423816672735,0.0,-0.002072048846794107
0.0,-0.8019107469330775,8.389565059202557,-0.12458777465354705,0.0,-0.0025072136872373823
0.0,-0.7302466632546262,8.303478773325626,-0.1758640322880789,0.012302555384194011,-0.0019226049625797957
0.0,-0.7572913807051393,7.652483393371813,-0.1896912023467638,0.007158939781525864,-0.0007246172540188717
0.0,-0.5221997811332804,7.539501262410954,-0.18078473326108255,0.0026183398703166585,-0.006746933420886669
0.0,-0.22722213761630697,7.849867176329502,-0.1663887676801988,0.0,0.0
0.0,-0.4034513312032667,8.488062820069612,-0.16421823545369435,0.0,-0.00045077229214622377
0.0,-0.15518895008910225,7.6005135783754145,-0.16672306525915345,0.011463688060717632,0.0
0.0,-0.5192366285879836,7.140444928707952,-0.19206641273185338,0.03320984716463816,0.0
0.0,-0.05606003102039338,8.618297264988517,-0.14098496345949457,0.011561567383912086,0.0
0.0,0.0,9.956567012474524,-0.07545623273761673,0.0,0.0
0.0,0.0,8.392261005295753,-0.09519648104024372,0.0,0.0
0.0,0.0,7.575807656358146,-0.16970366769934156,0.0,-0.0047949584811189825
0.48861572980592394,0.0,8.34555925989056,-0.17203435769032832,-0.013224984739648487,0.0
0.18845648479884025,-0.1476952159850517,8.050838464835305,-0.18419531857497937,0.0,0.0
0.0,-0.9145338508435111,8.267904088861544,-0.21717143015662907,0.0,-0.007115207194283789
0.0,-0.692689467367913,7.935517765564344,-0.2719393359563342,0.0,0.0
0.0,-1.0539415790991085,7.615372863008092,-0.19277514443974184,0.0014125851358225898,0.0
0.0,0.0,8.282402930451278,-0.20614431793837112,0.0,-0.0041591972990779776
0.0,0.0,8.375710576134122,-0.15395277722562645,0.0,0.0
0.0,0.0,8.442779244280445,-0.1447963513050413,0.0,0.0
0.028480765081959125,0.0,8.147054871065393,-0.13378676453286673,0.0,0.0
0.05260753120462182,0.0,8.188568940408997,-0.09748203560147471,0.0,-0.0014052322218838617
0.08040950469154903,0.0,8.832299066623518,-0.08973015416763225,0.0,-0.006088619398306451
0.0,0.0,8.300900648174588,-0.13809383903030223,0.0,0.0
0.0,0.0,7.077420911318353,-0.13939559885277492,0.0,0.0
0.0,0.0,8.19450594068133,-0.120350539595475,0.0,-0.00843999946809796
0.0,0.0,9.006090071035818,-0.09415770017455787,0.0,-6.056330154053278e-06
0.12757438930758816,0.0,9.19453062763525,-0.02836707393198129,0.0,0.0
0.07934484008254974,0.0,9.016778804833006,-0.0011755105802249855,-0.0021433721642327265,-0.011079784549919768
0.0,0.0,8.827658019917155,0.0,-0.012445227877281653,-0.00905726394072075
0.0,0.0,8.580683513495257,0.0,-0.00622431814397439,-0.0011216640281883365
0.0,0.0,9.035851488237775,0.0,-0.004931745208351696,-0.006425342314933605
0.0,0.0,9.495967108000542,0.0,-0.0034641314184619748,-0.015769337803699685
0.0,0.0,9.119705641170066,0.002999883276255247,0.0,-0.013199080091723835
0.0,0.0,8.599420253811555,0.0,0.0,-0.015945981307147493
0.0,0.0,8.530701957932639,0.0070273455180908636,0.0,-0.016145771292962678
0.0,0.0,8.745700721366356,0.039466728967306394,0.0,-0.019433424005332173
0.0,0.04954593934844751,9.196222880905074,0.06210754555030891,0.0,-0.012661385980636805
0.0,0.0,8.953230789538045,0.09820681977485629,0.0,-0.010787529113370217
0.0,0.039677758540810376,8.900117889271403,0.0988405183946884,0.0,-0.019631433119930618
0.0,0.05336470958711108,8.778814310626066,0.11017019850006456,0.0,-0.014215014911908592
0.0,0.16721627391841426,8.762158121056203,0.10382221091642552,0.0,-0.01431208335537652
0.0,0.130695662308942,8.76780071839335,0.10179411950454101,0.0,-0.014069083179311343
0.0,0.0,8.23052991230462,0.08994992997127242,0.0,-0.010417017681696585
0.0,0.004613194086169834,8.104696638546763,0.08806508840203323,0.0,-0.015156895557972078
0.0,0.0,8.70183442322577,0.11812719889821328,0.0,-0.012114026131512497
0.0,0.0,8.426369708554622,0.09969036373879206,0.0,-0.011340230989377146
0.0,0.0,8.426369708554622,0.09969036373879206,0.0,-0.011340230989377146
0.0,0.0,8.755992332357174,0.09631238651783983,0.0,-0.008836146042823295
0.0,0.005096231601042937,8.972017346504645,0.09942582677438315,-0.0013955753573000958,-0.0073686148924754155
0.0,0.0,8.886252891042961,0.10518196835548092,-0.009100337809370366,-0.00653974525587842
0.060200913049145086,0.015916025284253114,8.752429840341426,0.11125092886546646,-0.00980780676743069,-0.004008298571788491
0.019392657453160267,0.2716919910151744,9.08533903300406,0.12173651623177646,-0.01241419123331275,-0.0031966920157175983
0.0,0.0,9.33416986658068,0.11649390450036878,-0.0039074436353263835,0.0
0.0,0.0,9.014217218948009,0.07895565115483412,0.0,0.0
0.0,0.0,8.146240548157447,0.03904042931583932,0.0,0.0
0.0,0.0,7.994456502058102,0.03736460027877018,0.0,0.0
0.0,0.0,8.061036904815895,0.05534651556381063,0.0,0.0
0.0,0.0,7.635492724892151,0.09086237777028032,-0.01171842474363259,0.0
0.20033375404727147,0.0,7.051058267349914,0.10334777339780295,-0.013890431227722799,0.0
0.2352049351637501,0.22117289463466805,6.903352427696772,0.11656504266689524,-0.022876841018483314,0.0
0.29397689584959696,0.3874634579511369,7.231617128800494,0.12860886527286194,-0.024897152956603313,0.0
0.14038462976900185,0.10010789722525507,6.832268323044401,0.12368998776075475,-0.014392923131250618,0.0
0.09497252291373164,0.10525180760834998,6.677215424775532,0.1042206308354714,-0.013117642045136716,0.0
0.09497252291373164,0.10525180760834998,6.677215424775532,0.1042206308354714,-0.013117642045136716,0.0
0.1605569788111145,0.0,6.912840522515538,0.10503928835520182,-0.012274734480733632,0.0
0.0,0.043491415986028556,7.068180577248036,0.08126398223917457,-0.00914542962731538,0.0
0.0,0.0,6.762588729378225,0.07801581774781798,-0.0026149552282962833,0.0
0.0,0.0,6.491587676593508,0.08347437783265195,-0.007984940014015802,0.0
0.17718324811991554,0.33205281091389016,6.828021270983486,0.10200770222501429,-0.016656849545986025,0.0
0.3575881890247615,0.18131889933471526,7.102594993341772,0.1190647248946602,-0.020792421968216387,0.0
0.17235208168091007,0.0,6.7745912802979165,0.090197047232461,-0.011561202979828775,0.0
0.0,0.0,6.77857356500804,0.06820718001341984,-0.005772861645566918,0.0
0.0,0.0,6.765821648431182,0.07010435914234833,-0.006327512850190305,0.0
0.0,0.0,6.905502386899824,0.07090854821344758,-0.009728962593246123,0.0
0.11345988265757842,0.0,7.414088418033299,0.07903392848309199,-0.013295967813936554,0.0
0.0,0.0,7.259230085276359,0.06724412697602047,-0.0026103578824044926,0.0
0.0,0.0,6.791228384248981,0.054420458148272635,0.0,0.0
0.0,0.0,6.942909166104566,0.06390757357564295,-0.0003585088965348506,0.0
0.0,0.0,7.0235090726663545,0.06579618761807436,-0.004395359681811135,0.0
0.0,0.0,7.1541677179667165,0.06899885997636639,-0.0018951699633831386,0.0
0.0,0.0,7.116943400685109,0.058487623889706145,0.0,0.0
0.0,0.0,6.722496273726248,0.049477706364753675,0.0,0.0
0.0,0.0,6.691595174349596,0.05358955813305388,-0.0013341163370294484,0.0
0.0,0.0,7.177911652358577,0.0668925746588086,0.0,0.0
0.0,0.0,7.066040685669255,0.061661148438882554,0.0,0.0
0.0,0.0,6.101582658570553,0.03597965999076473,0.0,0.0
0.0,0.0,5.837943888937838,0.03997293586335842,0.0,0.0
0.0,0.0,6.123178162408353,0.05780400618823041,0.0,0.0
0.0,0.0,6.0743187897696025,0.07734810782954098,-0.01174421023928213,0.0
0.0,0.0,5.5145213361692536,0.07472544133385602,-0.00904924437627572,0.0
0.0,0.0,5.192888717110643,0.0714631759965508,-0.00958631956383296,0.0
0.0,0.11613782798675676,5.237580463224347,0.08259925835018897,-0.010470231593990123,0.0
0.0,0.2466736425079398,5.687129639637091,0.09038290589919687,-0.005825432535405979,0.0
0.0,0.3408306112642496,5.5020086971442135,0.0755815476310969,-0.0009907471887150411,0.0
0.0,0.16127684793980057,5.159000852270593,0.07727891079383642,-0.0045653699994685736,0.0
0.0,0.5131670796708355,5.491613915007367,0.08616092660524771,-0.011618539647919828,0.0
0.0,0.34957342911827544,5.847844946757606,0.09745740776487725,-0.007815836124161578,0.0
0.0,0.3601335065691026,5.556328924410139,0.08223951364596008,-0.009828327528093083,0.0
0.0,0.0,5.414478863789349,0.06926807700154627,-0.007277918510912376,0.0
0.0,0.0,5.3998779003566595,0.06130385733436518,0.0,0.0
0.0,0.0,5.9173506878192885,0.06348944180319185,-0.0006112561588508396,0.0
0.0,0.0,5.7620900522420415,0.061453801446859135,-0.0007385439289269662,0.0
0.0,0.0,5.268561089163125,0.05034217746646299,0.0,0.0
0.0,0.03002140595894674,5.1879663256300015,0.06622950426417902,-0.00864210557037561,0.0
0.0,0.2791907319706151,5.511145948033413,0.08981421330107636,-0.01731962912868657,0.0
0.024262740803652646,0.39327330978979147,5.526467501725825,0.10305512040284286,-0.023177340963078406,0.0
0.06370915688229732,0.4234419226440173,5.0279817838808745,0.09495251235524384,-0.019556107125461762,0.0
0.0,0.4229711761749725,5.1105730626477825,0.09961206732795112,-0.024588834387119847,0.0
0.0,0.4731148631740236,5.379590635405405,0.09101972136234411,-0.011309987767988798,0.0
0.0,0.407309457046122,5.35165056182108,0.08274814253916844,-0.0022118497463930924,0.0
0.0,0.03042439728960484,4.883533705712481,0.0692742932359701,0.0,0.0
0.0,0.32627741571289653,4.846071300768853,0.09145639674262196,-0.009002409259014429,0.0
0.11847549387943332,1.1643146525969554,5.436863841036656,0.11917397200836433,-0.018814636155462954,0.0
0.19976565223754764,0.9280311531933417,5.687245214073397,0.13732561755821676,-0.02565489866746934,0.0008056659222976289
0.0,0.48674560821465984,5.2654277621476435,0.10048156012251433,-0.013960778092022712,0.0
0.0,0.013241944841383389,5.132640510018883,0.07858809696625893,-0.007053941562599357,0.0
0.0,0.0,5.756156540477165,0.068542459268468,-0.0033049222212915667,0.0
0.0,0.0,5.887238937818299,0.046490736437258505,0.0,0.0
0.0,0.0,5.370575258236414,0.036558916337562884,0.0,0.0
0.0,0.0,5.685567734960721,0.04004537204507157,-0.00020008103225574572,0.0
0.0,0.0,6.0524266124023045,0.05681894642953126,-0.004281761477061614,0.0
0.0,0.0,5.882036431587709,0.06512307761747357,-0.004329391810304942,0.0
0.0,0.07553447479107533,5.644892908204329,0.08240582613430351,-0.014477170913702106,0.0
0.0,0.3364983033017833,5.8519924741053515,0.10561254393996336,-0.02005177672613312,0.0
0.0,0.3844170464546598,6.144429362361486,0.10615967487504316,-0.0095515786264241,0.0
0.0,0.07347902248491053,5.884884489289306,0.08837294802259553,-0.0019520968297935017,0.0
0.0,0.0,5.549363966252221,0.08529306339319795,-0.0022254290514637665,0.0
0.0,0.16153220168818944,5.424473988957912,0.0780419454152417,-0.004443935778801793,0.0
0.0,0.10540340792673757,5.558286780644365,0.0877293486656058,-0.003578239070698476,0.0
0.0,0.09919597564072057,5.828647518561855,0.09127340320930352,-0.009399652099724641,0.0
0.0,0.0,5.430957842680275,0.07795818373387844,-0.004445757779591229,0.0
0.0,0.0,5.1516180971957635,0.06515839895581925,-0.0048929988044136225,0.0
0.0,0.0,5.478731791266075,0.07896792456451122,-0.010818940427601446,0.0
0.0,0.0,5.394774513097953,0.07744430495090693,-0.008830128912654087,0.0
0.0,0.0,4.931392959787975,0.06133910995471351,-0.005800995318203893,0.0
0.0,0.0,5.009510840904972,0.07550126094961689,-0.006327199096101068,0.0
0.0,0.0,4.796841856609731,0.07726600850993529,-0.008239129422844743,0.0
0.0,0.0,4.608007275000663,0.08275732385806102,-0.00826905377522009,0.0
0.0,0.0,4.60072652824223,0.07790102162503972,-0.006700018596062343,0.0
0.0,0.0,4.183284152197962,0.06976064787537777,-0.009355268929814226,0.0
0.0,0.0,4.255508991382882,0.07981907721912897,-0.0065490130745283525,0.0
0.0,0.0,4.427477430366688,0.09298822277013075,-0.010358521523632303,0.0
0.0,0.012036338273613728,4.261982760953636,0.08684165464433773,-0.005987101583331254,0.0
0.0,0.07927621736182633,4.011547308403029,0.09757942346989615,-0.002655846732156401,0.0
0.0,0.46542512059703,4.513129075686772,0.12794009135936207,-0.00728582892478655,0.0
0.0,0.5874700489483875,4.582274333086138,0.11772164944910843,0.0,0.0
0.0,0.2138688223076426,4.50558442501554,0.10667431797228846,0.0,0.0
0.0,0.02323226333593308,4.511667494431757,0.10805075957285566,0.0,0.0
0.0,0.0,4.949279829468784,0.09062014910915771,0.0,0.0
0.0,0.0,5.211256045803094,0.0735159012726499,0.0,0.0
0.0,0.0,5.166061429897348,0.06125394548017484,0.0,0.0
0.0,0.0,5.027188832736426,0.05307422459178559,0.0,0.00018239351389426613
0.0,0.0,5.156544251565302,0.03338717899344008,0.0,0.0
0.0,0.0,5.167668308585567,0.05378166856793892,0.0,0.0
0.0,0.0,5.261132292477912,0.055062124319626794,0.0,0.0
0.0,0.0,4.786720462104592,0.05214249105194857,0.0,0.0
0.0,0.0,4.447480250671378,0.05590645775301647,0.0,0.0
0.0,0.0,4.63665769618014,0.06666805186923314,0.0,0.0
0.0,0.0,4.505117898212899,0.06210975123530982,0.0,0.0
0.0,0.0,4.175149841075617,0.07021429919543817,-0.00017072744938626325,0.0
0.0,0.0,4.205641205913748,0.07213056398443506,-0.00020942510057953955,0.0
0.0,0.0,4.1933280740398216,0.07156297020992361,-0.005572155725838618,0.0
0.0,0.0,4.109627767841666,0.0649681142592835,-0.0027018731641769538,0.0
0.0,0.0,4.159086553981622,0.051976658788278375,0.0,0.0
0.0,0.0,3.605467454961334,0.02819011430925027,0.0,0.0
0.0,0.0,3.950392736000393,0.04470300284788067,-0.0012179685707496397,0.0
0.1458384109792294,0.0,4.169265898201675,0.05920502164932423,-0.007421783853442626,0.0
0.24605558237364228,0.0,3.9867132011250908,0.05227011515840202,-0.010622128543118437,0.0
0.27394915610214265,0.0,4.07006974903431,0.05036752314626676,-0.0118638969326107,0.0
0.0,0.0,3.7796822037595326,0.04784174995125371,-0.0010858425175935675,0.0
0.0,0.0,3.807666523177607,0.04583017282836153,0.0,0.0
0.0,0.0,3.9249771064981793,0.06335279337231789,0.0,0.0
0.0,0.0,3.850870494847018,0.06867759003581544,0.0,0.0
0.0,0.0,3.604629277918091,0.07100042470418716,0.0,0.0
0.23378630284927615,0.0,4.000667259319394,0.08679834685838608,-0.010250410602289647,0.0
0.06328396232858699,0.0,4.23427407946036,0.08027174424438803,-0.011768131752194275,0.0
0.0,0.0,3.9536070770012577,0.05957898606184897,0.0,0.0
0.0,0.0,4.3949171462619425,0.043040413253444466,0.0,0.0
0.0,0.0,4.276181984481503,0.024457573160282044,0.0,0.0
0.0,0.0,4.264729644841958,0.02162553320125197,0.0,0.0
0.0,0.0,4.418424476102084,0.02038489354491403,0.0,0.0
0.0,0.0,4.3800632001471085,0.021300595079459153,0.0,0.0
0.0,0.0,3.932049098449429,0.017130467314964683,0.0,0.0
0.0,0.0,3.9943709712809197,0.03888961824928331,0.0,0.0
0.025660234430692087,0.0,4.294301838906754,0.04602885473424146,-0.005507907980397508,0.0
0.0,0.0,4.029015971869942,0.04213220159073131,-0.0030431450395511585,0.0
0.0,0.0,3.9785413155003697,0.0425930768675263,-0.0012318630743567993,0.0
0.0,0.0,3.94432145912454,0.03140171618525686,0.0,0.0
0.0,0.0,4.0542202808487495,0.03671577785925267,0.0,0.0
0.0,0.0,4.209446425359749,0.038054337939713835,0.0,0.0
0.019664301771426935,0.0,4.375325409100986,0.0403652999065308,0.0,0.0
0.0,0.0,4.271983914903298,0.025639054101543445,0.0,0.0
0.0,0.0,4.362851144103083,0.01997219049382292,0.0,0.0
0.0,0.0,4.144346971793569,0.009707769142814656,0.0,0.0
0.0,0.0,4.091630955030445,0.013754725670543652,0.0,0.0
0.0,0.0,4.43564953441072,0.03200044348284457,0.0,0.0
0.0,0.0,4.2447871436372555,0.031173039890460795,0.0,0.0
0.0,0.0,4.023516220763308,0.036091845282750244,0.0,0.0
0.0,0.0,4.364228163342757,0.03888070500554546,0.0,0.0
0.0,0.0,4.1073255855363255,0.02491253523525735,0.0,0.0
0.0,0.0,4.0936882464448345,0.02197091688950322,0.0,0.0
0.0,0.0,4.365265848672621,0.02322259165844457,0.0,0.0
0.0,0.0,4.216006648278293,0.014015219547500946,0.0,0.0
0.0,0.0,4.265797509450443,0.019671731069496774,0.0,0.0
0.0,0.0,4.487587078284751,0.030343906750493956,0.0,0.0
0.0,0.0,4.46366162152954,0.02331668971003648,0.0,0.0
0.0,0.0,4.231534162649233,0.009193957579184274,0.0,0.0
0.0,0.0,4.3510503427653,0.014401152291424075,0.0,0.0
0.0,0.0,4.156949142517114,0.009248035007821908,0.0,0.0
0.0,0.0,3.994805787564443,0.006646923948826981,0.0,0.0
0.0,0.0,4.377114518883361,0.005169227246618284,0.0,0.0
0.0,0.0,4.2947205541696745,0.004277688312135208,0.0,0.0
0.0,0.0,4.409726943168289,0.007787249802391991,0.0,0.0
0.0,0.0,4.829287432847751,0.012188474431695887,0.0,0.0
0.0,0.0,4.744355276873616,0.0023736707401474286,0.0,0.0
0.0,0.0,5.033294805173968,0.0,0.0,0.0
0.0,0.0,4.991875096409503,0.0,0.0,0.0
0.0,0.0,4.970321305500755,0.0,0.0,0.0
0.0,0.0,4.95344900302088,0.0,0.0,0.0
0.0,0.0,5.062779943605934,0.0,0.0,0.0
0.0,0.0,5.01768410168498,0.0,0.0,0.0
0.0,0.0,5.348944653739392,0.0030440860256977296,0.0,0.0
0.0,0.0,5.048695124062611,0.0,0.0,0.0
0.0,0.0,4.577948771202277,0.0,0.00020046732755478456,0.0
0.0,0.0,4.722643856587782,0.0,0.0006469472659631899,0.0
0.0,0.0,4.586243190978785,0.0,0.0,0.0
0.0,0.0,3.933089463330659,0.0,0.0,0.0
0.0,0.0,4.334386555352269,0.0094119603270954,0.0,0.0
0.0,0.0,4.4215731227570325,0.0010740178892456498,0.0,0.0
0.0,0.0,4.112582383311468,0.0,0.0,0.0
0.0,0.0,4.098662109004597,0.0,0.0,0.0
0.0,0.0,4.203500549721879,0.0,0.0,0.0
0.0,0.0,4.300161631758993,0.0,0.0,0.0
0.0,0.0,4.433020109167378,1.7986104145697566e-05,0.0,0.0
0.0,0.0,4.104962870207949,0.0,0.0,0.0
0.0,0.0,4.195225733420147,0.0,0.0,0.0
0.0,0.0,4.223563826478516,0.0,0.0,0.0
0.0,0.0,4.223563826478516,0.0,0.0,0.0
0.0,0.0,4.160123801968306,0.0,0.0037633772607446004,0.0
0.0,0.0,4.2078171400540985,0.0,0.0,0.0
0.0,0.0,4.347609582475295,0.0,0.0,0.0
0.0,0.0,4.59505648876201,0.0,0.0,0.0
0.0,0.0,4.681557861463619,0.0,0.0,0.0
0.0,0.0,4.649550056567423,0.0,0.0,0.0
0.0,0.0,4.82165836939608,-0.0030282469767190807,0.004053543832453746,0.0
0.0,0.0,4.837174015888325,-0.008007529044977485,0.008066469461186932,0.0
0.0,0.0,4.463343507462977,-0.018565557980792523,0.0042496278084701335,0.0
0.0,0.0,4.497507525552266,-0.01946213066932142,0.009095599776845032,0.0
0.0,0.0,4.524830098809753,-0.015349622877599892,0.0036365343984902003,0.0
0.0,0.0,4.153444343782078,-0.0028511848171182816,0.002095764915502874,0.0
0.0,0.0,4.02290205569839,0.0,0.0,0.0
0.0,0.0,4.039135328150328,0.0,0.0,0.0
0.0,0.0,4.141742813013961,0.0,0.0,0.0
0.0,0.0,4.130714724363585,0.0,0.0,0.0
0.0,0.0,3.6850404260870895,0.0,0.0,0.0
0.0,0.0,3.6814600115057963,0.0,0.0,0.0
0.0,0.0,4.346960190810119,0.0,0.0,0.0
0.0,0.0,3.917785413827332,-0.0073072102850680705,0.004077833815884131,0.0
0.0,0.0,3.7754328078744805,-0.010352403401176194,0.00037353822151253686,0.0
0.0,0.0,4.136684576911152,-0.005736177963010373,0.0,0.0
0.0,0.0,4.138473331736334,-0.003996650794418079,0.0023857236255413142,0.0
0.0,0.0,4.357951826574961,0.0,0.005566085147114311,0.0
0.0,0.0,3.939498597991789,0.0,0.0,0.0
0.0,0.0,4.158981566796368,0.0,0.007780191579855917,0.0
0.0,0.0,4.264963787333197,0.0,0.005573336812246802,0.0
0.0,0.0,4.425559916954304,0.0,0.0,0.0
0.0,0.0,4.036971241632903,0.0,0.0009996008878262097,0.0
0.0,0.0,4.3652527449956295,-0.0034702864102779717,0.008665672355488164,0.0
0.0,0.0,3.9758621138478754,-0.012817568471449802,0.017456981028265452,0.0016287111879810707
0.0,0.0,3.8069543948799884,-0.012783127829493738,0.00960230275280761,0.0
0.0,0.0,4.308359472089164,-0.00447229691912162,0.008185182033858287,0.0
0.0,0.0,4.073444953236599,-0.014179302333471564,0.013213784731872921,0.00015736480318727304
0.0,0.0,3.9148850210572634,-0.022641585600687318,0.018643761724991364,0.0
0.0,0.0,3.7489541665482107,-0.02570608727060646,0.01080616313280679,0.0
0.0,0.0,3.9228337526856345,-0.01773041821004704,0.009585280278517076,0.0
0.0,0.0,4.051489327624234,-0.01669336816270533,0.0035744567687503344,0.0
0.0,0.0,4.020255648894613,-0.01302714317696993,0.0,0.0
0.0,0.0,3.850711577546581,-0.011212916811803208,0.0,0.0
0.0,0.0,3.9727023274745923,-0.00844923700048505,0.0,0.0
0.0,0.0,4.008588621746545,-0.004342988125479908,0.0,0.0
0.0,0.0,3.939948678896516,-0.011365239708939927,0.0,0.0
0.0,0.0,3.7627717315219726,-0.02200553215540682,0.0,0.0
0.0,0.0,3.742149064440464,-0.03056825228601438,0.006612442443994093,0.0
0.0,0.0,3.772662851510423,-0.03635573810923403,0.004118701155695907,0.0
0.0,0.0,3.560845597422697,-0.038825387390890025,0.0031951454549772563,0.0
0.0,0.0,3.6824948127317327,-0.028833446575625577,0.0006879979077302612,0.0
0.0,0.0,3.7588615046507057,-0.028061550636016886,0.004980652894361324,0.0
0.0,0.0,3.7650809775138976,-0.0319103224895217,0.010009101257017806,0.0
0.0,0.0,3.5830598025751264,-0.025383753516766992,0.0030407562980554414,0.0
0.0,0.0,4.115859896141236,-0.011445052738519434,0.0,0.0
0.0,0.0,4.15320695237007,-0.024729516348598702,0.0009855499996575968,0.0
0.0,0.0,3.624861591060623,-0.03698169392176211,0.0030758534032201837,0.0
0.0,0.0,3.861503270679582,-0.025066555554292897,0.0,0.0
0.0,0.0,4.457239259573816,-0.023335532703073536,0.0,0.0
0.0,0.0,4.0503553386492275,-0.03272173361010643,0.007658742030445577,0.0
0.0,0.0,3.9852415442843236,-0.04166002482197951,0.009812050016357302,0.0
0.0,0.0,4.298702552574655,-0.037600006898326946,0.008346710711169155,0.0
0.0,0.0,4.342640060014154,-0.03223920493249999,0.01111082025937422,0.0
0.0,0.0,4.27665757138894,-0.020467249613989852,0.001853118798998466,0.0
0.0,0.0,4.373643699993264,-0.021640478858245694,0.005694578133452897,0.0
0.0,0.0,4.291424151993306,-0.04640888124413955,0.020253343353524928,0.0
0.0,0.0,4.157216943816531,-0.05750849033307508,0.03174529789221363,0.0
0.0,0.0,3.432337943025181,-0.07607131912082034,0.03379403668877275,0.0
0.0,0.0,4.082408784266299,-0.04912911164347128,0.01709769429835685,0.0
0.0,0.0,4.218986425015571,-0.03810124358539087,0.016870136364344,0.0
0.0,0.0,3.902752196246331,-0.0413488749677437,0.007946758865997043,0.0
0.0,0.0,3.9191291348304347,-0.03168004431947544,0.008576786018092513,0.0
0.0,0.0,4.76220910999608,-0.01899714909373839,0.0012602144286715897,0.0
0.0,0.0,4.785999787831008,-0.030618681557896814,0.010554097909660285,0.0
0.0,0.0,4.33274428849274,-0.06538783190969857,0.017332418168390505,0.0
0.0,0.0,4.497320043516127,-0.08089597782470415,0.023513376826410984,0.0
0.0,0.0,4.497320043516127,-0.08089597782470415,0.023513376826410984,0.0
0.0,0.0,4.65359273119318,-0.08946829541834964,0.030929800885143983,0.0
0.0,0.0,3.8924987357556384,-0.08866642604098356,0.0361685867691089,0.0
0.0,0.0,3.909291032010176,-0.06070341000006015,0.011236646073247591,0.0
0.0,0.0,4.480386952601498,-0.022365623423552188,0.0,0.0
0.0,0.0,4.529966859941045,-0.016351754368937606,0.0,0.0
0.0,0.0,3.9216743230218247,-0.033161542417528216,0.0,0.0
0.0,0.0,3.910569150802748,-0.04542987575611785,0.0,0.0
0.0,0.0,4.27122895242821,-0.043689455056601115,0.0013010537232317806,0.0
0.0,0.0,4.108929563612031,-0.059120545537401245,0.00896206716418112,0.0
0.0,0.0,4.261394465932695,-0.062429521327014334,0.007671023737662266,0.0
0.0,0.0,4.168776238229664,-0.07523288556122446,0.011282203984581534,0.0
0.0,0.0,4.682444738263046,-0.05836362758954946,0.007463071719767592,0.0
0.0,0.0,4.764086710794773,-0.031480854241694466,0.0,0.0
0.0,0.0,4.964925479175074,-0.02859361173584294,0.0027261995023541686,0.0
0.0,0.0,4.501197574732105,-0.053204250079563864,0.0064522783514255055,0.0
0.0,0.0,4.31496216539284,-0.07073737621481888,0.011498246139101834,0.0
0.0,0.0,4.64907393865097,-0.0559744334580982,0.005876783948849614,0.0
0.0,0.0,4.718152733239173,-0.0527203241435321,0.014371014943749788,0.0
0.0,0.0,4.549886474406066,-0.05562079739436315,0.023128112307195563,0.0
0.0,0.0,4.528607974289285,-0.05139762147402664,0.01719152144000849,0.0
0.0,0.0,4.874105069723525,-0.043658560269161574,0.012595658895524242,0.0
0.0,0.0,5.301634314543632,-0.03462518192031301,0.0026778597465922276,0.0
0.0,0.0,5.403178139720421,-0.04687592817923829,0.011239986707110908,0.0
0.0,0.0,4.881564827548345,-0.06703966314941433,0.014408500547211748,0.0
0.0,0.0,5.373800594222066,-0.056351810676154135,0.011652486789198394,0.0
0.0,0.0,6.013961114697891,-0.059139393915564095,0.026222042485071723,0.0
0.0,0.0,5.375777655312537,-0.08724251876327624,0.04017303008576663,0.0
0.0,0.0,5.131968136901763,-0.09034834821576743,0.059449618543529426,0.0
0.0,0.0,5.354679274951185,-0.06695345696452791,0.03836913776943025,0.0
0.0,0.0,6.116842487591931,-0.029297635817692326,0.014389946703643644,0.0
0.0,0.18649060971018255,6.355821554848719,-0.02472953098463925,0.012814981589171085,0.0
0.0,0.0,5.327221526066779,-0.053372540509190824,0.026040164709692205,-0.0006597826237066807
0.0,0.0,5.641135103650877,-0.06082860549910866,0.028021310875115134,-0.006026676521084431
0.0,0.0,6.341816301484756,-0.048074872801557963,0.029928868606422066,-0.005563714889990105
0.0,0.0,6.428780226449287,-0.06534947972099127,0.0382483461967257,-0.007599431402151105
0.0,0.0,5.937794369119045,-0.09206844275220652,0.052308953983303444,-0.011734660327222517
0.0,0.0,5.6121218507407695,-0.10313775884774094,0.0606736552746814,-0.012568966796533932
0.0,0.0,5.962091772252422,-0.0860140609240522,0.06419182070542463,-0.011639054867973272
0.0,0.0,6.249964009746281,-0.07078702020369504,0.05279069564546083,-0.018751224781089395
0.0,0.0,5.641369083038155,-0.08302703371044616,0.04943357776822303,-0.019344036756143053
0.0,0.0,5.523028004320044,-0.07683612181302826,0.054294566445165574,-0.019320337854441344
0.0,0.0061003447736580505,5.851236322735551,-0.05780888050158315,0.03098209852973906,-0.025101248610476107
0.0,0.29882596146209595,6.012231668564526,-0.042757959236299735,0.02435681406749108,-0.027375786279345237
0.0,0.14420112295235393,6.074278995797309,-0.048915973837454496,0.020776346417275823,-0.028197853547797906
0.0,0.0,5.462910424672019,-0.0771766561832582,0.03962451810316305,-0.0340567773677861
0.0,0.0,4.9992783022515,-0.07829768002297308,0.05145254025386338,-0.03246542936588688
0.0,0.0,5.557783401012499,-0.05855647480583611,0.041951175065704546,-0.030284825153910892
0.0,0.34063376844441534,5.325911869985383,-0.053004791296147304,0.036366707314896426,-0.02726544857357067
0.0,0.19423046189383641,5.286502186985572,-0.054871457925783754,0.03941421141537266,-0.030587019373428437
0.0,0.0,5.36655633460852,-0.05737925052756626,0.03966759600716104,-0.02731266989121688
0.0,0.0,5.520699771269453,-0.06589970463628449,0.050471097361945126,-0.027662772082374464
0.0,0.0,5.505659605214779,-0.0742812883000464,0.041583000070179024,-0.026476467263318305
0.0,0.0,5.230688267271505,-0.07383334304331328,0.03321149985247997,-0.024313391777099763
0.0,0.0,6.0094658271435595,-0.06745808182199967,0.022974535447655896,-0.028393564747388043
0.0,0.0,5.065366106807929,-0.09706850803510855,0.03071970855867074,-0.026272806812037086
0.0,0.0,5.074851706294918,-0.09833070882018549,0.03544806079005747,-0.02540136411824308
0.0,0.0,5.587114152255856,-0.07658341234747398,0.032336550442183774,-0.027273307412006835
0.0,0.0,5.696430570098393,-0.06596973437635627,0.042151599825884685,-0.021048892968608672
0.0,0.0,5.239215072541969,-0.08450418036470049,0.06360437984710954,-0.021175584160074114
0.0,0.029413468629573097,5.008040129379794,-0.07515367596999878,0.049531438301976836,-0.019996173701236603
0.0,0.3966163711111691,6.029475600562984,-0.04652405388404568,0.03302971393885938,-0.020122224962060554
0.0,0.7102370504707219,6.106155732900009,-0.03770453869305742,0.01829896987302864,-0.01485341832323211
0.0,0.2634468585831817,6.274078767943436,-0.035210381602988096,0.016524448966247978,-0.018198927351612937
0.0,0.052811585771786004,6.2688587363940105,-0.0619702904171377,0.026630488103388673,-0.016811909640919206
0.0,0.03502975535487783,6.001068868619374,-0.09066123996902035,0.04119466424048953,-0.01753493261490447
0.0,0.0,6.147537696564413,-0.06954058904504971,0.04541667862591868,-0.014836509350073645
0.0,0.05812810685712607,6.4499011552851115,-0.07006635955193682,0.05568274758326386,-0.012259356674090064
0.0,0.0,5.494830125736199,-0.09936677886144242,0.08448753136016954,-0.012506658845744123
0.0,0.0,5.22535751087212,-0.10850259620692386,0.08402636437054858,-0.014076988004663596
0.0,0.2425497344900054,5.292602511802772,-0.08526762037979126,0.06461887773410298,-0.013734995226208243
0.0,0.9292141275486948,4.9681345356155875,-0.04486848516075219,0.034411576031408216,-0.012391071617927182
0.0,1.6927299382458396,5.50260392861212,-0.012192275738733977,0.005252973122339503,-0.012118441195502696
0.0,1.18745994704441,5.2478623793738715,-0.01814799453623407,0.018492762781716594,-0.008039683343612955
0.0,1.00932211695951,4.68970155707145,-0.039770176000978694,0.027177592452107,-0.010764529407384744
0.0,0.7924341436768095,5.214396854132486,-0.04915610247986012,0.040512969551632486,-0.009468732692287313
0.0,0.1994266010127524,4.890175412075555,-0.0763551608804826,0.05773531270970489,-0.010325185923455046
0.0,0.0,4.951026198986967,-0.09996269759115133,0.06811223440615524,-0.010137909717386498
0.0,0.0,4.773769273168738,-0.11845395005063256,0.06529799211108901,-0.010755518146815846
0.0,0.0,4.9287389037693865,-0.08653665240969476,0.044906583677827856,-0.009389518728241876
0.0,0.0,4.9287389037693865,-0.08653665240969476,0.044906583677827856,-0.009389518728241876
0.0,0.41452919807680705,4.734091637443523,-0.05057710298405801,0.01877328258040899,-0.009106545358221831
0.0,0.595347730071003,4.59927668944516,-0.050072646118025366,0.011486880735284375,-0.00949582920577588
0.0,0.7403213257044174,4.875293515372934,-0.04206076581385186,0.014904819080701282,-0.008616385263034152
0.0,0.7206524876943543,4.600307026862547,-0.05170087664062593,0.01997442886654332,-0.006122166012191073
0.0,0.6576841838877485,4.825675132547091,-0.052898930593360906,0.02143568135835651,-0.007168554829357502
0.0,0.2503728940124324,5.023222234274144,-0.06711892858488858,0.03536168849593261,-0.00492007837380006
0.0,0.0,4.7544891629171495,-0.1027741319988225,0.05968568600906574,-0.0025409172400529126
0.0,0.0,4.791458147569373,-0.12006101913850095,0.06217796862234776,-0.0017885969695563143
0.0,0.0,4.8907579779921235,-0.09685546315633395,0.050214902343230304,-0.0017541767497814352
0.0,0.10308800667357494,5.120177478638235,-0.0764789511711377,0.034889427607043465,-0.0005901696672506478
0.0,0.7277464232033166,5.0266255337007255,-0.06569983956573552,0.0233229291628062,0.0
0.0,0.5947026272447153,5.102167707168177,-0.050610290033295494,0.02138082693904176,-0.002031488900247166
0.0,0.43071302753913293,5.0944057640608795,-0.04859252731649917,0.029214189491996036,-0.0005425581923964517
0.0,0.6090856833348763,4.991663035954797,-0.057815758322245725,0.03177960769055384,0.0
0.0,0.6144421315808596,4.946699529630951,-0.06343975165328428,0.043920815839650254,0.0
0.0,0.6551482486374101,4.480814405084933,-0.06497684600933548,0.054289560007701444,0.0
0.0,0.6948980959697628,4.885529747995198,-0.05509005418985533,0.05163361952484784,0.0
0.0,0.7001998446344442,4.918999219652755,-0.06596454313478918,0.06544518846021849,0.0
0.0,0.34792807216829136,4.533534824643662,-0.06579655872072218,0.05830190812281007,0.0
0.0,0.7355605126845173,4.613397200481303,-0.05776974394786638,0.0434994292229824,0.0
0.0,0.6811552257135997,4.768618419985662,-0.04242194800992899,0.03330438301815329,0.0
0.0,0.7739988176511778,4.7400494589924875,-0.054747422500496724,0.03761855341817517,0.0
0.0,0.3420457188540195,4.407416307877057,-0.07193279075330253,0.056565393002395034,0.0
0.0,0.2902185800505762,4.226966892182209,-0.07637521245161973,0.056879254128551646,0.0
0.0,0.6882280069037573,4.7355177873647945,-0.05617413916548806,0.05423081570169681,0.0
0.0,1.0856496090644951,4.829367707080445,-0.0521828713286859,0.05249075829254143,0.0
0.0,0.7028313452644059,4.46930242808216,-0.05627135766411079,0.05334042943684223,0.0
0.0,0.9895443590208739,4.678652367049287,-0.062448098609469004,0.05580174122794819,0.0
0.0,0.9779064213591339,4.571408619823065,-0.05105845493173137,0.05096079504039669,0.0
0.0,1.6796214740839812,4.684528064990276,-0.028680839918432538,0.03339184628747397,0.0
0.0,1.9770848046926652,5.127819883675242,-0.010672968763601002,0.018002462495094233,0.0
0.0,1.841459395405319,4.864128510993914,-0.023815487971165165,0.022846125439861892,0.0
0.0,0.9498836376792259,4.804172589963565,-0.033927650203079654,0.04244730347309284,0.0
0.0,0.631152406682342,5.033911524450351,-0.04769417592039847,0.05179229601458231,0.0
0.0,0.3307864991253322,4.810334245596777,-0.07049466164128772,0.070025711428879,0.0
0.0,0.3008703014040722,4.6940508981782765,-0.07006557622882482,0.055114131010393655,0.0
0.0,0.43466024988142726,5.034754832826288,-0.05130430593014672,0.04148259431813914,0.0
0.0,0.5548125881511496,5.140343995816016,-0.06242324617375685,0.04392648468005869,0.0
0.0,0.1602035393357159,4.608429125849354,-0.07231009787180412,0.04789906876219387,0.0
0.0,0.32444738614214985,4.795127233916894,-0.06142892326180579,0.03648495580468865,0.0
0.0,0.704987571421629,5.088949360436987,-0.04696266774895398,0.031098378924034515,0.0
0.0,0.7043073306913906,4.783063203027139,-0.04369584336223793,0.03595559968091232,0.0
0.0,0.47022068724383403,4.523944515893467,-0.04335864188082133,0.03796656156244807,0.0
0.0,0.519216709012743,4.482648806879555,-0.05220667953156698,0.05648402318561598,0.0
0.0,0.5842831470417654,4.6140662284027325,-0.04299805107323655,0.04775812368580602,-0.00014795799894817997
0.0,0.936666838549242,4.879495570375608,-0.0254476899918759,0.036167776102829605,-0.0022396081974595363
0.0,1.1533485444093372,5.140373250710474,-0.02151381281694178,0.03003894536487962,-0.007437367655281721
0.0,0.6477349017174938,5.074928284336698,-0.02754070109281929,0.0377521677435216,-0.005251755492101139
0.0,0.3235457877800173,4.974341129767433,-0.04210104030246128,0.04396192718005406,-0.01026772253251399
0.0,0.1980468590093462,4.8932233703624615,-0.05515396135218655,0.05270460395543236,-0.014998410679749812
0.0,0.36355721432387156,4.549716825805225,-0.04773123374677598,0.04628199001948842,-0.015480047137830794
0.0,0.7891854144959695,4.568325147534795,-0.0294339433884523,0.034721375065849366,-0.019336338757346798
0.0,1.0252934421963127,4.5343252557702955,-0.03969366759753744,0.044949149716506716,-0.017310706680747655
0.0,0.6411639583821878,3.877619608695351,-0.04095992993388577,0.04836014820159613,-0.022990949695398753
0.0,1.0858677102990688,3.874294764356647,-0.031326568229560425,0.03586086749175306,-0.02720616133285561
0.0,1.6260708130366077,4.004560443051549,-0.010732441108805665,0.020408927674626327,-0.025797875558452643
0.0,2.011965432410135,4.474399502315732,0.0,0.011142730296800851,-0.023018614559683154
0.0,1.7986948282072917,4.425484990882792,0.0,0.012503780573921352,-0.019919784457699912
0.0,1.362163782077942,4.424819767257459,-0.012287310903143996,0.01740713006950794,-0.028127030377724144
0.0,1.3794502295994786,4.515683791365636,-0.022379922255243406,0.02435959532200472,-0.02612628729968338
0.0,1.0508559258789845,5.088577383330662,-0.020379427388474848,0.029868602761765582,-0.020951621894543332
0.0,0.5827689746912037,4.823060601923301,-0.03475356929875771,0.04050148086225726,-0.020169769001126575
0.0,0.38894663699500176,4.703649168236188,-0.04552219820740745,0.04428500325256688,-0.021749990925289488
0.0,0.6779482555124943,4.947524352785568,-0.03532308828260885,0.037176548838405134,-0.02347443056441901
0.0,0.7778974279599772,5.124024758633911,-0.027348684968907223,0.03429675134593889,-0.022399243250205918
0.0,0.5345414025167345,4.588131198679476,-0.03295060726568378,0.0404865535785946,-0.020681795847587357
0.0,1.036105441074366,4.421951655313665,-0.032878120171148786,0.02575662083174766,-0.020236376667090182
0.0,1.234606769815787,5.102453870944828,-0.008704048320300828,0.01392680004276286,-0.019795830761801452
0.0,1.2255794604893375,4.951739158276789,-0.010584468024267098,0.019227101176297046,-0.01725019385914404
0.0,0.960038083067786,4.888461373213129,-0.02682370838220547,0.02481992606426912,-0.01799823720338654
0.0,0.41790332685793674,4.652108677405514,-0.037522078230446294,0.03886900760318558,-0.01990886969825912
0.0,0.3917500296099433,4.761128064824762,-0.05239409218520765,0.05337789905982036,-0.016883949917133094
0.0,0.5237093461915927,5.033905404522593,-0.0416781885015761,0.038698029722821776,-0.01634711315964183
0.0,0.6783917452614425,4.694015059513562,-0.04020082645694274,0.04297029934840838,-0.01409359796059475
0.0,0.8993000138740479,4.668670536604377,-0.022448427079574625,0.03895321782244209,-0.0118387403487021
0.0,1.2018161280494088,4.56602485800734,-0.011496555388595286,0.02921923542551736,-0.013908996872978318
0.0,1.9494143288144614,4.460117027365444,-0.0017677606470749723,0.01746327637893626,-0.017015719576168577
0.0,2.336866481596208,4.610562430537503,0.0,0.012556296814618747,-0.013992725919174744
0.0,2.0984883793976064,4.510533189881139,0.0,0.01721321698404398,-0.013641315652089838
0.0,1.6311867766057293,4.258933116888173,-0.0019967565129773634,0.03413901624405609,-0.011727190409075576
0.0,1.687817524998005,4.122002486496995,-0.006626609031964761,0.03979907898635861,-0.015194032181908143
0.0,1.492104749490903,4.503321242298174,-0.004270441112420576,0.03680392562559775,-0.011269576886821394
0.0,1.4483902956080754,4.538078324038046,-0.005054533552334963,0.02759767763966096,-0.013379765433360547
0.0,1.444873788347188,4.807977450971054,-0.012406980326215164,0.03260980667124182,-0.01155889664734162
0.0,0.7652255892813161,4.64105652585545,-0.032923894614330526,0.04569861963331155,-0.014799526796892656
0.0,0.34917921204637026,4.0822547299191605,-0.04411854384628916,0.05353298239517077,-0.013950517867365375
0.0,0.6133201205581379,4.280704881034859,-0.03488908597142569,0.04125649583116585,-0.0171722506654906
0.0,0.8836957150750177,4.088660696845309,-0.026525708710387792,0.03701199807650109,-0.016006023517498198
0.0,0.8078387165618244,4.1473377593209335,-0.02050713143797928,0.03906686518396185,-0.019485875109606716
0.0,0.6811985536135287,4.123228189318564,-0.01938495901727903,0.04311011806633614,-0.016761277171295164
0.0,0.730315232178271,3.82868473075386,-0.03836504627844496,0.055355880115585676,-0.02016774830581885
0.0,0.966563525058542,3.801792734437732,-0.01989727440423768,0.051775987684389804,-0.018247689045549284
0.0,1.4808569916461016,4.077478870285624,-0.0014492796508692016,0.02991299999248141,-0.020863657249030738
0.0,1.6627802994453962,3.8162273813031407,-0.004723341865061938,0.03213001862361436,-0.018555076358079323
0.0,1.5507558165420288,3.7256996308696,-0.002317333943792531,0.027107735745196378,-0.018172182358073337
0.0,1.761363930461186,3.8345548147733917,0.0,0.02029719296108341,-0.027878258536361576
0.0,1.75427160612739,3.8617354395570507,0.0,0.020134670727560568,-0.022055698394111693
0.0,1.4185307405425889,4.070397544257854,0.0,0.02248654837855531,-0.02050847407808576
0.0,0.8240220740887493,3.9400442829423232,-0.012470957016800396,0.04271826560254202,-0.023809666083455774
0.0,0.31373514504489003,3.6556741639082246,-0.03727849289079608,0.054266155098697255,-0.02291774161317831
0.0,0.3105811422763841,3.553786449075267,-0.032903771212321076,0.058863609726722034,-0.02262542245627311
0.0,0.8267389730135815,3.7497970639950764,-0.012713318340116866,0.040363684024465975,-0.024748697682067132
0.0,1.2833403965714252,3.9235082818653453,-0.0008093754560300527,0.021554366773526956,-0.022901106093440687
0.0,1.2550013298087364,3.864499535095824,0.0,0.015888958100728264,-0.023521801482987468
0.0,1.594792749784707,3.8497239285104285,0.0,0.011798614838454582,-0.025096274702537696
0.0,1.818363899168022,3.7405365825669343,0.0,0.019045539000575214,-0.02517176488549991
0.0,1.8797470252715982,4.036120557272651,0.0,0.018816601389896322,-0.023346086894556906
0.0,1.6077757063500193,4.005697485862129,0.0,0.024008685939291362,-0.019646897447645695
0.0,1.296071584463405,4.0109676349411805,-0.00012094211760089885,0.03687122204898967,-0.023221626627891408
0.0,1.3505226990067025,4.301455239926652,-0.0024655597428330576,0.037192480418044835,-0.024244858807533763
0.0,1.4829902680009401,4.642555454713004,-0.0037742452738297404,0.041119824205861646,-0.024535882025491545
0.0,1.004591069349515,4.191225230110117,-0.010900772282439249,0.04513746591001851,-0.02145835257435532
0.0,1.0493686734379275,4.329530511273733,-0.00439029473462966,0.03271594792110496,-0.026798937466922364
0.0,1.0616024890531004,4.433562849719785,0.0,0.02326495178168748,-0.023457659192454385
0.0,1.4233697481397751,4.010182246205006,-0.0036894240929939855,0.022878702531302114,-0.019027073940280963
0.0,1.3616912851440284,4.058366378990634,0.0,0.02329209402176033,-0.023619757608416385
0.0,1.3813465792654938,3.654524674384548,0.0,0.030529664506935207,-0.020038066213476338
0.0,1.9761687222515802,3.5797806127928182,0.0,0.020819606100945878,-0.015697769169534925
0.0,2.352295713747361,4.015981383799929,0.0,0.01802193435244212,-0.016551817547187073
0.0,2.1586155774276925,3.6618968914016654,0.0,0.019045168481521407,-0.014459891835837924
0.0,1.5676168680215457,3.6892924971130237,0.0,0.023379990477205403,-0.015269339285740147
0.0,1.6649985916915728,3.9321795813719644,0.0,0.02038811030915875,-0.013092093069543717
0.0,2.2560884825162892,4.087538459942875,0.0,0.011793895006930576,-0.013993769306914611
0.0,2.3479038776938808,3.9985221225370475,0.0,0.0028940104194550348,-0.011680290852895377
0.0,2.0956757096177303,4.060746750247061,0.0,0.0002450042479561779,-0.010265049666395529
0.0,1.8858386644703142,3.963169424229369,0.0,0.006415359273359321,-0.007696797103245475
0.0,1.7796143231976405,4.084135300685591,0.0,0.009893982622324856,-0.008876747186807213
0.0,1.7149673875545997,3.985754115417442,0.0,0.012417082449418313,-0.008214591455328516
0.0,1.4972828360045927,3.986889295433015,0.0,0.011514730672244185,-0.006988869550682017
0.0,1.7386820911666576,4.476571724057953,0.0,0.014650561596033857,-0.005151997456352407
0.0,0.8696997716214747,4.023210795119876,0.0,0.025816766596501783,-0.007081152612074896
0.0,0.93003821359389,4.1235725959870075,0.0,0.013443181615561222,-0.009888482633809235
0.0,1.3136997546745295,4.65548269282446,0.0,0.005246257795969347,-0.007155327151166399
0.0,1.2979944451627459,4.373789362388977,0.0,0.010595871008997252,-0.0029077234791761064
0.0,0.5888860136707404,4.474579879588497,0.0,0.026385346486100452,-0.004413910882369367
0.0,0.5888860136707404,4.474579879588497,0.0,0.026385346486100452,-0.004413910882369367
0.0,0.8162099408012639,3.9085013631185817,-0.007766668384896444,0.03876920269915473,-0.002240230802443419
0.0,1.2258876753871257,3.9968776890893856,0.0,0.032151811992545035,-0.0008107838220721249
0.0,1.7783972106924804,4.207832207336467,0.0,0.015316120420239198,-0.0018822511043411626
0.0,2.7158538571325503,3.8180881818082772,0.0,0.008521949670054981,-0.0003404265459546047
0.0,2.9791351274147826,4.004120578860848,0.002195275152257605,0.0007084454378768793,0.0
0.0,2.9791351274147826,4.004120578860848,0.002195275152257605,0.0007084454378768793,0.0
0.0,3.148496932995996,4.396071709064523,0.012234383144399022,0.0,0.0
0.0,2.8868414188575775,4.341421359305531,0.0,0.006480435974310583,0.0
0.0,2.555699063443053,4.415254853130323,0.0,0.014693792332692763,0.0
0.0,2.5885294275682615,4.832120812546977,0.0,0.00995716164987114,0.0
0.0,2.016771157688865,4.716660474592072,0.0,0.010992378758032986,0.0
0.0,1.1795380052125062,4.493075410290214,0.0,0.017613208410415037,0.0
0.0,1.0645801781259892,4.262961345415242,0.0,0.010253465348929184,0.0
0.0,1.1556157058678294,4.167445182415846,0.0,0.011180910910519053,0.0
0.0,1.2684235525872225,4.422525787146148,0.0,0.008180421172824767,0.0
0.0,1.5376681980723683,4.078086445010616,0.0,0.00841387299902529,0.0
0.0,1.499321622973293,3.7185895142160086,0.0,0.014845146136847075,0.0
0.0,1.9128856638044998,3.640990224108645,0.0,0.007165931471334057,0.0
0.0,2.226097699949072,3.4560094733325593,0.0,0.006631779523832343,0.0
0.0,1.9394073599607922,3.176479975256167,0.0,0.0038293800672100815,0.0
0.0,2.1157450513673464,3.5059552719172147,0.0,0.008899229346651357,-0.0008592518272983064
0.0,1.8451114765711705,3.497067494874803,0.0,0.0066851854957803245,0.0
0.0,2.267192226978648,3.683707707270782,0.0,0.0,0.0
0.0,2.4035989153600203,3.8806441078559866,0.0,0.0,0.0
0.0,2.4077156766367662,4.076672836991206,0.0,0.0,0.0
0.0,1.9327269348482283,4.042071348884875,0.0,0.0012121371021429211,0.0
0.0,1.4112453796629667,4.129799296840592,0.0,0.0071114821076636095,0.0
0.0,1.441267820225422,3.8426739328719073,0.0,0.010204650496722364,-0.0003837530336902511
0.0,1.362970378896186,3.98236659918521,0.0,0.00836566765806693,0.0
0.0,2.0271791283452885,4.124919116232549,0.0,0.0,0.0
0.0,1.9338864400600255,4.092136017972914,0.0,0.0020598137554724305,0.0
0.0,2.0126278577895214,4.101181080078756,0.0,0.0051819201566225895,0.0
0.0,1.587894108576672,3.9372126113342114,0.0,0.01016579481604771,0.0
0.0,1.4005093342408796,4.048519552493234,0.0,0.010481895525393966,-0.001091148840649764
0.0,1.4984267012099324,4.139144360772698,0.0,0.010184458859194622,0.0
0.0,1.5616641497258088,4.396011691524505,0.0,0.012501393005693548,0.0
0.0,0.970030454134568,4.180147980087571,0.0,0.02371564566684294,0.0
0.0,1.0158184025980692,3.9042754073412747,-0.0010087911199086522,0.031155424016997092,0.0
0.0,1.0346065344569233,4.106674963643663,0.0,0.02607202909661872,0.0
0.0,1.1400421896152255,3.979539473379026,0.0,0.02249500317190182,0.0
0.0,1.0256929406571775,3.9574541190744723,0.0,0.022845199827066336,-0.001880801411520473
0.0,1.2231829061959343,3.7407088699264053,0.0,0.01317271276316832,-0.0006919789093268491
0.0,1.5009853863176508,3.705635917816226,0.0,0.010368682863936492,-0.0008871645037212886
0.0,1.6127959393686093,3.7070666356861373,0.0,0.008471071574468006,0.0
0.0,2.2158483547028016,3.6517969621670523,0.0,0.006396696143774858,-0.001195530787804701
0.0,1.7561155649140647,3.448505963266188,0.0,0.009375139387127283,-0.00048530938742815803
0.0,1.6911661025917955,3.218332326130011,0.0,0.007731643924980916,-0.0008895907577188767
0.0,1.6812869934929406,3.2156220331867438,0.0,0.003438723032955097,-0.0005699353534558756
0.0,1.5797756238047596,2.915242103641435,0.0,0.005547672515330405,0.0
0.0,1.1379675206565374,2.825696038982449,0.0,0.008088797890313783,0.0
0.0,0.9498011177491495,2.684667396065058,0.0,0.004713076717838742,0.0
0.0,1.3638537663999064,2.8575352799902216,0.0,0.0,-0.00011766973532904893
0.0,1.9566254742586395,2.99279335108705,0.0,0.0,0.0
0.0,1.5181458009375854,2.891818349844555,0.0,0.0,0.0
0.0,1.3275939930202862,2.8152611939061734,0.0,0.0,0.0
0.0,1.4906121256138198,2.826544310085189,0.0,0.0,0.0
0.0,1.6277739711543682,3.2415879052894616,0.0,0.0,0.0
0.0,0.9293105609101495,3.0785768084549887,0.0,0.003189678339761954,0.0
0.0,0.6804326543345234,3.2751034532797236,0.0,0.007333732421978713,0.0
0.0,0.5797701678170121,3.4516105651221936,0.0,0.004874058667239745,0.0
0.0,0.5485499703298112,3.5495318284939814,0.0,0.008238940392343165,0.0
0.0,0.2963698370142823,3.1917494083251206,-0.001087592050834529,0.005374651880120287,0.0
0.0,0.3519558004650992,3.2883146502280574,-0.005137789171122013,0.008399151714242761,0.0
0.0,0.4128030832309298,3.1230163584394366,-0.0030391605934292436,0.010881007609718505,0.0
0.0,0.6513039529873976,3.2328334676781316,0.0,0.00969680064873241,0.0
0.0,1.1869200392123245,3.0555114349979853,0.0,0.0033542938332957483,0.0
0.0,1.2900302262264394,2.968485023723921,0.0,0.0037024935212331537,0.0
0.0,1.4888053173001015,2.8820351885532673,0.0,0.00692038133326923,0.0
0.0,1.723397586803436,2.8127192437561472,0.0,0.0021688300417602425,0.0
0.0,2.322779977168465,2.9460349867340536,0.0,0.0,0.0
0.0,2.2180371777401753,2.9107421323204274,0.0,0.0,0.0
0.0,2.5945717552456236,3.0563837497931714,0.0,0.0,0.0
0.0,2.3216521669904533,3.3803216150363817,0.0,0.0,0.0
0.0,1.731556311332526,3.2378706811320277,0.0,0.0,0.0
0.0,1.1525116826816448,2.916496345532976,0.0,0.004804154516648491,0.0
0.0,0.9726593949365785,3.209962214123558,0.0,0.012476183513381756,0.0
0.0,0.6826980758973866,2.988264001465346,0.0,0.013359815361779406,0.0
0.0,0.3963841607815444,3.063975054481171,0.0,0.01971550162642251,0.0
0.0,0.5348803256267654,2.557284089734639,0.0,0.013778032469504842,0.0
0.0,0.5348803256267654,2.557284089734639,0.0,0.013778032469504842,0.0
0.0,0.44801839098156737,2.8113429683229176,0.0,0.009579516532614239,0.0
0.0,0.23519577659056146,2.3061507148932336,-0.0014399608711210712,0.015325367621005453,-0.0005945324024463933
0.0,0.14559846144816496,2.3552896797131524,-0.000690824667367054,0.01859781090299007,-0.0012762319120291725
0.0,0.34423337234169715,2.1924000051862813,-0.0018219877455932399,0.010783334317836306,-0.007511894393543553
0.0,0.5614032290906013,2.412835992213991,0.0,0.011960963736643149,-0.007042311210819753
0.0,0.5190159555204716,2.302154382304494,0.0,0.013770522725224818,-0.006701793203217931
0.0,0.29282880388886434,1.955109727176452,0.0,0.00968302739207096,-0.009728018104933945
0.0,0.41377034952096714,2.196955476648834,0.0,0.0035261005638107536,-0.008797511366661643
0.0,0.6567707579792075,1.8353133150629095,0.0,0.0027906988275301406,-0.009414370041186917
0.0,0.6101088911520838,1.791131483161125,0.0,0.00220157182494199,-0.01094918583618764
0.0,0.8861456626704944,1.9102272827581586,0.0,0.004728787027765032,-0.010338891237434911
0.0,0.9366726255070942,1.9804694101226992,0.0,0.003815331753287709,-0.01178096519663872
0.0,0.9979635247598889,1.9013099730983947,0.0,0.0001049973535129968,-0.011880435986751963
0.0,1.4687996579853964,2.114499468659095,0.0,0.0,-0.014341520622013007
0.0,0.961649518754285,2.2416279935381485,0.0,0.003093629109508895,-0.009468963071484317
0.0,0.5717247494933819,2.294059035085768,0.0,0.0009964578465442768,-0.010697860974747035
0.0,0.5710897268588115,2.56441826475259,0.0,0.0006259722123630064,-0.012447665132462355
0.0,0.2163242396417982,2.6168397419333322,0.0,0.004714871958197938,-0.007348871448450564
0.0,0.0,2.6363631623879202,-0.018554208622748185,0.022813484626049086,-0.01054731278391348
0.0,0.0,2.162196702033907,-0.03870442858202891,0.02872682906102859,-0.015548674083372216
0.0,0.0,2.2657639011108484,-0.02408241822412823,0.012593671142593387,-0.01568113793343325
0.0,0.0,2.4167741912604286,-0.00931543312958286,0.010012613661995858,-0.013572362798454748
0.0,0.0,1.7249019872695257,-0.021964692727247725,0.014583663787175943,-0.014490577036159105
0.0,0.0,1.5184340544847834,-0.014174234082412423,0.009187906056966575,-0.020316076627829298
0.0,0.3129636252223438,1.6218952570944498,-0.0013528997734568924,0.006015314405432214,-0.01717112075789687
0.0,0.5805937773947324,1.453947781853287,0.0,0.006188939602817526,-0.01744087379314773
0.0,0.632659106402326,1.3670958255716985,0.0,0.003907563251490428,-0.018302103106497193
0.0,0.7497389820567872,1.0172131523425785,-0.0034802092596549357,0.0,-0.021534782036972427
0.0,0.7237689149671841,1.2365620151794874,0.0,0.0,-0.019434836835975196
0.0,0.7655742233014295,1.1400544505554848,0.0,0.0,-0.018204505314836875
0.0,0.6959045433625664,1.1676998180331881,0.0,0.0,-0.01927897875219539
0.0,0.4676079796061866,1.21713217616924,0.0,0.0,-0.017647284719911015
0.0,0.42865979212489436,1.113060712167496,-0.0048817467063602335,0.0,-0.0199724233152809
0.0,0.2924620990467584,0.933119988901314,-0.009607959451119932,7.866072676392227e-05,-0.016651318985149193
0.0,0.6154069284631536,1.2114821250376244,-0.0012247271739646262,0.0,-0.020279900225228933
0.0,0.6408863230667226,1.047270993254469,0.0,0.0,-0.018630675354247117
0.0,0.4416284558407379,0.9733915067538325,-0.0008305303942617168,0.0,-0.018692307933547612
0.0,0.3388504329765831,1.0521913435459238,-0.00010683981888421567,0.0,-0.01486090994483546
0.0,0.19012744071967194,0.9650311939124079,-0.009264311686603414,0.0,-0.016937422571201195
0.0,0.09781797246255221,1.09211106379573,-0.011127522348126143,0.0,-0.018508328539722913
0.0,0.0,1.1380212627053043,-0.01796844291763839,0.0011747183928096073,-0.01817923530540185
0.0,0.0,1.1206846682319864,-0.02838726214671968,0.002332075188620208,-0.018491888817155785
0.0,0.0,1.2216460073546287,-0.02434593133865773,0.001496796217572489,-0.019904824872241888
0.0,0.0,1.1485710304146781,-0.035996598745876844,0.005684011428671106,-0.019076379356411842
0.0,0.0,1.048953207743336,-0.045413798835812536,0.013144774940409058,-0.020793415206198963
0.0,0.0,0.9178791042789122,-0.04632197289934113,0.006512566080131117,-0.018773110759957877
0.0,0.0,0.8930348099182899,-0.04342191644139632,0.0036574340036254318,-0.020919456070889846
0.0,0.0,0.6322453801303344,-0.042024498979106345,0.005137663839667026,-0.020879478416590977
0.0,0.0,0.8402432661394169,-0.019341746354592983,0.0,-0.020338471309408787
0.0,0.0,0.707795606884894,-0.014059967495510264,0.0,-0.02260149120716933
0.0,0.0,0.4196978059310713,-0.012645936277630216,0.0,-0.020940575193078348
0.0,0.09406055690835963,0.5983155881486696,-0.0014729944167943643,0.0,-0.021335666051441625
0.0,0.0,0.5161446858411816,-0.003972808378604946,0.0,-0.022004123921568856
0.0,0.0,0.3841014877162743,-0.016750515572074902,0.0,-0.01781642996252631
0.0,0.0,0.5573718086816465,-0.019282532231946883,0.0,-0.018746661818882883
0.0,0.0,0.5842858346237989,-0.023684150311140163,0.0,-0.021418919613598104
0.0,0.0,0.4956548701164899,-0.018693595441165185,0.0,-0.01959975746688928
0.0,0.0,0.721119138693113,-0.010039353079529505,0.0,-0.017060542784580666
0.0,0.0,0.7189384222740041,-0.011998981455650773,0.0,-0.015591087393091698
0.0,0.0,0.5389888905659797,-0.03195161693875816,0.0,-0.01388326973387205
0.0,0.0,0.4253717666604436,-0.035946723691084516,0.0,-0.014087830293884268
0.0,0.0,0.375753345251599,-0.03551745585544356,0.0,-0.014787867211686904
0.0,0.0,0.3225135640996895,-0.032981045793489254,0.0,-0.011098510662066515
0.0,0.0,0.3218100623495891,-0.03649057934074808,0.0,-0.01753067220855011
0.0,0.0,0.1822865401793547,-0.03767443095597103,0.0,-0.0145454180652576
0.0,0.0,0.24280499260246788,-0.034708349190683066,0.00023385923908720994,-0.014706158654037155
0.0,0.0,0.05704299174548923,-0.03393785124669231,0.0,-0.016728749773562167
0.0,0.0,0.08910853461215676,-0.02607839444276481,0.0,-0.015976131224630312
0.0,0.0,0.23980709164299774,-0.022470616450817923,0.0,-0.01876174131400284
0.0,0.0,0.0,-0.03902445063047717,0.0,-0.017039154573720385
0.0,0.0,0.0,-0.046823016026610695,0.0,-0.01816666764874386
0.0,0.0,0.0,-0.03897117665053153,0.0,-0.01551385986717907
0.0,0.0,0.0,-0.03552109323414826,0.0,-0.015979631359197187
0.0,0.0,0.06847005802387593,-0.024291744602677832,0.0,-0.016016463100486128
0.0,0.0,0.25031468555761077,-0.02785717298941403,0.0,-0.019394646293590036
0.0,0.0,0.0021783782279689856,-0.0447010281009244,0.0,-0.018136362464644624
0.0,0.0,0.10190087560613745,-0.05033893337583926,0.0,-0.020072792617322775
0.0,0.0,0.13717955669194856,-0.040468984948292465,0.0,-0.019677800418157476
0.0,0.0,0.0,-0.046051877942149454,0.0,-0.01573671781213086
0.0,0.0,0.1464363327742168,-0.020983895236434305,0.0,-0.021598981582807878
0.0,0.0,0.1158704886591917,-0.026201792876236463,0.0,-0.019213195418658686
0.0,0.0,0.0689102086523123,-0.027078468162850273,0.0,-0.021141406857993573
0.0,0.0,0.0,-0.01656215340879846,0.0,-0.021372264130140466
0.0,0.0,0.07696734212181817,-0.016236322741917227,0.0,-0.022847799239834182
0.0,0.0,0.11156288394900567,-0.0188929666370729,0.0,-0.019432844244198853
0.0,0.0,0.007483663960358757,-0.0225687727393823,0.0,-0.021615540065860025
0.0,0.0,0.0,-0.03513613434180539,0.0,-0.02435583954748558
0.0,0.0,0.16966437000787823,-0.0497207744289966,0.0,-0.020330923435420208
0.0,0.0,0.1178964959988118,-0.06378117491114918,0.010159876279234885,-0.02497847808140766
0.0,0.0,0.0,-0.08203870468077605,0.015552069449577394,-0.027297640694745263
0.0,0.0,0.0353696452911577,-0.05829286616783201,0.004865074585599554,-0.021120073532750486
0.0,0.0,0.15219205959080537,-0.03489266481772381,0.0,-0.027519011884719648
0.0,0.0,0.0,-0.030094126095476646,0.0,-0.024501268224149712
0.0,0.0,0.0,-0.03335661491682866,0.0,-0.028445869012329615
0.0,0.0,0.0,-0.02783858354084484,0.0,-0.030325936586069507
0.0,0.0,0.0,-0.031505029492261985,0.0,-0.0284719735295993
0.0,0.0,0.0,-0.0340392061456186,0.0,-0.02759835139110068
0.0,0.0,0.0,-0.03222137965364765,0.0,-0.025770808620722136
0.0,0.0,0.0,-0.037142820689246694,0.0,-0.027390212459283296
0.0,0.0,0.0,-0.02289894492452061,0.0,-0.028685166332119334
0.0,0.0,0.0,-0.022261137586391685,0.0,-0.02972628771935018
0.0,0.0,0.0,-0.025886324808745354,0.0,-0.027316128156131547
0.0,0.0,0.0,-0.026808501625287463,0.0,-0.026825264202828436
0.0,0.0,0.0,-0.026814699153618615,0.0,-0.027373046207595054
0.0,0.0,0.0,-0.03263652677677438,0.0,-0.028665759086719762
0.0,0.0,0.0,-0.03372487129923864,0.0,-0.024016929969283014
0.0,0.0,0.0,-0.03372487129923864,0.0,-0.024016929969283014
0.0,0.0,0.0,-0.028745577390316506,0.0,-0.02284445065863882
0.0,0.0,0.0,-0.034230293167324,0.0,-0.022847456834135322
0.0,0.0,0.0,-0.04178517130821853,0.0,-0.026194056218367602
0.0,0.0,0.0,-0.012803797975193914,0.0,-0.0224027074151211
0.0,0.0,0.0,-0.014658032296488304,0.0,-0.020261703808598878
0.0,0.0,0.0,-0.01672607356024297,0.0,-0.021790973142615116
0.0,0.0,0.0,-0.019096790946389573,0.0,-0.02042375529041928
0.0,0.0,0.0,-0.019096790946389573,0.0,-0.02042375529041928
0.0,0.0,0.0,-0.03590713140216625,0.0,-0.020554979731382643
0.0,0.0,0.0,-0.04744938190977284,0.0,-0.018020018210278425
0.0,0.0,0.0,-0.042215486694925516,0.0,-0.015952136846189683
0.0,0.0,0.0,-0.03854116516966127,0.0,-0.01628118428191079
0.0,0.0,0.0,-0.030727027625866182,0.0,-0.015007857850448735
0.0,0.0,0.0,-0.021285702992910868,0.0,-0.01647018841887567
0.0,0.0,0.0,-0.01172830276881431,0.0,-0.013545345212787666
0.0,0.0,0.0,-0.021713735874283963,0.0,-0.017810261811939603
0.0,0.0,0.0,-0.029694178394958953,0.0,-0.017912872379125932
0.0,0.0,0.0,-0.04914197016942397,0.0,-0.015760789754894415
0.0,0.0,0.0,-0.05064213221971797,8.502597430845872e-05,-0.01548686595057352
0.0,0.0,0.0,-0.030144142749116976,0.0,-0.015485210389104637
0.0,0.0,0.0,-0.010498188245954974,0.0,-0.014316948513073663
0.0,0.0,0.0,-0.00306943178771188,0.0,-0.013562715517645142
0.0,0.0,0.0,0.0,0.0,-0.01429524235248271
0.0,0.0,0.0,0.0,0.0,-0.013202057188226082
0.0,0.0,0.0,-0.024448574554892438,0.0,-0.015890108588861425
0.0,0.0,0.0,-0.04975076297823261,0.0,-0.014277060938482211
0.0,0.0,0.0,-0.05093022293269735,0.0,-0.012583365974696623
0.0,0.0,0.0,-0.03568679566370768,0.0,-0.012088750857387072
0.0,0.0,0.0,-0.017233150279705102,0.0,-0.015341860217362637
0.0,0.0,0.0,-0.0016698972856042413,0.0,-0.012431993384334476
0.0,0.0,0.0,0.0,0.0,-0.010140803372543791
0.0,0.0,0.0,0.0,0.0,-0.014203459487563005
0.0,0.0,0.0,-0.012495530647131362,0.0,-0.009434140646988885
0.0,0.0,0.0,-0.04316936571140652,0.0,-0.01241059145283703
0.0,0.0,0.0,-0.059414120532405856,0.0,-0.014085472797324703
0.0,0.0,0.0,-0.06373265056499795,0.0,-0.011208909173803374
0.0,0.0,0.0,-0.04222147488846151,0.0,-0.01147440637042926
0.0,0.0,0.0,-0.01613062527925874,0.0,-0.012198388089797032
0.0,0.0,0.0,-0.00120299205680757,0.0,-0.013682240185794548
0.0,0.0,0.0,0.0,0.0,-0.01569154838813986
0.0,0.0,0.0,0.0,0.0,-0.0148059503582384
0.0,0.0,0.0,-0.013120389253246956,0.0,-0.014464376554401309
0.0,0.0,0.0,-0.03990233934544033,0.0,-0.014661124868002303
0.0,0.0,0.0,-0.048567853896574906,0.0,-0.014883218989474995
0.0,0.0,0.0,-0.045618779856329866,0.0,-0.01569869823104434
0.0,0.0,0.0,-0.022606927532458233,0.0,-0.015263130979903717
0.0,0.0,0.0,0.0,0.0,-0.015121566956231486
0.0,0.0,0.0,0.0,0.0,-0.01413057372380661
0.0,0.0,0.0,0.0,0.0,-0.014467508293931008
0.0,0.0,0.0,0.0,0.0,-0.013525629979515405
0.0,0.0,0.0,-0.009343142513935043,0.0,-0.014275380957411304
0.0,0.0,0.0,-0.03532387329200414,0.0,-0.014171799816230984
0.0,0.0,0.0,-0.040454374721669295,0.0,-0.01302558099101886
0.0,0.0,0.0,-0.03157838788528221,0.0,-0.012316132864676555
0.0,0.0,0.0,-0.019217548518004154,0.0,-0.013762005998122492
0.0,0.0,0.0,-0.007336473475988604,0.0,-0.011972178494273187
0.0,0.0,0.0,0.0,0.0,-0.013419431099232442
0.0,0.0,0.0,0.0,0.0,-0.015560835730512387
0.0,0.0,0.0,-0.006785174831905008,0.0,-0.015821575672262198
0.0,0.0,0.0,-0.020056103437993474,0.0,-0.0164237519474988
0.0,0.0,0.0,-0.03482723058003216,0.0,-0.017816161557408068
0.0,0.0,0.0,-0.049537181789617454,0.005896159282905169,-0.01646818988515345
0.0,0.0,0.0,-0.03473134276057507,0.004859454829229216,-0.013438192177224709
0.0,0.0,0.0,-0.02296696186280188,0.002561003441606653,-0.0156404142552753
0.0,0.0,0.0,-0.006443347987637188,0.0,-0.014017895587216589
0.0,0.0,0.0,0.0,0.0,-0.015953429245852725
0.0,0.0,0.0,0.0,0.0,-0.017571616781777162
0.0,0.0,0.0,-0.0031501192924670253,0.0,-0.01803012993996393
0.0,0.0,0.0,-0.00777860155707043,0.0,-0.01359177501764226
0.0,0.0,0.0,-0.008973967406465739,0.0,-0.016435981546066923
0.0,0.0,0.0,-0.012902151363793399,0.0,-0.01647948617051922
0.0,0.0,0.0,-0.0037998625724521215,0.0,-0.01687472509145656
0.0,0.0,0.0,-0.0010716891775294397,0.0,-0.01283754426154054
0.0,0.0,0.0,-0.0007236168734930886,0.0,-0.014842052830035618
0.0,0.0,0.0,-0.003657465815159958,0.0,-0.012422744596651185
0.0,0.0,0.0,-0.013935489020737699,0.0,-0.012855127594819753
0.0,0.0,0.0,-0.012744032306684385,0.0,-0.012676213976106715
0.0,0.0,0.0,-0.021592455175210894,0.0,-0.013064333132052252
0.0,0.0,0.0,-0.023529203628304997,0.0,-0.013647418393926098
0.0,0.0,0.0,-0.012672625706737375,0.0,-0.01251001936747918
0.0,0.0,0.0,-0.008569951442773336,0.0,-0.009756365991358866
0.0,0.0,0.0,-0.009916622876266169,0.0,-0.011759098972361649
0.0,0.0,0.0,-0.004472219453356447,0.0,-0.011010678571842538
0.0,0.0,0.0,-0.004241189748018928,0.0,-0.010895593544219827
0.0,0.0,0.0,-0.010945024451089335,0.0,-0.008840279900322764
0.0,0.0,0.0,-0.021238420439053565,0.0,-0.011804630598116869
0.0,0.0,0.0,-0.024352393678894368,0.0,-0.009461243292490611
0.0,0.0,0.0,-0.02910984517347946,0.0,-0.00941356300001663
0.0,0.0,0.0,-0.0259524904626904,0.0,-0.012342088701194503
0.0,0.0,0.0,-0.011267865005170536,0.0,-0.008957597025284017
0.0,0.0,0.0,-0.003260487648912104,0.0,-0.011433595867365923
0.0,0.0,0.0,0.0,0.0,-0.007805636420784677
0.0,0.0,0.0,0.0,0.0,-0.009471341451922978
0.0,0.0,0.0,0.0,0.0,-0.008734354611777006
0.0,0.0,0.0,-0.002443889577451907,0.0,-0.010633012497070715
0.0,0.0,0.0,-0.005004546746124446,0.0,-0.00982568716749013
0.0,0.0,0.0,-0.010074735932183658,0.0,-0.00665220180896243
0.0,0.0,0.0,-0.010057267211087559,0.0,-0.0075334401248192875
0.0,0.0,0.0,-0.01239415040692546,0.0,-0.00906866948564393
0.0,0.0,0.0,-0.0035520487739128747,0.0,-0.007651253898805196
0.0,0.0,0.0,0.0,0.0,-0.007047504744684613
0.0,0.0,0.0,0.0,0.0,-0.00801211045704794
0.0,0.0,0.0,0.0,0.0,-0.008938359003060573
0.0,0.0,0.0,0.0,0.0,-0.00744552476343667
0.0,0.0,0.0,-0.001200118091224729,0.0,-0.010547488991622422
0.0,0.0,0.0,-0.005106931544126682,0.0,-0.008674226996853081
0.0,0.0,0.0,-0.006614349007108255,0.0,-0.010214222979592198
0.0,0.0,0.0,-0.004205580395856739,0.0,-0.007876720404345231
0.0,0.0,0.0,-0.0075395114955629765,0.0,-0.009152892560370565
0.0,0.0,0.0,-0.002765089996729487,0.0,-0.007590457410677329
0.0,0.0,0.0,-0.007003178772647936,0.0,-0.009187913427987065
0.0,0.0,0.0,-0.005037683735070209,0.0,-0.009372829647061256
0.0,0.0,0.0,-0.002787474686999546,0.0,-0.006470627259964598
0.0,0.0,0.0,-0.0036323091831239043,0.0,-0.008760177190389976
0.0,0.0,0.0,-0.0017311100625293035,0.0,-0.006225208321228538
0.0,0.0,0.0,-0.0004330451442799468,0.0,-0.005031938855088688
0.0,0.0,0.0,0.0,0.0,-0.0076523288194160766
0.0,0.0,0.0,0.0,0.0,-0.005909727097755604
0.0,0.0,0.0,0.0,0.0,-0.004187619819996753
0.0,0.0,0.0,0.0,0.0,-0.0038541554112740085
0.0,0.0,0.0,0.0,0.0,-0.002937200255788224
0.0,0.0,0.0,0.0,0.0,-0.0006547901841893204
0.0,0.0,0.0,0.0,0.0,-0.0003998742036579757
0,0,0,0,0,0
0,0,0,0,0,0
0,0,0,0,0,0
0,0,0,0,0,0
0,0,0,0,0,0
0,0,0,0,0,0
0,0,0,0,0,0
0,0,0,0,0,0
0,0,0,0,0,0
0,0,0,0,0,0
0,0,0,0,0,0
0,0,0,0,0,0
0,0,0,0,0,0
0,0,0,0,0,0
0,0,0,0,0,0
0,0,0,0,0,0
0,0,0,0,0,0
0,0,0,0,0,0
0,0,0,0,0,0
0,0,0,0,0,0
0,0,0,0,0,0
0,0,0,0,0,0
0,0,0,0,0,0
0,0,0,0,0,0
0,0,0,0,0,0
0,0,0,0,0,0
0,0,0,0,0,0
0,0,0,0,0,0
0,0,0,0,0,0
0,0,0,0,0,0
0,0,0,0,0,0
0,0,0,0,0,0
0,0,0,0,0,0
0,0,0,0,0,0
0,0,0,0,0,0
0,0,0,0,0,0
0,0,0,0,0,0
0,0,0,0,0,0
0,0,0,0,0,0
0.0,0.0,0.0,0.0,0.0,-0.00024374226034962237
0,0,0,0,0,0
0.0,0.0,0.0,0.0,0.0,-0.00018175902372631988
0,0,0,0,0,0
0,0,0,0,0,0
0.0,0.0,0.0,0.0,0.0,-0.0017914619406411252
0,0,0,0,0,0
0.0,0.0,0.0,0.0,0.0,-0.0027006955760168327
0.0,0.0,0.0,0.0,0.0,-0.0027006955760168327
0.0,0.0,0.0,0.0,0.0,-0.0015216244941233272
0.0,0.0,0.0,0.0,0.0,-0.0008119543182227203
0.0,0.0,0.0,0.0,0.0,-0.0023895378281416704
0.0,0.0,0.0,0.0,0.0,-0.0015397979246643209
0.0,0.0,0.0,0.0,0.0,-0.0040968665126074775
0.0,0.0,0.0,0.0,0.0,-0.0018740426858730099
0.0,0.0,0.0,0.0,0.0,-0.0042457519399242485
0.0,0.0,0.0,0.0,0.0,-0.0029912364635192113
0.0,0.0,0.0,0.0,0.0,-0.002825284769148578
0.0,0.0,0.0,0.0,0.0,-0.005612633770286114
0.0,0.0,0.0,0.0,0.0,-0.0025833584020310313
0.0,0.0,0.0,0.0,0.0,-0.003803723889738329
0.0,0.0,0.0,0.0,0.0,-0.006164115501516064
0.0,0.0,0.0,0.0,0.0,-0.0051320783808433855
0.0,0.0,0.0,0.0,0.0,-0.003013375386089372
0.0,0.0,0.0,0.0,0.0,-0.003823480001641959
0.0,0.0,0.0,0.0,0.0,-0.0037677202923694234
0.0,0.0,0.0,0.0,0.0,-0.00488092501653822
0.0,0.0,0.0,0.0,0.0,-0.002705955088217592
0.0,0.0,0.0,0.0,0.0,-0.0032630283215721104
0.0,0.0,0.0,0.0,0.0,-0.005994400924623507
0.0,0.0,0.0,0.0,0.0,-0.0052381802209869556
0.0,0.0,0.0,0.0,0.0,-0.00579668377758666
0.0,0.0,0.0,0.0,0.0,-0.004009282971952074
0.0,0.0,0.0,0.0,0.0,-0.008306648523784457
0.0,0.0,0.0,0.0,0.0,-0.008306648523784457
0.0,0.0,0.0,0.0,0.0,-0.006921949748679365
0.0,0.0,0.0,0.0,0.0,-0.008575245348304988
0.0,0.0,0.0,0.0,0.0,-0.008575245348304988
0.0,0.0,0.0,0.0,0.0,-0.007930964168792012
0.0,0.0,0.0,0.0,0.0,-0.007431865513114012
0.0,0.0,0.0,0.0,0.0,-0.010660954103816265
0.0,0.0,0.0,0.0,0.0,-0.011783492129185455
0.0,0.0,0.0,0.0,0.0,-0.011132210069628216
0.0,0.0,0.0,0.0,0.0,-0.010952787711677028
0.0,0.0,0.0,0.0,0.0,-0.013464777574739925
0.0,0.0,0.0,0.0,0.0,-0.010877284185192015
0.0,0.0,0.0,0.0,0.0,-0.010524265836139557
0.0,0.0,0.0,0.0,0.0,-0.009351449686072379
0.0,0.0,0.0,0.0,0.0,-0.009622641753149546
0.0,0.0,0.0,0.0,0.0,-0.012962053236288653
0.0,0.0,0.0,0.0,0.0,-0.01214230065594436
0.0,0.0,0.0,0.0,0.0,-0.011448747637288363
0.0,0.0,0.0,0.0,0.0,-0.015251405588779493
0.0,0.0,0.0,0.0,0.0,-0.01362432083702804
0.0,0.0,0.0,0.0,0.0,-0.012594993944023131
0.0,0.0,0.0,0.0,0.0,-0.012933812054636003
0.0,0.0,0.0,0.0,0.0,-0.012175305881547693
0.0,0.0,0.0,0.0,0.0,-0.015099778263706476
0.0,0.0,0.0,0.0,0.0,-0.012831357087928597
0.0,0.0,0.0,0.0,0.0,-0.011024671112030779
0.0,0.0,0.0,0.0,0.0,-0.012545290282116359
0.0,0.0,0.0,0.0,0.0,-0.013433164932880898
0.0,0.0,0.0,0.0,0.0,-0.009425949750427334
0.0,0.0,0.0,0.0,0.0,-0.013178798007993302
0.0,0.0,0.0,0.0,0.0,-0.01364962191904937
0.0,0.0,0.0,0.0,0.0,-0.011659893924451168
0.0,0.0,0.0,0.0,0.0,-0.012089397859627019
0.0,0.0,0.0,0.0,0.0,-0.010994276799554028
0.0,0.0,0.0,0.0,0.0,-0.014872173898912081
0.0,0.0,0.0,0.0,0.0,-0.01084269072219763
0.0,0.0,0.0,0.001005174760166662,0.0,-0.014455203647514295
0.0,0.0,0.0,0.0,0.0,-0.014102690242623792
0.0,0.0,0.0,0.0006137116742778133,0.0,-0.012851286256869826
0.0,0.0,0.0,0.0,0.0,-0.011858809491185774
0.0,0.0,0.0,4.4697163997001535e-05,0.0,-0.009949997384975911
0.0,0.0,0.0,0.0011375142825587208,0.0,-0.01097528671552175
0.0,0.0,0.0,0.0,0.0,-0.011327804300643571
0.0,0.0,0.0,0.0,0.0,-0.012310702976410104
0.0,0.0,0.0,0.0,0.0,-0.009435355327683054
0.0,0.0,0.0,0.0,0.0,-0.00834114742373309
0.0,0.0,0.0,0.0,0.0,-0.0075408904976331835
0.0,0.0,0.0,0.0,0.0,-0.009533537293604417
0.0,0.0,0.0,0.0,0.0,-0.010170960667509025
0.0,0.0,0.0,0.0,0.0,-0.009108555341041383
0.0,0.0,0.0,0.0,0.0,-0.004933531605614978
0.0,0.0,0.0,0.0,0.0,-0.005850445923076199
0.0,0.0,0.0,0.0,0.0,-0.005909117235412704
0.0,0.0,0.0,0.0,0.0,-0.007192246222509821
0.0,0.0,0.0,0.0,0.0,-0.0025697871930071858
0.0,0.0,0.0,0.0,0.0,-0.004971634396315173
0.0,0.0,0.0,0.0,0.0,-0.003167556332864193
0.0,0.0,0.0,0.0,0.0,-0.000731711038972502
0.0,0.0,0.0,0.0,0.0,-0.0002543544473670808
0,0,0,0,0,0
0,0,0,0,0,0
0,0,0,0,0,0
0,0,0,0,0,0
0,0,0,0,0,0
0,0,0,0,0,0
0,0,0,0,0,0
0,0,0,0,0,0
0,0,0,0,0,0
0,0,0,0,0,0
0,0,0,0,0,0
0,0,0,0,0,0
0,0,0,0,0,0
0,0,0,0,0,0
0,0,0,0,0,0
0,0,0,0,0,0
0,0,0,0,0,0
0,0,0,0,0,0
0,0,0,0,0,0
0,0,0,0,0,0
0,0,0,0,0,0
0,0,0,0,0,0
0,0,0,0,0,0
0.0,0.0,0.0,0.0007812890564272238,0.0,0.0
0.0,0.0,0.0,0.0019088631040741328,0.0,0.0
0.0,0.0,0.0,0.0016624222002094506,0.0,0.0
0.0,0.0,0.0,0.0021627501963406093,0.0,0.0
0.0,0.0,0.0,0.0018514563145140474,0.0,0.0
0.0,0.0,0.0,0.0011123220340415968,0.0,0.0
0,0,0,0,0,0
0,0,0,0,0,0
0,0,0,0,0,0
0,0,0,0,0,0
0,0,0,0,0,0
0.0,0.0,0.0,0.0,0.0,6.422576911902382e-05
0,0,0,0,0,0
0,0,0,0,0,0
0,0,0,0,0,0
0,0,0,0,0,0
0,0,0,0,0,0
0.0,0.0,0.0,0.0,0.0,0.002196302795698434
0.0,0.0,0.0,0.0,0.0,0.0008053679584386813
0.0,0.0,0.0,0.0,0.0,0.0001859942833057715
0.0,0.0,0.0,0.0,0.0,0.0030865052359451313
0.0,0.0,0.0,0.0,0.0,0.0005549468155798868
0.0,0.0,0.0,0.0,0.0,0.0003662486857648981
0.0,0.0,0.0,0.0,0.0,0.001139328514544959
0.0,0.0,0.0,0.0,0.0,0.0016183573664266197
0.0,0.0,0.0,0.0,0.0,0.0009361521385017058
0.0,0.0,0.0,0.0,0.0,0.0010183580802177884
0.0,0.0,0.0,0.0,0.0,0.002588078791749614
0.0,0.0,0.0,0.0,0.0,0.0006402199567821634
0.0,0.0,0.0,0.0,0.0,0.0016362552308485628
0.0,0.0,0.0,0.0,0.0,0.002489401819808503
0.0,0.0,0.0,0.0,0.0,0.002536839702582213
0.0,0.0,0.0,0.0,0.0,0.0022381932373087285
0.0,0.0,0.0,0.0,0.0,0.001663898578417131
0.0,0.0,0.0,0.0,0.0,0.0005007303218875568
0.0,0.0,0.0,0.0,0.0,0.003470537064859263
0.0,0.0,0.0,0.0,0.0,0.0020935852911552126
0.0,0.0,0.0,0.0,0.0,0.0035469813581707837
0.0,0.0,0.0,0.0,0.0,0.003434190786229959
0.0,0.0,0.0,0.0,0.0,0.0033287322327302674
0.0,0.0,0.0,0.0,0.0,0.002074320468029806
0.0,0.0,0.0,0.0,0.0,0.00214154873618068
0.0,0.0,0.0,0.0,0.0,0.004765947402831916
0.0,0.0,0.0,0.0,0.0,0.006068826974871077
0.0,0.0,0.0,0.0,0.0,0.004173414460315607
0.0,0.0,0.0,0.0,0.0,0.004439180211512945
0.0,0.0,0.0,0.0,0.0,0.0037183974104814067
0.0,0.0,0.0,0.0,0.0,0.0021512790927132857
0.0,0.0,0.0,0.0,0.0,0.0026826565950290094
0.0,0.0,0.0,0.0,0.0,0.0020935265627932457
0.0,0.0,0.0,0.0,0.0,0.0020935265627932457
0.0,0.0,0.0,0.0,0.0,0.0029636768564684493
0.0,0.0,0.0,0.0,0.0,0.0028669818859872486
0.0,0.0,0.0,0.0,0.0,0.0033659426726247834
0.0,0.0,0.0,0.0,0.0,0.0033659426726247834
0.0,0.0,0.0,0.0,0.0,0.004132511495989548
0.0,0.0,0.0,0.0,0.0,0.0005525927704412639
0.0,0.0,0.0,0.0,0.0,0.0004192866339131674
0.0,0.0,0.0,0.0,0.0,0.0019915228107504975
0.0,0.0,0.0,0.0,0.0,0.0016935168516491385
0.0,0.0,0.0,0.0,0.0,0.0013372402157449234
0.0,0.0,0.0,0.0,0.0,0.0019977846292317867
0.0,0.0,0.0,0.0,0.0,0.0019977846292317867
0.0,0.0,0.0,0.0,0.0,0.0018185433269515903
0.0,0.0,0.0,0.0,0.0,0.0016024744221302355
0.0,0.0,0.0,0.0,0.0,0.005243162998590513
0.0,0.0,0.0,0.0,0.0,0.0017734992749700144
0.0,0.0,0.0,0.0,0.0,0.0033984482779515586
0.0,0.0,0.0,0.0,0.0,0.0010044007258163414
0.0,0.0,0.0,0.0,0.0,0.0010013576415918554
0.0,0.0,0.0,0.0,0.0,0.0019517476169347964
0.0,0.0,0.0,0.0,0.0,0.0031015750954761787
0.0,0.0,0.0,0.0,0.0,0.004238947406683254
0.0,0.0,-0.0011182274756786576,0.0,0.0,0.003450071380251698
0.0,0.0,-0.03553493152881954,0.0,0.0,0.0033543803016809156
0.0,0.0,0.0,0.0,0.0,0.0015324142692483144
0.0,0.0,0.0,0.0,0.0,0.0014789480156556253
0.0,0.0,0.0,0.0,0.0,0.004032474098726005
0.0,0.0,0.0,0.0,0.0,0.0024991843813291052
0.0,0.0,0.0,0.0,0.0,0.0023240072748075347
0.0,0.0,0.0,0.0,0.0,0.0011335317171879873
0.0,0.0,-0.00996501403235545,0.0,0.0,0.0009453682058890068
0.0,0.0,-0.0032150332363204658,0.0,0.0,0.002792006829664319
0.0,0.0,-0.02562018682602895,0.0,0.0,0.0016946116769927736
0.0,0.0,-0.023882313364547665,0.0,0.0,0.0018743307652138146
0.0,0.0,0.0,0.0,0.0,0.0013471749046517303
0.0,0.0,-0.0012731099295948743,0.0,0.0,0.00013154185580130568
0,0,0,0,0,0
0,0,0,0,0,0
0,0,0,0,0,0
0.0,0.0,-0.050305183723988775,0.0,0.0,0.0
0.0,0.0,-0.037797641562179796,0.0,0.0,0.0
0.0,0.0,-0.018351532892868887,0.0,0.0,0.0
0,0,0,0,0,0
0.0,0.0,-0.0278760360538761,0.0,0.0,0.0
0.0,0.0,-0.05269543651746371,0.0,0.0,0.0
0.0,0.0,-0.040197697036252894,0.0,0.0,0.0
0.0,0.0,-0.06396738722252972,0.0,0.0,0.0
0,0,0,0,0,0
0,0,0,0,0,0
0,0,0,0,0,0
0.0,0.0,-0.041889083459448195,0.00018061398649294036,0.0,0.0
0,0,0,0,0,0
0.0,0.0,-0.006328703316438651,0.0,0.0,0.0
0.0,0.0,0.0,0.0003731685405603031,0.0,0.0
0,0,0,0,0,0
0,0,0,0,0,0
0.0,0.0,0.0,0.0006901373823376843,0.0,0.0
0.0,0.0,0.0,0.003039694713600642,0.0,0.0
0.0,0.0,0.0,0.0012483592948160619,0.0,0.0
0.0,0.0,0.0,0.0040420299696986555,0.0,0.0
0.0,0.0,0.0,0.003624893484806367,0.0,0.0
0.0,0.0,0.0,0.0015747664362055172,0.0,-0.0006174944539728966
0,0,0,0,0,0
0.0,0.0,0.0,0.003030262609966215,0.0,-0.001619162083240595
0.0,0.0,0.0,0.0018457103026744246,0.0,-0.002928516519736247
0.0,0.0,0.0,0.00300807854378824,0.0,-0.003675679005185677
0.0,0.0,0.0,0.004783684812310994,0.0,-0.006049737363126558
0.0,0.0,0.0,0.0019311556250564501,0.0,-0.007734798241829055
0.0,0.0,0.0,0.0018499551183388066,0.0,-0.00817845639327328
0.0,0.0,0.0,0.0004009842016020045,0.0,-0.010430977908527919
0.0,0.0,0.0,0.0013552618552508467,0.0,-0.010043739293550503
0.0,0.0,0.0,0.0027526872999116803,0.0,-0.012605718427038917
0.0,0.0,0.0,0.004815541078155937,0.0,-0.009627680456619011
0.0,0.0,0.0,0.002806160944335238,0.0,-0.012653898495310808
0.0,0.0,0.0,0.0020702600266021024,0.0,-0.013713479888482958
0.0,0.0,0.0,0.0009213839062554591,0.0,-0.011537658461785647
0.0,0.0,0.0,0.0009910902775492635,0.0,-0.013646686795553647
0.0,0.0,0.0,0.0,0.0,-0.012617440924562453
0.0,0.0,0.0,0.0022598893913285656,0.0,-0.014175849711885753
0.0,0.0,0.0,0.006404417191325551,0.0,-0.01312888429751595
0.0,0.0,0.0,0.005100210697603953,0.0,-0.013603006998849327
0.0,0.0,0.0,0.0021464066820267125,0.0,-0.014781010378178763
0.0,0.0,0.0,0.007233657122210776,0.0,-0.011091594869480598
0.0,0.0,0.0,0.003116294175652843,0.0,-0.01305799074052542
0.0,0.0,0.0,0.005294565544515756,0.0,-0.011385721962421658
0.0,0.0,0.0,0.007095873913251995,0.0,-0.010274073567839489
0.0,0.0,0.0,0.010755953569205709,0.0,-0.010783923706096479
0.0,0.0,0.0,0.008276168302492557,0.0,-0.010259823382548683
0.0,0.0,0.0,0.011291134478841962,0.0,-0.008459847839890195
0.0,0.0,0.0,0.011409811040248127,0.0,-0.01129472323519645
0.0,0.0,0.0,0.012582552672649409,0.0,-0.008170659615608814
0.0,0.0,0.0,0.011987618153498256,0.0,-0.010003124762497291
0.0,0.0,0.0,0.008055743307745347,0.0,-0.006112910765071906
0.0,0.0,0.0,0.010484242051701283,0.0,-0.00916687284048671
0.0,0.0,0.0,0.013341937108778828,0.0,-0.010243360220095718
0.0,0.0,0.0,0.009895604522538883,0.0,-0.006802675776836568
0.0,0.0,0.0,0.013036253245457399,0.0,-0.006644521471693499
0.0,0.0,0.0,0.010642275578621307,0.0,-0.004563763150678197
0.0,0.0,0.0,0.009496443060643293,0.0,-0.005801389694783525
0.0,0.0,0.0,0.011176688836223015,0.0,-0.006924092888638494
0.0,0.0,0.0,0.007125799181945533,0.0,-0.0063336849055112806
0.0,0.0,0.0,0.010487353723623544,0.0,-0.0056352656710202485
0.0,0.0,0.0,0.01158054897620744,0.0,-0.005119968031458359
0.0,0.0,0.0,0.01672162926750544,0.0,-0.005079454350092237
0.0,0.0,0.0,0.010402417497247898,0.0,-0.004419480708654491
0.0,0.0,-0.030949425826450338,0.009818077058544126,0.0,-0.0038569899568434963
0.0,0.0,-0.006608444309055002,0.009890802153782971,0.0,-0.003695637769669677
0.0,0.0,-0.021331427640389165,0.010929454389992495,0.0,-0.001742792292333145
0.0,0.0,-0.01435852108266857,0.0111591977663786,0.0,-0.002798930128860342
0.0,0.0,0.0,0.008327527257881582,0.0,-0.0053793214412788636
0.0,0.0,-0.11487911159421813,0.01588129839447084,0.0,-0.0033351694986470627
0.0,0.0,-0.11934587382763388,0.016320488318256304,0.0,-0.0032907779048105836
0.0,0.0,-0.042648518550513145,0.017665263805045697,0.0,-0.003927326408628397
0.0,0.0,-0.07626635971550304,0.011835719887488657,0.0,-0.00749588217001079
0.0,0.0,0.0,0.010558731791570653,0.0,-0.00438671595639107
0.0,0.0,-0.02518762530727441,0.006601869462481205,0.0,-0.0034412170615916713
0.0,0.0,-0.030277578098691603,0.007915723112005458,0.0,-0.0029111566290715178
0.0,0.0,0.0,0.013378421286232114,0.0,-0.002377942122810494
0.0,0.0,0.0,0.006206305157900315,0.0,-0.0021075475097816093
0.0,0.0,0.0,0.005099811660106042,0.0,-0.003893789643269881
0.0,0.0,-0.009776943745372493,0.007707441876854651,0.0,-0.0016291025605142113
0.0,0.0,-0.036909934463777286,0.008744336682948686,0.0,-0.002995101668604429
0.0,0.0,-0.010079520199224352,0.008410066805622864,0.0,-0.0021813768337575123
0.0,0.0,-0.04480643190454426,0.010252956636579654,0.0,0.0
0.0,0.0,-0.04480643190454426,0.010252956636579654,0.0,0.0
0.0,0.0,-0.03937406036588335,0.00932167636131419,0.0,0.0
0.0,0.0,0.0,0.009553101101333077,0.0,0.0
0.0,0.0,-0.02568957979295914,0.00980054378644869,0.0,0.0
0.0,0.0,-0.07631647963873035,0.007719222645390561,0.0,0.0
0.0,0.0,-0.13399060631371656,0.009085747093709243,0.0,0.0
0.0,0.0,-0.11670083528180471,0.01091449349801507,0.0,0.0
0.0,0.0,-0.08484445230188278,0.00921343584681229,0.0,0.0
0.0,0.0,-0.07460469391654617,0.011309922411711386,0.0,0.0
0.0,0.0,-0.0736311275847428,0.013638742876702456,0.0,0.0
0.0,0.0,-0.041713446289930727,0.009065466368831635,0.0,0.0
0.0,0.0,-0.05311208905255198,0.011936088526299102,0.0,0.0
0.0,0.0,-0.0687999704809523,0.01240335725600061,0.0,0.0
0.0,0.0,0.0,0.00924846262519154,0.0,0.0
0.0,0.0,-0.027091596578198686,0.00861345296904016,0.0,0.0
0.0,0.0,-0.0259776702501145,0.006906435496587695,0.0,0.0
0.0,0.0,-0.035399381456390114,0.011766707043932035,0.0,0.0
