0,0,0,0,0,0
0,0,0,0,0,0
0,0,0,0,0,0
0,0,0,0,0,0
0,0,0,0,0,0
0,0,0,0,0,0
0,0,0,0,0,0
0,0,0,0,0,0
0,0,0,0,0,0
0,0,0,0,0,0
0,0,0,0,0,0
0,0,0,0,0,0
0,0,0,0,0,0
0,0,0,0,0,0
0,0,0,0,0,0
0,0,0,0,0,0
0,0,0,0,0,0
0,0,0,0,0,0
0,0,0,0,0,0
0,0,0,0,0,0
0,0,0,0,0,0
0,0,0,0,0,0
0,0,0,0,0,0
0,0,0,0,0,0
0,0,0,0,0,0
0,0,0,0,0,0
0,0,0,0,0,0
0,0,0,0,0,0
0,0,0,0,0,0
0,0,0,0,0,0
0,0,0,0,0,0
0,0,0,0,0,0
0,0,0,0,0,0
0,0,0,0,0,0
0,0,0,0,0,0
0,0,0,0,0,0
0,0,0,0,0,0
0,0,0,0,0,0
0,0,0,0,0,0
0,0,0,0,0,0
0,0,0,0,0,0
0,0,0,0,0,0
0,0,0,0,0,0
0,0,0,0,0,0
0,0,0,0,0,0
0,0,0,0,0,0
0,0,0,0,0,0
0,0,0,0,0,0
0,0,0,0,0,0
0,0,0,0,0,0
0,0,0,0,0,0
0,0,0,0,0,0
0,0,0,0,0,0
0,0,0,0,0,0
0,0,0,0,0,0
0,0,0,0,0,0
0,0,0,0,0,0
0,0,0,0,0,0
0,0,0,0,0,0
0,0,0,0,0,0
0,0,0,0,0,0
0,0,0,0,0,0
0,0,0,0,0,0
0,0,0,0,0,0
0,0,0,0,0,0
0,0,0,0,0,0
0,0,0,0,0,0
0,0,0,0,0,0
0,0,0,0,0,0
0,0,0,0,0,0
0,0,0,0,0,0
0,0,0,0,0,0
0,0,0,0,0,0
0,0,0,0,0,0
0,0,0,0,0,0
0,0,0,0,0,0
0,0,0,0,0,0
0,0,0,0,0,0
0,0,0,0,0,0
0,0,0,0,0,0
0,0,0,0,0,0
0,0,0,0,0,0
0,0,0,0,0,0
0,0,0,0,0,0
0,0,0,0,0,0
0,0,0,0,0,0
0,0,0,0,0,0
0,0,0,0,0,0
0,0,0,0,0,0
0,0,0,0,0,0
0,0,0,0,0,0
0,0,0,0,0,0
0,0,0,0,0,0
0,0,0,0,0,0
0,0,0,0,0,0
0,0,0,0,0,0
0,0,0,0,0,0
0,0,0,0,0,0
0,0,0,0,0,0
0,0,0,0,0,0
0,0,0,0,0,0
0,0,0,0,0,0
0,0,0,0,0,0
0,0,0,0,0,0
0,0,0,0,0,0
0,0,0,0,0,0
0,0,0,0,0,0
0,0,0,0,0,0
0,0,0,0,0,0
0,0,0,0,0,0
0,0,0,0,0,0
0,0,0,0,0,0
0,0,0,0,0,0
0,0,0,0,0,0
0,0,0,0,0,0
0,0,0,0,0,0
0,0,0,0,0,0
0,0,0,0,0,0
0,0,0,0,0,0
0,0,0,0,0,0
0,0,0,0,0,0
0,0,0,0,0,0
0,0,0,0,0,0
0,0,0,0,0,0
0,0,0,0,0,0
0,0,0,0,0,0
0,0,0,0,0,0
0,0,0,0,0,0
0,0,0,0,0,0
0,0,0,0,0,0
0,0,0,0,0,0
0,0,0,0,0,0
0,0,0,0,0,0
0,0,0,0,0,0
0,0,0,0,0,0
0,0,0,0,0,0
0,0,0,0,0,0
0,0,0,0,0,0
0,0,0,0,0,0
0,0,0,0,0,0
0,0,0,0,0,0
0,0,0,0,0,0
0,0,0,0,0,0
0,0,0,0,0,0
0,0,0,0,0,0
0,0,0,0,0,0
0,0,0,0,0,0
0,0,0,0,0,0
0,0,0,0,0,0
0,0,0,0,0,0
0,0,0,0,0,0
0,0,0,0,0,0
0,0,0,0,0,0
0,0,0,0,0,0
0,0,0,0,0,0
0,0,0,0,0,0
0,0,0,0,0,0
0,0,0,0,0,0
0,0,0,0,0,0
0,0,0,0,0,0
0,0,0,0,0,0
0,0,0,0,0,0
0,0,0,0,0,0
0,0,0,0,0,0
0,0,0,0,0,0
0,0,0,0,0,0
0,0,0,0,0,0
0,0,0,0,0,0
0,0,0,0,0,0
0,0,0,0,0,0
0,0,0,0,0,0
0,0,0,0,0,0
0,0,0,0,0,0
0,0,0,0,0,0
0,0,0,0,0,0
0,0,0,0,0,0
0,0,0,0,0,0
0,0,0,0,0,0
0,0,0,0,0,0
0,0,0,0,0,0
0,0,0,0,0,0
0,0,0,0,0,0
0,0,0,0,0,0
0,0,0,0,0,0
0,0,0,0,0,0
0,0,0,0,0,0
0,0,0,0,0,0
0,0,0,0,0,0
0,0,0,0,0,0
0,0,0,0,0,0
0,0,0,0,0,0
0,0,0,0,0,0
0,0,0,0,0,0
0,0,0,0,0,0
0,0,0,0,0,0
0,0,0,0,0,0
0,0,0,0,0,0
0,0,0,0,0,0
0,0,0,0,0,0
0,0,0,0,0,0
0,0,0,0,0,0
0,0,0,0,0,0
0,0,0,0,0,0
0,0,0,0,0,0
0,0,0,0,0,0
0,0,0,0,0,0
0,0,0,0,0,0
0,0,0,0,0,0
0,0,0,0,0,0
0,0,0,0,0,0
0,0,0,0,0,0
0,0,0,0,0,0
0,0,0,0,0,0
0,0,0,0,0,0
0,0,0,0,0,0
0,0,0,0,0,0
0,0,0,0,0,0
0,0,0,0,0,0
0,0,0,0,0,0
0,0,0,0,0,0
0,0,0,0,0,0
0,0,0,0,0,0
0,0,0,0,0,0
0,0,0,0,0,0
0,0,0,0,0,0
0,0,0,0,0,0
0,0,0,0,0,0
0,0,0,0,0,0
0,0,0,0,0,0
0,0,0,0,0,0
0,0,0,0,0,0
0,0,0,0,0,0
0,0,0,0,0,0
0,0,0,0,0,0
0,0,0,0,0,0
0,0,0,0,0,0
0,0,0,0,0,0
0,0,0,0,0,0
0,0,0,0,0,0
0,0,0,0,0,0
0,0,0,0,0,0
0,0,0,0,0,0
0,0,0,0,0,0
0,0,0,0,0,0
0,0,0,0,0,0
0.0,0.0,0.0,0.0017532876130664974,-0.00013626771421948054,0.0
0.0,0.0503980513002049,0.0,0.003735179226383968,-0.0009143858813510149,0.0
0.0,0.2949575877026843,0.0,0.004641069929041888,0.0,0.0
0.0,0.6648443264303839,0.07823846994125014,0.008220892879608524,0.0,0.0
0.0,1.1838399462854097,0.16655838814983373,0.007824486054048929,0.0,0.0
0.0,1.1159840892853128,0.2826320986559999,0.02012594187555666,0.0,0.0
0.0,1.7437924747270759,0.48783372137437997,0.022980064066432743,0.0,0.0
0.0,2.0272996317878227,0.7089379307147569,0.03296095834138153,0.0,0.0
0.0,2.6484762934680757,1.01646963701211,0.03673563589707099,0.0,0.0
0.0,2.9183810235224716,1.2215970923225554,0.04617013487908119,0.0,0.0
0.0,3.161582801718636,1.3651152556944333,0.053761055365199,0.0,0.0
0.0,3.3493717551191944,1.4887194257277327,0.06045467776896871,0.0,0.0
0.0,4.039440656339978,1.7045305330474096,0.06306809071565997,0.0,0.0
0.0,3.90382446702798,2.0483503758890067,0.07678939079255473,-0.0009224035328874785,0.0
0.0,4.46075159822079,2.238685720614749,0.07868959729656644,-0.004739747259021894,0.0
0.0,4.608852528377529,2.3503838850371603,0.08139885488265511,-0.0020494840772008307,0.0
0.0,4.542141701475548,2.4408826439777536,0.08399332086679902,-0.001335419523365865,0.0
0.0,4.501813510752435,2.6962782460907735,0.08053424156037912,0.0,0.0
0.0,4.108968081942376,2.691374929986924,0.07664449207059232,-0.005334484201220478,0.0
0.0,3.64776288376711,2.8447754908785,0.07647902876796261,-0.01161698730086775,0.0
0.0,3.939978336903485,3.156289112196397,0.0899871623727169,-0.015928630002335655,0.0
0.0,4.330827452997887,3.224367352177269,0.0938635579640579,-0.01749433578987527,0.0
0.0,4.124031269550558,3.1809730236258993,0.10689154250493924,-0.02505724996367706,0.0
0.0,4.470453011348125,3.325542024030212,0.10468870189138121,-0.023243744223841824,0.0
0.0,3.6522110355556,3.22872074213248,0.11697579488422276,-0.02581028579571108,0.0
0.03629637160482848,3.4237423685095836,3.134283073585674,0.11223205333594358,-0.04055414215974129,0.0
0.1946581462921056,3.253316864507517,3.2430577198662682,0.10814112338355555,-0.055234880560194155,-0.004530048332677621
0.3481293032013254,3.0110063067955393,3.1911892602035605,0.10620755810144349,-0.061736482136817684,-0.00528379983232769
0.2843285841620296,2.9001306689824835,3.2234539752422577,0.10480233743643938,-0.06943353211163569,-0.008176868546595021
0.23431803195620962,2.981898288314489,3.4219191822823682,0.10387602145028223,-0.06935214316587208,-0.0093100099146548
0.061651687903727104,2.8178466335945,3.5197315233868336,0.09768163879280109,-0.06362909885821641,-0.014822492071560852
0.00599977277857726,2.490292961402644,3.4852872524687086,0.08920100388599955,-0.05510916776780156,-0.0132626078927911
0.0,2.0054087509425194,3.375799211798976,0.08373273815651901,-0.053857577484906584,-0.014703055687980044
0.0,1.814652703700908,3.5843683477553285,0.07145028217625486,-0.047392488093638566,-0.01761882137564719
0.0,1.2636621698113382,3.7121453153802597,0.07185100437869366,-0.051344278750310904,-0.02091300888492508
0.0,1.149721707101881,3.695064609633966,0.06321948344564736,-0.05546118201113678,-0.02200302295791879
0.0,1.3992019079315083,3.887486921962764,0.05727840259987642,-0.058836770446958085,-0.02518332750455351
0.0,0.9244591713538888,3.9454065728630354,0.06423685845832339,-0.05747650737402895,-0.026249930089302688
0.0,0.9665423297257091,3.846033535906797,0.06107114684095344,-0.058174114197954485,-0.027220172621495925
0.0,0.9929806195279893,3.940681451930838,0.059261236949657216,-0.05675641183161029,-0.028723146611541146
0.0,1.0868003422095656,4.120311316853923,0.054335824303459776,-0.05589007895100599,-0.02845136061779916
0.0,0.9001216675730896,4.120124872989689,0.05739368177333537,-0.05861715576730966,-0.03385977071128141
0.0,0.8112801887998969,4.1890835600271785,0.05537500085266876,-0.06508480144982068,-0.03454764526707131
0.139387821834395,0.6762722145707464,4.215514293669006,0.05822928299249425,-0.06420988525115728,-0.03745832955502975
0.12298353430168049,0.5787072280835772,4.425167504557347,0.059196416105896585,-0.07807284328026234,-0.04089121154805501
0.32240033236424276,0.6550960414073024,4.430475406504146,0.058765487724025865,-0.0827776979473551,-0.03991325610317172
0.7238338914587342,0.6913098955342601,4.735501375138551,0.0663612948397626,-0.08491025579532394,-0.03336812448964575
0.753487174372865,0.6428963206942314,4.8384680386522385,0.07301189387092988,-0.0888819475490548,-0.02454818381693472
0.6500721328127249,0.870896234557871,5.164285070206359,0.04751071496380098,-0.09665566097441589,-0.028090558014762197
0.422374440795925,0.4776580013713067,4.898167272955769,0.0,-0.09434329331441386,-0.03902417803466539
0.9577331507337865,0.0,4.723750344428401,0.0,-0.10247308169238586,-0.04327796438684055
0.9902122320210511,0.0,4.933995487916911,-0.04035295765237878,-0.1190791171168758,-0.05016331943360097
1.0044514487627938,0.0,5.40656555657987,-0.08555756083142713,-0.11965926045121153,-0.05799874236782242
0.790517615445822,0.0,5.784754401159228,-0.1082850156906591,-0.12523882244668819,-0.06591237638117586
0.5783070792142907,0.0,6.244665612974306,-0.11345625611697001,-0.12110421143561587,-0.06063842806050136
0.5833719088283964,0.0,6.882388272170125,-0.07575293391949539,-0.11939493486644745,-0.05443000715841086
0.8739753975053647,0.0,7.595999755679872,-0.07932135926487535,-0.1280245879297897,-0.05754263514387396
1.1607035253840774,0.0,7.5881287329463785,-0.07596824812286807,-0.14925344494658838,-0.04681990963777907
1.270622161064708,0.0,7.572857556995077,-0.06753605334179118,-0.15327083260770294,-0.0492464511674741
1.4990180027318682,0.0,8.564937595461648,-0.04195205312026043,-0.15835977568047058,-0.046086675447442015
0.7743116629543996,0.0,8.115279096961142,-0.02338567085117787,-0.12487993243330764,-0.030175114965431998
0.6190079072003711,0.0,8.333698039646574,-0.007706127799449311,-0.1124940643666859,-0.03207655800082579
0.35368194675158204,0.0,8.22628751871998,0.0,-0.10234204028564298,-0.01951777623250791
0.41478758613711164,0.0,8.411136659793005,0.0,-0.09682301954774943,-0.020142324325585485
0.5411894863467055,0.0,8.439504879567847,0.002332145678937621,-0.10203840208272852,-0.018435930379715564
0.7764742176751999,0.05105561239933809,8.28460622501086,0.018037929655763823,-0.10907360111748902,-0.015826170689881687
0.7163603608941111,0.3957525836612338,8.654867757049244,0.03418451396972079,-0.11480761763666236,-0.01079862178141735
1.5019178433379703,0.5109680626678341,8.615617693305666,0.05540976368953214,-0.12094187611009129,-0.00448716117761606
1.9654154178225558,0.7647625503010305,8.792772700047326,0.059574062900206004,-0.1333056401466814,-0.004479680299738284
1.788974475155133,0.5971096362246157,8.938957984496202,0.05368563362008769,-0.1374616389788554,-0.004752048688557485
1.788974475155133,0.5971096362246157,8.938957984496202,0.05368563362008769,-0.1374616389788554,-0.004752048688557485
1.0041070236957172,0.0,8.607296190634846,0.016264707357348262,-0.0932752305113759,-0.004497486651567404
0.48623549842568137,0.0,8.826910074468726,0.009001370928614565,-0.09254594045906099,-0.003484092135943849
0.5345580759506676,0.0,9.085554405578693,0.013412045001249952,-0.08113933196301756,-0.0025198853258835896
0.7578450545340714,0.05104293998719519,9.270371612380101,0.021726704579947912,-0.0834920231253791,-0.0013507997158562271
1.1607225686453686,0.16793430829248493,9.716673012772713,0.04058009954534603,-0.10473308394682479,0.0
1.3113105085774186,0.49069669416665285,9.901059224152053,0.04403055220760619,-0.11423183305966551,0.0
0.9933236246864627,0.21589940753679807,10.019759001625133,0.035866297351013085,-0.0980773887536385,0.0
0.37503405633014536,0.0,9.947965743295407,0.017248627264249933,-0.07475466852192354,0.0
0.0,0.0,9.362129590406976,0.007145646505460311,-0.06531951849283946,0.0
0.0935857214894223,0.0,9.714038894422703,0.007925168506183695,-0.05422089263439543,0.0
0.3287542632993497,0.0,9.883454305857656,0.014932509091587729,-0.060462483973967654,0.0
1.0760221800373337,0.363744390689312,10.75019018327119,0.03288828648143096,-0.09485583897350273,0.0
1.8378786926648303,0.36257916952679575,11.487747177224131,0.053729194687899794,-0.11732810065999444,0.0
1.5050278886511015,0.26353179431887774,11.220087292345037,0.03302011433743245,-0.11079313449438992,0.0
1.3926865535758381,0.0,10.663001957513268,0.017244701413975307,-0.09104651711011569,0.0
1.5319528306773598,0.0,10.744395770518341,0.01666062588490983,-0.09438766209625674,0.0
1.4769589677202355,0.024920863262688314,11.11648865054864,0.016855981663626545,-0.09737622088076427,0.0
1.3213765431509263,0.0,10.993144567655161,0.01730220426970725,-0.08061679893583071,0.0
0.955875722286802,0.0,10.419518371713668,0.012983694325783609,-0.0747735092506143,0.0
1.0382186575126922,0.0,10.633058860970623,0.0219208070511596,-0.06451364257790743,0.0
0.6510399952921229,0.04289125607514615,11.060535754890429,0.025345778321318076,-0.06867364175091267,0.0
0.5514919610441075,0.08946724776984134,10.915601308710139,0.02388789611750744,-0.058919423509595927,0.0
0.697486172332599,0.0,10.915759918894631,0.027304399164670163,-0.05812084405802341,0.0
0.47134463389524034,0.0,10.710912083171854,0.017782258274681544,-0.0549363597046289,0.0
0.30645790769784714,0.0,10.606533706845253,0.009438568478727653,-0.038501820289036336,0.0
0.08306592218947122,0.0,10.659720686946157,0.0016076983545793171,-0.026603126501413325,0.0
0.0,0.0,10.158699573041233,0.0007292708173029472,-0.018968493187255717,0.0
0.0,0.0,9.868919555448237,0.0,-0.014344271408869708,0.0
0.10976579921954888,0.0,10.242550039305055,0.006957186223644543,-0.02348214534171341,0.0
0.1862726678529671,0.0,10.442589736842235,0.019943587293223354,-0.03069117290259395,0.0
0.3351054271911132,0.0,9.81904492606221,0.010251996287670198,-0.031026995865630215,0.0
0.19885039084647355,0.0,9.69279279056347,0.006449700721649965,-0.029879176889199915,0.0
0.39289543482086176,0.0,9.689428912432017,0.013079697991434488,-0.028057505243795182,0.0
0.34047526690350083,0.0,9.533979379405196,0.017077837146757976,-0.027746517419944328,0.0
0.5007702832138083,0.0,9.73403661707427,0.026210412139908677,-0.031074851986486407,0.0
0.4404311648308187,0.24561031494906177,9.300132498502368,0.021463092738404986,-0.028496433984949686,0.0
0.29431938524218637,0.14752383964191274,9.576048863798132,0.027944012774733146,-0.022890656109038655,0.0
0.05178836915534145,0.08464189775990413,9.37990005855257,0.02273171069020782,-0.013948816790850407,0.0
0.16993965606385036,0.0,9.346313001468022,0.017841844093875087,-0.009940535610647819,0.0
0.068341425955551,0.0,9.30397106663046,0.01653481083131436,-0.010728133716443319,0.0
0.0473319703796536,0.0,9.266187649230988,0.014064926107592657,-0.008841249409263969,0.0
0.21917228134166353,0.0,9.283109611503546,0.007984830977116296,-0.0053013473848496275,0.0
0.1942021441923038,0.0,9.379914121742045,0.006222878232022899,-0.014299044849053569,0.0
0.22126368224513082,0.0,9.409675360641739,0.001549300421453572,-0.01399209332672643,0.0
0.1669690799246952,0.0,9.074995488232826,0.0,-0.008016053475191375,0.0
0.08261886840313845,0.0,8.949474340538265,0.0,-0.006792261322073942,0.0
0.45751803011261527,0.0,8.712296067894437,0.0,-0.01423805316606656,0.0
0.8107481495802725,0.0,9.031020403009185,0.0,-0.027199123157746898,0.0
0.6497285096979359,0.0,9.138287041162046,0.0,-0.016290124894729027,0.0
0.2447286987107781,0.0,8.19447584047539,0.0,-0.01233432981031001,0.0
0.5487576691070267,0.0,8.719835461577171,0.0,-0.014494440308632214,0.0
0.4645984970797681,0.0,8.856248505910887,0.0,-0.010549975077027197,0.0
0.529254906923635,0.0,8.40056022290732,0.0,-0.007728723711249214,0.0
0.32275771233230427,0.0,8.297908147550226,0.0,-0.008436089496467323,0.0
0.3212173249714403,0.0,8.431715801524511,0.0,-0.008644242384250342,0.0
0.39859306506499226,0.0,8.356497890080767,0.0,-0.0005930624475482733,0.0
0.4572648062068607,0.0,7.951470721703375,-0.0015152663497034432,-0.0022050521206722746,0.0
0.5150589845668794,0.0,7.8195816295352945,0.0,-0.0043040764590364326,0.0
0.4946213928577213,0.0,7.907350078670639,0.0,-0.0033199426112461863,0.0
0.5043587972902406,0.0,7.771753690675972,-0.0020172520846797105,-0.000527762105095221,0.0
0.16887259287753437,0.0,7.445103280913846,-0.009839191524699278,0.0,0.0
0.4381176277904487,0.0,7.191699255999754,-0.013255432655903038,-0.0012723611707551874,0.0
0.551429511874433,0.0,7.954306744361318,-0.0060160100773169545,-0.006640296929466534,0.0
0.4097771875240924,0.0,8.194901503841868,-0.005798220753373788,-0.002147454596527134,0.0
0.042881743821814186,0.0,7.508593336847676,-0.02226231897941541,0.0,0.0
0.0405659959749678,0.0,7.320966126265651,-0.04020116319391517,0.0,0.0
0.0,0.0,7.922709560374652,-0.0334425657433229,0.0,0.0
0.07995520803395637,0.0,8.157127068678355,-0.023209507143970142,0.0,0.0
0.18603529365307508,0.0,8.103037957269063,-0.02236305741195508,0.0,0.0
0.010566727053860992,0.0,7.929113750089111,-0.02554318226265818,0.0,0.0
0.0,0.0,7.842008984497272,-0.02822920201619114,0.0,0.0
0.0,0.0,8.106544621497896,-0.031031931476477325,0.0,0.0
0.0,0.0,7.5382049021226365,-0.05432000373648209,0.0001461121623375959,0.0
0.0,-0.12009887042554517,7.686172575902998,-0.05888915182236272,0.00046011420352954583,0.0
0.0,-0.2748107435178779,7.652750919886666,-0.07308918347490287,0.013352858725857675,0.0
0.0,-0.0531628537849842,7.17441825167739,-0.08533650730485653,0.01577046598230802,0.0
0.0,0.0,7.257998774708291,-0.07136037420036233,0.014661080193745285,0.0
0.0,0.0,7.648894043539622,-0.05508078836432476,0.012361906973925873,0.0
0.0,0.0,7.669499977641019,-0.05335742680066065,0.002539057282094865,0.0
0.0,0.0,7.655139912636723,-0.05986208704431047,0.010786791641052016,0.0
0.0,-0.008689326118880767,7.173388185492537,-0.07068619432849793,0.03363872234808292,0.0
0.0,0.0,7.323358169081028,-0.09737736037453383,0.03820506358365627,0.0
0.0,-0.02290530653209957,7.365197173662028,-0.09231110841309761,0.03955265689170648,0.0
0.0,-0.08601669356491663,6.998340595477363,-0.10046215561556812,0.044646428402808136,0.0
0.0,0.0,6.887850678931427,-0.11113845467723196,0.04629428839118936,0.0
0.0,0.0,7.005490010887648,-0.09685261737768872,0.03949969583468459,0.0
0.0,0.0,7.201772661434751,-0.07324450510065984,0.026031043443926503,0.0
0.0,0.0,7.421798749013101,-0.07752624930754352,0.030155852625943246,0.0
0.0,0.0,7.150459072567196,-0.08502028934905874,0.037268911372684684,0.0
0.0,0.0,6.904735009119207,-0.09681549329609768,0.03990892856508532,0.0
0.0,0.0,7.184379901879486,-0.09806429294386478,0.03415210036144136,0.0
0.0,0.0,7.479710759803257,-0.10894557087068843,0.043019445369167374,0.0
0.0,0.0,7.268746597994313,-0.10385291441440381,0.043465774753575,0.0
0.05407952679611845,0.0,7.3135080844542255,-0.10506078440721345,0.036003822464408544,0.0
0.0,0.0,7.3476708658150285,-0.11674568616392292,0.04273805113812416,0.0
0.0,0.0,7.448921666327601,-0.14010818018375715,0.07177658345051698,0.0
0.0,0.0,7.120722857327115,-0.16094273682375673,0.08683953684392329,0.0
0.0,-0.05182894345862675,6.415374607093601,-0.17705926522624585,0.09657618789478073,0.0
0.0,0.0,7.148653752489404,-0.15847237244146428,0.07633328799744776,0.0
0.0,0.0,7.793589238485934,-0.15125672470534912,0.06582107604000088,0.0
0.0,-0.007344869025966631,6.976484156753372,-0.18443741982662906,0.08766523701292935,0.0
0.0,-0.06747895909119203,6.147654265831247,-0.19867329923614743,0.09599340189921961,0.0
0.0,0.0,6.862285633567517,-0.1755517843411243,0.08396191112116667,0.0
0.0,0.0,7.3448644109566485,-0.1571785337241975,0.08324784822006007,0.0
0.0,0.0,6.968709620859054,-0.16977204602387552,0.09372548802292005,0.0
0.0,0.0,6.060196736059425,-0.2043185367295656,0.10428551586799,0.0
0.0,0.0,6.087221893494307,-0.20676679496483902,0.1215154496748337,0.0
0.0,0.0,6.7511667094104455,-0.18204685433682893,0.1151806300521655,0.0
0.0,0.0,6.712862614385463,-0.17727813029708267,0.11395499816274049,0.0
0.0,0.0,6.058696907138847,-0.1992093355774139,0.13282857326910208,0.0
0.0,0.0,5.8814210359672705,-0.18879779950727485,0.13250596143981647,-0.000587012055550457
0.0,0.0,6.485567452192851,-0.1616398393677851,0.12754559956058228,0.0
0.0,0.0,6.339798595712443,-0.17057690274495527,0.14644329922897453,0.0
0.0,0.0,5.684110715464315,-0.19501312803838602,0.16621498298955487,-0.0011747717815723802
0.0,0.0,5.832596133645284,-0.20596423852777473,0.18988605742784065,0.0
0.0,0.0,6.366965902564186,-0.18028839750026365,0.1827954723368963,0.0
0.0,0.0,6.460532737915523,-0.17213770742536227,0.18013510686081208,0.0
0.0,0.0,6.296131391010841,-0.17009900292815186,0.175951049022796,0.0
0.0,0.0,6.457228775401747,-0.16844956769948244,0.18308734849881358,0.0
0.0,0.0,6.858161976184542,-0.1688805425072258,0.19351542874901403,0.0
0.0,0.0,6.385290000734389,-0.17544836718937104,0.22187272046745118,0.0
0.0,0.0,6.210665926192571,-0.18735614828916844,0.2387720327502481,-0.0031676760257135965
0.0,0.0,6.845928158813796,-0.18841931121295102,0.24301356764222953,-0.0010619885181464071
0.0,0.0,6.816531394334675,-0.18677988875875678,0.2494468452884228,0.0
0.0,0.0,7.202320565500261,-0.1887940535101002,0.23963305654223724,-0.002590421081961913
0.0,0.0,7.211542629041037,-0.19465638343827246,0.24804908700344863,-0.0029153182785930203
0.0,0.0,7.171233536648259,-0.20850870548559977,0.24534641589651113,-0.003646796996909306
0.0,0.0,7.510438966707129,-0.19804480456509438,0.23518078722136931,-0.004335045869063377
0.0,0.0,7.437672487664292,-0.19849978027415574,0.22958205364534456,-0.0048908768083047545
0.0,0.0,7.606948033344334,-0.1766047668798129,0.21977185994405463,-0.004359127061525532
0.0,0.0,7.454697360526575,-0.18964050807080918,0.22491238387783277,-0.002142917473281206
0.0,0.0,7.284157137980513,-0.20062831246897384,0.269044734092532,-0.0018144055332307446
0.0,0.0,6.92975014146109,-0.21808886474825492,0.29068008293907194,-9.591994788068784e-05
0.0,0.0,7.273108248526405,-0.1995718764116286,0.2937625429990831,0.0
0.0,0.0,7.10310128286419,-0.18337820574917357,0.29404434725040435,0.0
0.0,0.0,6.889715289560664,-0.1751137238364311,0.2833399492190183,0.0
0.0,0.0,7.3854744109119554,-0.15938544705911048,0.25661962871439964,0.0
0.0,0.0,6.796178971724783,-0.16251615931429328,0.27092025100162725,0.0
0.0,0.0,6.603064664643034,-0.168567686432144,0.260909348801784,0.0
0.0,0.0,6.903049947799556,-0.18296962048742887,0.293538780158866,0.0
0.0,0.0,6.468854985692547,-0.19882076284324351,0.3206115777770067,0.0
0.0,0.0,5.771280488997453,-0.2229929666642731,0.33247315587948495,0.0
0.0,0.0,5.783286232362146,-0.209318186957944,0.32959600572740533,0.0
0.0,0.0,6.288436780475809,-0.1654760883268626,0.3051429755251972,0.0
0.0,0.016304170642447158,6.6657953710969124,-0.13077608395476065,0.27831327092654295,0.0
0.0,0.1832233639401417,6.57827343033029,-0.1266281243051954,0.26205297961085594,0.0
0.0,0.12808177369153156,6.657205964685796,-0.12580068207406675,0.27050046396106275,0.0
0.0,0.049247212936947504,7.088099486760529,-0.1307415888606231,0.2867438260896314,0.0
0.0,0.0,6.78692232960299,-0.15990028070189205,0.3299430028352139,0.0
0.0,0.0,6.746902992495743,-0.1945776933685215,0.3785378280275288,0.0
0.0,0.0,7.163395567283134,-0.2116463388150846,0.3784371579214926,0.0
0.0,0.0,7.233345898983427,-0.1998142414398174,0.38930364788992877,0.0
0.0,0.0,7.3166999714969165,-0.19914919512644674,0.37326841605440914,0.0
0.0,0.0,7.457164508131865,-0.17263540939021904,0.34479032041138874,0.0
0.0,0.0,7.645544036652939,-0.14711504622998878,0.32250346492548115,0.0
0.0,0.0,8.01446473437404,-0.1295138872142508,0.3246927350670032,0.0
0.0,0.0,8.077353958703872,-0.14580162461284207,0.3441733547153257,0.0
0.0,0.0,7.424558324360449,-0.1708025884990942,0.35953901260914406,0.0
0.0,0.0,7.103583677938279,-0.21125719328068332,0.3937384237303796,0.0
0.0,0.0,7.104310411879602,-0.2197197874250128,0.4033734774434934,0.0
0.0,0.0,6.740322056686407,-0.2117633390673003,0.3879802626170617,0.0
0.0,0.0,6.4556458105342145,-0.19559174175916688,0.38048911482328185,0.0024739853087878344
0.0,0.0,6.700360557914419,-0.149536542877628,0.3511582719293616,0.007491548811653525
0.03857047429123874,0.12896751300633008,6.8447866545626725,-0.12032114105645138,0.3204988630000076,0.015221966107918653
0.09983926325078359,0.03675649903299279,6.419256315952536,-0.1204783012795414,0.31025520801226997,0.020890146645582523
0.2356849112174312,0.0,6.4226480589810295,-0.1285029897349367,0.3318122814664345,0.03387514086778921
0.0,0.0,6.433196668840291,-0.1403654471361696,0.3457593163240619,0.04239718762485413
0.0,0.0,5.87163318354591,-0.17708440699312192,0.37693167673592143,0.047683939330462534
0.0,0.0,5.691387393972681,-0.19561732517610603,0.3978094853802949,0.05785693393571238
0.0,0.0,5.5560097293252815,-0.19074785691028837,0.38792295808215327,0.06971265603387351
0.0,0.0,5.759827778477133,-0.17304137622487903,0.37741896821180154,0.07642124411865393
0.10989941328980013,0.0,5.843009169075311,-0.1545642736164297,0.35163967763855775,0.08056432929099504
0.31906755167825035,0.03774186049063928,6.085465107744388,-0.1281337924943207,0.3276462111831989,0.09027641062681366
0.6564836224786341,0.26415488246508523,5.748770133178249,-0.10667738523242214,0.3207203942646881,0.10818436472316377
0.5046974554211123,0.18856397383309978,5.876068737845382,-0.10085181365487479,0.3403453962566471,0.11343614498153828
0.13815190343195075,0.0,5.587751346789117,-0.11750148600382855,0.37408461878866683,0.11606047088169853
0.0,0.0,5.2326408363132035,-0.13792815640683115,0.39953231059791905,0.11837348056395772
0.0,0.0,5.475681004758764,-0.1430308854696187,0.41033629971534424,0.11700359915154848
0.0,0.0,5.456799767938583,-0.13383715267078633,0.4089287335566181,0.11912160517344968
0.3072739927032745,0.0,5.679629882151756,-0.12873519712499232,0.3797882222761434,0.11507475231620794
0.7223657527649832,0.13591554778389156,6.183279453691147,-0.10357272445196994,0.3366070431855012,0.11586518361044332
1.0189553404350786,0.17357280744106335,6.589038633070077,-0.0812361188799714,0.3299936306698856,0.12124932102792119
0.5391671369410886,0.0,6.443948483483621,-0.08848193227889917,0.3361777332280039,0.10913546023826703
0.2664910817000518,0.0,6.613702616233172,-0.1105848878721573,0.35526877211470215,0.1111161212456088
0.0,0.0,6.8019799970672565,-0.11814373239201617,0.3878760025276108,0.10900830211571022
0.0,0.0,6.464670162391459,-0.13897668748211447,0.4291042841294293,0.10473304802119154
0.0,0.0,6.149674620603424,-0.14773286378604794,0.4536220821034873,0.10100991461864606
0.0,0.0,6.609330318505535,-0.10540497647879339,0.43335299601238814,0.10493903417552838
0.0,0.0,6.42710304882934,-0.07586731874151001,0.4015692352917375,0.09410250312075284
0.0,0.2315243933061221,6.412607600989591,-0.06417641005180333,0.37835213441358717,0.08220408958356987
0.3818549959751059,0.5435973005929945,6.898284533552834,-0.0502516643406694,0.34947455562965846,0.0799097228410139
0.4418953490757628,0.6162122632447178,6.838784324426809,-0.048082310805996384,0.32674173215568236,0.06802664048957843
0.1689087770112802,0.17865604236942084,6.65482677475043,-0.06363602356730629,0.36214560538603763,0.056303806272513954
0.0,0.0732204143159764,6.620977088107054,-0.08408961670145766,0.3941334022030246,0.05476452081379814
0.0,0.0,6.5505043152689995,-0.07738018551552818,0.4044549419708875,0.05426420129880631
0.0,0.05897371134765733,6.603296557101484,-0.08679722475463005,0.4100790225897798,0.04701296964479855
0.1347918172927081,0.0,6.689406786700063,-0.07257132270434324,0.3752631849489388,0.0495580788614101
1.4015816199257034,0.015957759673395962,7.210677563707298,-0.0631131593640677,0.30774725471794123,0.04896184433785471
2.583716370363695,0.0,7.477267277211496,-0.04943943969448696,0.24608713103648525,0.051348699977852075
2.730996081232804,0.17237530695728961,7.615467667086035,-0.0578737744759234,0.22968298379929658,0.05158550250015422
1.945170550054493,0.1405577685178807,7.819819985886094,-0.0397564178650387,0.25686749090215477,0.06327325964605815
0.6704396089800183,0.49754059640293724,7.670346681638622,-0.029632139337975406,0.3233554446721835,0.07282348336701026
0.0,0.5129653568029571,7.496556294494839,-0.027470637866476806,0.40237777225642635,0.08208244766422114
0.0,0.6327646136975347,7.392367191474376,-0.031806632833987936,0.4435841424807898,0.08761179515713238
0.0,0.5299972520868957,7.389302760595813,-0.03271457574070262,0.4359866785134955,0.08548699948712478
0.0,0.37392300077289375,7.4740739940148035,-0.029125465749842393,0.4031944911271609,0.08556278834176485
0.5044624069606474,0.23998309772699872,7.078945018999292,-0.04278061487112431,0.35191236292089273,0.08037117605411781
1.6850540375560965,0.12229197780223844,7.480182309709131,-0.044044795148104825,0.2835375539397059,0.07349857379798522
2.471280264094208,0.0,7.7836786067771255,-0.03822099409170947,0.2506863015436101,0.07169950947134825
1.9729107286673844,0.054465224804116655,7.322123134450052,-0.04406815865741357,0.25309921617053893,0.0688619492831046
1.3906079003090654,0.151003830204927,7.2500424067370375,-0.04011503167699762,0.2937133737189511,0.07258858146754318
0.5603569867256977,0.3537681761612413,7.432909471586619,-0.01949537454494974,0.3501515604670101,0.0822385279234193
0.0,0.5788959192325883,7.021653821530132,-0.013389647687748663,0.39829352472121976,0.08609698913223468
0.0,0.6980288648639602,6.659280498014648,-0.012270156708989136,0.424045198753409,0.08796470474792827
0.0,0.4864297653190698,6.702788341613337,-0.012581535072914854,0.3911600965674388,0.09081239560175106
0.6191164965015279,0.20430643557433062,6.424987963843959,-0.0222652271634561,0.3238148185715638,0.08164886083171778
1.6362452788722313,0.0,6.435181339488146,-0.029988864263141717,0.26811964525280707,0.07869482495350025
2.766223674480689,0.0,6.122144194522961,-0.034336070179606965,0.22702175372579053,0.07412260464091278
2.9878971716081018,0.0,6.284983697770723,-0.027579553240725863,0.21378807259479982,0.0690345748035143
2.3255279588401985,0.23296860256216556,6.5575332954376595,-0.01902560859921181,0.252421671029227,0.07889669043667083
0.9360894790677108,0.7687925027395938,6.562294873744987,0.0,0.31423898789969973,0.08237861788091447
0.0,1.6778397750355125,6.452869347797446,0.0,0.3877389249191091,0.09894350881025445
0.0,1.8579375813409775,6.378707390483735,0.0,0.4181129493785248,0.10133986354171753
0.0,1.917196058320198,6.922770983292402,0.0,0.3862200927188796,0.09456007680361317
0.5928948638068556,0.7420519429054454,6.785118427617813,0.0,0.334928934508335,0.08768128682864676
1.7571435252417558,0.27894972741213486,6.896590027929736,-0.01221837559032565,0.26228574995834525,0.07526716202877387
3.204627232427419,0.0,7.273952599587206,-0.02789373061317143,0.1997316254213772,0.06543248746480254
3.098887913902833,0.0,7.705870172290853,-0.0303529775091635,0.18746899791992014,0.06070171522646273
2.0538513495772963,0.0,7.723493190341188,-0.017019739804461802,0.22336791473689005,0.062498658322612366
0.7823090725488976,0.392240222844701,8.475226560958841,0.0,0.2811839792853382,0.06837031460703151
0.0,1.0861631411545218,8.423473078606719,0.0,0.3515805715282652,0.08081188265689881
0.0,1.269082577990988,8.207925090135522,0.0,0.3934764410166339,0.08156901926669305
0.0,0.8625104794689034,8.138731793493108,0.0,0.3802570672999391,0.07758759903015308
0.12900553824744,0.0,7.896732724822416,-0.007895708309126993,0.2953682437903886,0.06711747053124982
1.6829162970581961,0.0,7.92290546521339,-0.04618077388053831,0.21828825408893948,0.05345843953272185
2.437300759238198,0.0,7.807927192350593,-0.05039527590822388,0.16580715797948292,0.04517672988281142
1.88157980097002,0.0,7.884254228885716,-0.020603712969757243,0.19159901536228602,0.04506123165204448
0.4677912398410098,0.9192479173015544,8.132207105805215,0.0,0.2576887701434164,0.05470124658514969
0.0,2.0425239100408,7.891961717313049,0.021934166331686537,0.331562174661004,0.0701207877824378
0.0,2.1469957499965884,7.939995277772307,0.03419691969388795,0.3490440236464015,0.06640043479917332
0.04072469966789173,1.4831978668067334,7.735241400362021,0.005726615904743828,0.3170256657176836,0.06748771437718457
1.3292656051569396,0.08965666020676102,7.600072410866353,0.0,0.22642481467995879,0.05743321587533483
3.4324172645721234,0.0,7.6405014105583104,-0.016929082180706195,0.1403042942599984,0.045479342462142094
3.782811713302118,0.0,7.671949454929598,-0.006514492799981021,0.10671160560002124,0.04150524896903479
2.849261606076521,0.7876896947193236,8.11060668113241,0.0,0.14053942933757257,0.04896925285777975
1.4746727881366966,2.5539589628500385,8.489486810717919,0.034237361405498434,0.19504406673461977,0.059114883956433315
0.720213351441922,2.428228630920455,8.703286985837671,0.0383092832259926,0.22822230674822683,0.06219271611117886
1.5675385509762487,0.9679340181887832,8.792366100358427,0.0030272676624940715,0.20130835243275608,0.06553999865533433
1.4483738914121655,0.3403005688195777,8.740648541564408,0.0,0.17777160929223107,0.05709984040497594
1.3491711018957964,0.3002665637586974,8.137967881336028,0.0,0.18499622706959418,0.05412872043952395
1.0807527762489413,0.8131412314101609,8.426177769365353,0.0,0.18473191717222803,0.049214826875283925
1.172811552506405,1.6470038890050875,8.645912683947522,0.02853305173734636,0.19171617635982371,0.05838539675127722
1.5855480256161478,2.057605984384088,8.424867632373262,0.04980814338759748,0.17456895597311545,0.05986041301481678
2.2082521620322515,1.2354785110460984,8.316060123058083,0.034006297850168496,0.14525441878156464,0.054313612927513966
2.819686169927068,0.4286736416119668,7.849688443987539,0.0001520100426074137,0.12443815071452932,0.04754372117952987
2.896282218859464,0.04940539988355263,7.514850968136716,0.0,0.12205324116933827,0.047587802902817514
2.1406986018008713,0.3501782085041251,7.512145841424861,0.0017010172359489533,0.13482160058445297,0.0384765082816828
1.6833171183596907,1.0306241502848865,7.386478558678524,0.020515712406438378,0.15057901827653528,0.04647432811319217
1.6979731958859017,1.5329722045142469,7.241364936956673,0.035661650971671226,0.14249786684294302,0.048063571251278886
2.419946406297257,1.3348198359299233,7.068097538887633,0.030721920779859913,0.11489209762572342,0.044025489831614494
3.7448596459757004,0.7526210085582132,6.6873023939237815,0.01971002521587806,0.07897057550648827,0.046569982972689834
4.501946783001802,1.0572802545778028,7.008807047801932,0.011151695063442444,0.04521468130165921,0.041291469687688195
4.144786718830245,0.9794837138167507,6.54341012646792,0.017505269818156324,0.05245092263268571,0.038178934816215516
3.025747976452892,1.2616758872037286,6.371520778184572,0.02635236785910201,0.08379666474232701,0.037225776952916345
2.0168399371877164,2.1338478920233315,6.57600692324956,0.04647881604057907,0.10492136148215583,0.035096876716295904
1.8997957274917514,2.2885204469824485,6.897551058171045,0.05891679858087168,0.1096758462845088,0.04070996699497161
3.0005360687378464,1.5065666520542147,6.5133763912291105,0.03392271441865412,0.08512917743330435,0.03657183337306892
4.467671402484954,0.6970912557566209,6.2466301346887345,0.004573192667801673,0.036302987942242786,0.031843771615020756
5.201935602069257,0.2772397708611596,6.511488591069207,0.0,0.010355718462415881,0.020862722169524162
4.841090722636642,0.5677656703338199,7.018027741717833,0.006642007890773451,0.019945341903797115,0.02609292531595068
3.454757291926078,0.7045960096269013,6.924314396551947,0.017639944807022027,0.04924227297587506,0.022037399858089154
2.1607657435467837,1.3373941919435826,6.979621262025587,0.03555890529728151,0.0827148284106644,0.02049905749902466
2.170333748665519,1.7535766049537405,7.25159791288173,0.04654035252366321,0.0920582440470179,0.023409271838221963
2.8366691622244122,1.2660295625524147,7.25934291815229,0.02869450123109717,0.06025805137960625,0.016748670828891202
4.205977353198628,0.45829133928666027,7.303177666207826,0.007061785904283998,0.018369114510453373,0.008216623042618647
5.208559569290615,0.18222516848518114,7.251085184774314,0.0,0.0,0.004918452530621868
4.959525759892049,0.32692139102011164,7.536721919841396,0.0,0.0,0.0009700701264926238
3.35097416434566,0.8689839931249983,7.743954560274881,0.021253480969926734,0.018813733790844285,0.0031085323389678015
2.224819342873602,1.804810877019976,7.585312651544686,0.03910582187413843,0.0562125650322524,0.0015800834687691
1.829709277525438,1.7914447358281538,7.717355815967697,0.04786550046436149,0.07036546987885342,0.0012656474990367151
2.105905157701115,1.634413321115463,7.932244048638269,0.038028324484809604,0.046780566606549,0.000610846290194337
3.600228444181672,1.037119151519561,7.8404461403707355,0.013642168261297102,0.013182720206792934,0.0
4.386285844154212,0.34426717212412383,7.648216740675108,0.0,0.0,0.0
4.128778485342997,0.11341599919143823,7.354528755860825,0.0,0.0,0.0
3.4997192007077174,0.6046560133051033,7.967287721696148,0.0043395718736716415,0.0,0.0
1.825366581982011,1.3666626861359734,8.22486776872924,0.026147100098581445,0.017211701715403156,0.0
1.0702204861588827,1.601241901476169,7.892569437783739,0.03563001616517222,0.04946433026967852,0.0
0.8943299280235557,1.8394624385881269,8.039969634714264,0.04702183411461392,0.046994842558533444,0.0
1.999408714424933,1.9247416504357588,8.179854703479348,0.05277844831964444,0.012202585708794966,0.0
3.8704256620186994,1.453011875784523,7.896547385455601,0.03196523469750244,0.0,0.0
5.015008122234719,1.1628674084257908,7.851123073946861,0.025260988825587787,-0.0035113085180495567,0.0
5.042248147506285,1.602595679113961,8.378485181518343,0.0406874891332516,-0.007632176128933551,0.0
3.524336885750283,2.3344188710858345,8.514804877804178,0.05349577365160555,0.0,0.0
1.5571944769086608,2.8483163663574054,8.385173866340073,0.07050379700139511,0.0022531920064438496,0.0
0.9383117506481812,2.9518989842466095,8.570781907316114,0.08903856010934212,0.026537911476010444,0.0
0.7988334604833822,3.3080557379040734,8.989035230974663,0.0980869945884987,0.018525648307640148,0.0
1.2758143340697277,2.7295206835425474,9.033269837415643,0.08784663483948077,0.006740010216358457,0.0
3.8536530657641506,0.8103769471002844,8.771890721260721,0.024410973725881895,-0.010015008323230112,0.0
3.9033365530423985,0.33475090965941773,8.671643060143202,0.005569400720066061,-0.007134042423140925,0.0
2.2388096482130804,0.4349578252465463,8.705399313335176,0.006078917389767665,0.0,0.0
0.1528517612313482,0.913818058823052,8.562607010664106,0.02012406676631885,0.008924756646992518,0.0
0.0,1.793557085714843,8.152050863624915,0.0629403438042708,0.03949758104198131,0.0
0.0,1.793557085714843,8.152050863624915,0.0629403438042708,0.03949758104198131,0.0
1.1790744616381368,3.0053930190327236,8.363456158367999,0.13228824294942557,0.0,0.0
2.4129890074980382,2.205750054256057,7.599806101369535,0.08669109404864787,-0.004888000128966082,0.0
3.2454938745714914,1.0937389503037536,7.142762363295996,0.05241973104737385,-0.02916508789988833,0.0
3.7429872711767898,0.46072174745493505,7.174145752488722,0.03915058871262359,-0.035546293377526,0.0
3.324622513964038,0.5976342811006929,6.872336115254626,0.033216962342465996,-0.0301741669836643,0.0
2.845555184389705,1.1029887844915045,6.773858639702349,0.062292150315698694,-0.018377050247784105,0.0
2.2983961650682168,2.8984427950525085,7.178673111171554,0.12480745659266441,-0.004041632654027653,0.0
1.5895784282265093,3.619826140666182,7.84971159914082,0.19193550060899517,0.0,0.0
1.099270992175534,3.502248105674249,7.604680820527409,0.17865259880172737,0.0,0.0
1.4975119352332125,2.1328499922367206,7.375087713021658,0.1263185230237293,-0.0008336994304368994,0.0
2.80876479973461,0.7701222739940885,7.513902398998023,0.07247276138190821,-0.034477002783175274,0.0
3.6260005923561662,0.0,7.667744968746563,0.025234171615552182,-0.06415488164909712,0.0
3.717116617773224,0.0,7.360739551971852,0.0014558275295293596,-0.06511355520303555,0.0
2.607482700962394,0.0,7.28754905400031,0.0,-0.050125005923293754,0.0
2.113793391249399,0.0,7.145240326822122,0.01765862298666339,-0.031438144741936944,0.0
1.9742995629811133,1.594019947701439,7.6484778769201,0.10241350229361428,-0.024305631377337523,0.0
2.1395262169544322,3.3707568199571,8.098404731659459,0.21047932955559637,-0.024395204865179914,0.0
1.992596661960134,4.050588259063565,7.230049588678244,0.23279536666411077,-0.03170475144993505,0.0
2.1523077437107867,2.7958865114467057,6.887000022378494,0.20650887649658406,-0.040829858275567565,0.0
2.8128927030094695,1.5746610058844837,7.119135878401337,0.14424128745843612,-0.05633100253366051,0.0
3.6530798975035865,0.13153716103166452,6.639674873703131,0.06142640752168913,-0.07907084110421893,0.0
3.8438804834321565,0.0,5.769566383219056,0.0044812842994788925,-0.10933160907411996,0.0
4.648990575514151,0.0,6.147503813684624,0.009312684093407825,-0.11487555088864317,0.0
4.24514860979056,0.05828835901182179,6.60926649622529,0.039489865080316086,-0.12135544453460338,0.0
3.50983066574981,0.4838936015410398,6.534219376148241,0.08616479867753538,-0.09995843843531814,0.0
2.8177802106732637,0.867081213724622,6.602793254244236,0.11867316261288723,-0.07120056787463716,0.0
1.2361966882971314,0.9761035639893472,6.434038320889984,0.11354389338909672,-0.03184082670904882,0.000951276305059421
0.9130351632187708,0.8463653335671861,5.814248949139293,0.09210824164378614,-0.025849996712520012,0.00383289575238495
1.4846979098903443,0.807392779970076,6.147816686383321,0.09716147345086613,-0.04479203389210036,0.004630080140523957
1.9381487993226814,0.6098507409092677,5.919345532432037,0.08760284004283159,-0.07958884514495289,0.009700208854835463
2.1033363485437038,0.05811861232786962,5.226524547433628,0.05047608874806606,-0.08139013157927596,0.011234958814382159
2.51481672893448,0.1721566345241432,5.027560767219721,0.04587971675937354,-0.10786608256548495,0.011084664782151388
3.643670547451999,1.088011884892675,5.484876269048209,0.0889436588425668,-0.160799896179464,0.013791548871232235
3.8426795409168406,1.4117128598141446,6.124663669988282,0.1404328728988821,-0.17256213116270716,0.01863204001186646
2.7608929859299285,1.1238953349735528,6.0776240320255,0.12643913404143087,-0.11845597493514201,0.022122782326504522
1.824113396231547,0.7902435936244225,6.014394209913727,0.11027320119421632,-0.10363388940577241,0.027163058411497337
1.4450063236383663,0.9006991125107335,6.869000062499869,0.10898304492271974,-0.08097716411919251,0.028800348817510157
0.7170024958177784,0.36638990925084247,6.898628093958318,0.07303319687452975,-0.061256116948630535,0.0351346757108481
0.726202540357233,0.0,6.777701652018683,0.04665910546468644,-0.050105198554740694,0.04108249757036869
0.7983217990554992,0.0,6.871664858420234,0.026758003248717393,-0.06938423781527467,0.041493358970851754
0.33593617043503865,0.0,6.667080685558018,0.004315303757289992,-0.06288861467931753,0.041929662403155946
0.5962186600217224,0.0,6.288553628990712,0.004995906759470241,-0.056669022811801216,0.050812281539300806
1.1298865977457244,0.16456418297985112,6.310654549254384,0.07569370662093525,-0.09139866427166823,0.04483348345749767
1.1024339659492288,0.7090963251567155,6.159244941576057,0.08201565617738957,-0.0955520440047926,0.048369793577426795
1.6881437626153406,0.8354778505025363,6.445375541759074,0.11481770218602419,-0.12894591793624638,0.04446263357510924
1.6520450584943902,0.4536671024803014,5.878808479155069,0.08963889103213578,-0.1311417412834946,0.039319763630738955
2.0144462372117604,0.0,5.775127588096836,0.049129555176755504,-0.1306228615635666,0.04135451783907903
2.1334215505609633,0.0,5.899576219171665,0.026725954804212353,-0.1433886360458954,0.03268963032807795
2.2402110662470682,0.0,5.812236012528302,0.018427350123922458,-0.14800251528897032,0.032282289251481126
1.2851886878088679,0.0,5.556682881714613,0.016321439270310552,-0.11255721979168753,0.0351494372863191
0.7922127697331994,0.0,5.622824562572881,0.049726796865422536,-0.10085546199331803,0.0370833846075424
0.7381402939967131,1.0093835449597062,5.769039588775311,0.10462243187088045,-0.11963240657832294,0.03620359988778437
0.38510225056298353,1.3036504399950146,6.016085314371815,0.11250915442538283,-0.09868612397400336,0.0408747339955917
0.42550390902181423,0.46502929185823805,5.571489304289813,0.09183973806459894,-0.08792857740222827,0.04214986500656429
0.6764751526834948,0.4519693650023653,5.518902635240364,0.07778648047064696,-0.13006685208761154,0.03565621842876066
0.8720587949425627,0.07266610250327424,5.729740209604425,0.049751962349522214,-0.12421280656003401,0.033481070971557066
0.5130433733209558,0.0,5.2604010406153385,0.026399512807402457,-0.12162417203988565,0.0336021240117583
0.5471705593159186,0.0,5.444978522629296,0.027954264564366182,-0.1198451780432241,0.031091286556859988
0.5430977296163141,0.0,5.569197774141009,0.03158922377562762,-0.11770886206404907,0.03087389474136113
1.1073133979972272,0.0,5.464377554886072,0.04554628489977458,-0.14904383422895193,0.028926205399737503
2.2055279676716326,0.32121237111745704,6.091802994277616,0.0799310966023309,-0.19251859304657093,0.03015561315229026
2.279897066478185,0.016469738357539742,5.908688620789457,0.0644449083632595,-0.19645079372960975,0.032513229135336705
1.9083997450201546,0.0,5.500154689543285,0.04804139472905705,-0.21517494931408496,0.026087578709371582
1.7329956611205475,0.0,6.228175604081039,0.04219463800086799,-0.19532389320033255,0.023293538455928114
0.6144787786858137,0.0,6.1672643641352405,0.018065905843043833,-0.15464664125882205,0.02702176837825737
0.0,0.0,5.810956427408693,0.0035438643750457673,-0.10886295974405777,0.027206989441981293
0.0,0.0,6.295878705929637,0.009809749470527599,-0.11437199550108372,0.02761975502690629
0.0,0.0,6.365757589323236,0.022209254848672776,-0.11058114143073872,0.02829017608177494
0.0,0.0,6.848573445057575,0.0471345244453737,-0.12439980001673719,0.0279045522565729
0.0,0.0,7.191017562135192,0.05749650459588877,-0.13697970987235547,0.03000822304229079
0.0,0.0,6.597527769346486,0.033287404769592674,-0.1400087920093426,0.025742515088770956
0.0,0.0,6.388400929573428,0.01605698484696667,-0.13425824074487663,0.0233808121541427
0.0,0.0,6.365711489423239,0.007162977837258114,-0.1429898591805829,0.022931630278854778
0.0,0.0,5.441528585596911,0.0004552180197501468,-0.12687115390581694,0.019937587177249895
0.14362016562562874,0.0,5.253009202045597,0.010111069975641833,-0.14795388696012807,0.019033960583192178
0.42185420699043175,0.0,5.284587820666548,0.028126043573610184,-0.16146860719222683,0.02004071976374625
0.9924695790635016,0.23015587042264712,5.168682859803864,0.05057545995352436,-0.18554513372911466,0.01661989833357968
1.0645881965152393,0.4970927906831256,5.423618725529263,0.06770652432993347,-0.2054025923376391,0.011903949389976406
1.6226363569234945,0.6700827872218502,4.7883628130187885,0.0643460615227013,-0.2291090249272485,0.013729993776284918
1.8343413727174085,0.5504720474678282,5.35943753994079,0.06985015054811554,-0.2418627209286622,0.01048443674289516
1.2451522659811192,0.0438869936988919,5.585689412475935,0.043719778746332594,-0.2160673530710345,0.008876215792331988
0.8382428244122814,0.0,5.159437360146258,0.019019360786997917,-0.1914385297737669,0.0110571206848376
0.5928973520880241,0.02091976377139495,5.209456238471077,0.019644296752382467,-0.1825059497540043,0.008867383387268795
0.6554767376569892,0.5002222247817651,5.830619900237617,0.04337339257531918,-0.19553909632391597,0.007639393895207719
0.48620364008425837,0.5418430546820865,6.338785124154018,0.06477883662499455,-0.16873211293880724,0.00934035485503946
0.0,0.37090599382651457,6.370922586286533,0.04236197536999685,-0.14798580950350587,0.0054893779370665885
0.0,0.0,6.447135928749468,0.018885785070787857,-0.126300107908576,0.0025807566091640144
0.0,0.0,6.186578675724734,0.0,-0.07686442725778593,0.0
0.0,0.0,6.196520430201788,0.0,-0.07645863333873625,0.0
0.0,0.0,6.529325334248152,-0.0011574954238834183,-0.06771230669583048,0.0
0.0,0.0,5.685166917415694,-0.013566457966038684,-0.08747471621861444,0.0
0.0,0.0,5.564871896752701,0.0,-0.1059077263214768,0.0
0.0,0.0,6.009818202496933,0.0,-0.146827324063428,0.0
0.10288203826532898,0.0,6.450898168379666,0.003487271276478074,-0.18511320580823795,0.0
0.0,0.0,5.634613951166207,0.0,-0.16233018474078253,0.0
0.0,0.0,5.773195229293536,0.0,-0.17182811165837125,0.0
0.0,0.0,5.931968535095346,0.0,-0.14260583716618477,0.0
0.0,0.0,5.930444816192626,0.0,-0.11129185432800548,0.0
0.0,0.0,5.414052737606494,0.0,-0.09254204096044305,0.0
0.0,0.0,5.431540382125627,-0.007535763382990883,-0.05889254047318604,0.0
0.0,0.0,5.822442601290954,0.0,-0.09869108143870506,0.0
0.0,0.0,5.640399293550489,0.0,-0.13091580781012752,0.0
0.0,0.0,6.036148424892861,0.0,-0.1323210912562427,0.0
0.0,0.0,5.69668467218909,0.0,-0.13464545432407288,0.0
0.0,0.0,5.820469637844091,0.0,-0.136500908633688,0.0
0.0,0.0,6.0124443277261825,-0.004482430196622399,-0.09826193606336406,0.0
0.0,0.0,5.837485882916539,-0.018070948641803676,-0.0661509369207835,0.0
0.0,0.0,5.522167742770276,-0.057066328657940014,-0.032198509497458255,0.0
0.0,0.0,5.434259284218208,-0.07062452199721367,-0.026889514461198437,0.0
0.0,0.0,6.144307161976297,-0.048297055720389934,-0.0424559287405855,0.0
0.0,0.0,6.328344362363091,-0.04787934414161442,-0.05911756008829185,0.0
0.0,0.0,6.733292187494418,-0.02857307056837361,-0.07968559416264814,0.0
0.0,0.0,6.396356302784359,-0.03519531441645055,-0.06809544156849612,0.0
0.0,0.0,6.805706094888015,-0.03236335709286932,-0.06308454748913091,0.0
0.0,0.0,6.3758730522914595,-0.05866137366255787,-0.02706777543953669,0.0
0.0,0.0,6.3758730522914595,-0.05866137366255787,-0.02706777543953669,0.0
0.0,0.0,6.251545302348013,-0.05639746357879495,-0.029238522455214376,0.0
0.0,0.0,6.075683405077557,-0.05222060778395082,-0.026387201542861238,0.0
0.0,0.0,6.05630746637078,-0.036005566496146044,-0.05329932321987237,0.0
0.0,0.0,6.10961840625199,-0.03178963623438584,-0.07056638172638623,0.0
0.0,0.0,5.671066676230216,-0.035598214970890725,-0.09059176385660038,0.0
0.0,0.0,5.995417031302748,-0.029121259454156057,-0.08184792796468318,0.0
0.0,0.0,6.179932608934893,-0.032945816191193675,-0.06754740730631874,0.0
0.0,0.0,6.130473843694423,-0.04819054031731825,-0.038524368939975275,0.0
0.0,0.0,6.232488869945069,-0.06524031921862151,-0.037138552088486085,0.0
0.0,0.0,7.015148898003227,-0.05745488034283051,-0.04580766541194289,0.0
0.0,0.0,6.632627627846434,-0.09130177598776738,-0.01125574476028492,0.0
0.0,0.0,5.959267153387035,-0.12108890647481792,-0.008690497110877366,0.0
0.0,0.0,6.662560378564845,-0.10338655171654539,-0.011094042812913815,0.0
0.0,0.0,6.2524255015022945,-0.10742294610259964,-0.005474134956958152,0.0
0.0,0.0,6.845879541812524,-0.09562166034327893,-0.004477286504435044,0.0
0.0,0.0,7.112980024914938,-0.08795446107882217,-0.0004700131373077851,0.0
0.0,0.0,6.989638472237786,-0.08660778036359484,0.0,0.0
0.0,0.0,7.043390370566972,-0.09564862171294194,0.0,0.0
0.0,0.0,6.757433063184204,-0.09171710795257744,0.0,0.0
0.0,0.0,6.827897372819079,-0.1194674229381905,0.0,0.0
0.0,0.0,6.1449044070125804,-0.14583890715192688,0.0,0.0
0.0,0.0,6.353058625103858,-0.1369695879077885,0.0,0.0
0.0,0.0,6.085476735280151,-0.12178265326410923,0.0,0.0
0.0,0.0,6.405339791649335,-0.10629248240452034,-0.0034033953908690013,0.0
0.0,0.0,6.617938762670539,-0.0956515995411654,-0.0059629803886248,0.0
0.0,0.0,7.06630923050736,-0.09346545408541453,-0.0030267431550463748,0.0
0.0,0.0,6.564276849546805,-0.12303133356030407,0.0,0.0
0.0,0.0,7.023370261246607,-0.11698274514012023,0.0,0.0
0.0,0.0,7.2880056336077415,-0.11614520274126501,0.0,0.0
0.0,0.0,7.051390401917888,-0.1378947991509524,0.0,0.0
0.0,0.0,7.366360531957435,-0.12201497942742105,0.0,0.0
0.0,0.0,7.540196392362849,-0.10468548137465383,0.0,0.0
0.0,0.0,7.947800426107747,-0.09446270293082192,0.0,0.0
0.0,0.0,7.6255081857255975,-0.13363402984799877,0.0,0.0
0.0,0.0,7.062769566871306,-0.16335130716752577,0.0,0.0
0.0,0.0,6.989771585176527,-0.17193826230277953,0.0011129971897195748,0.0
-0.03114235459882831,0.0,7.189103611577184,-0.17282670233085812,0.0,0.0
0.0,0.0,6.755234024165309,-0.16156636887336967,0.005644652063112816,0.0
0.0,0.0,6.106673546894422,-0.13849839822170112,0.0026424778371362512,0.0
0.0,0.0,6.170441690039553,-0.10019136157669592,0.0,0.0
0.0,0.0,6.136795038934971,-0.07486496235936407,0.0,0.0
0.0,0.0,5.625045872961129,-0.07143060250641192,0.0,0.0
0.0,0.0,5.686589249792248,-0.06630470891841263,0.0,0.0
0.0,0.0,5.745119136766258,-0.09521916250091142,0.0,0.0
0.0,0.0,5.745119136766258,-0.09521916250091142,0.0,0.0
0.0,0.0,5.796558029592085,-0.11169252563809202,0.0,0.0
0.0,0.0,5.074662280540368,-0.19985754081604631,0.0,0.0
0.0,0.0,5.3326381993640775,-0.17986334124954487,0.0,0.0
0.0,0.0,5.5314126056228226,-0.1486558729693201,0.0,0.0
0.0,0.0,5.3610271090113955,-0.1386006830598051,0.003939105617495678,0.0
0.0,0.0,5.730058858753312,-0.10762055537822154,0.0,0.0
0.0,0.0,5.7910163201017415,-0.0845562434920069,0.0,0.0
0.0,0.0,5.968578128290338,-0.08899031790277802,0.0,0.0
0.0,0.0,5.653809886014401,-0.11345273391332708,0.0,0.0
0.0,0.0,4.857770927125429,-0.1299006443174383,0.003282651409996605,0.0
0.0,0.0,5.4315188739938645,-0.10770668169564432,0.006205187478625511,0.0
0.0,0.0,5.7252855577757895,-0.08855719856803855,0.030104804640373368,0.0
-0.7002107402814827,0.0,4.726544743721645,-0.10267044751407461,0.05234432406247493,0.0
-0.18078451434187748,0.0,4.839195432381247,-0.08600001561033307,0.034106202901803294,0.0
0.0,0.0,5.354992251366832,-0.07133391266098542,0.023994963789156967,0.0
0.0,0.0,5.413307129041143,-0.08797182878641785,0.01642561379564526,0.0
0.0,0.0,5.34059171896294,-0.10898435144021246,0.008770572378907054,0.0
0.0,0.0,4.906312868691334,-0.15582064851979252,0.009413460918471095,0.0
0.0,0.0,4.893060813348338,-0.168007240625647,0.00452685274944503,0.0
0.0,0.0,5.4218053742840135,-0.14460951127976487,0.0022492550296308277,0.0
0.0,0.0,4.951891733644645,-0.16094698993990306,0.006658065141157107,0.0
0.0,0.0,4.85686606039412,-0.15212107933828392,0.007166601780060548,0.0
0.0,0.0,5.74130550532121,-0.11327503630140348,0.004093692117524573,0.0
0.0,0.0,5.452487055552323,-0.13659603055128425,0.008467894348425015,0.0
-0.02870075838113103,0.0,4.70660318877354,-0.14530431602680347,0.02311592877173747,0.0
0.0,0.0,5.281346236679327,-0.11284665030147054,0.017023052544655554,0.0
-0.22423700150121428,0.0,4.838800901195799,-0.10162669691701107,0.028117477016668217,0.0
-0.5247999945351033,0.0,4.9412132861114415,-0.08867527979125991,0.044453766538125994,0.0
-0.6989142094189751,0.0,4.43226745228571,-0.05907533619532177,0.05175611237166265,0.0
-0.22038791659305149,0.0,4.284032165801376,-0.046067206060614284,0.04350308391918275,0.0
0.0,0.0,3.9747950419166473,-0.05560522398225577,0.023123492404046347,0.0
0.0,0.0,3.8633118601864234,-0.06233617331269502,0.00019375250213049904,0.0
0.0,0.0,3.948091312583702,-0.07626361186225868,0.0,0.0
0.0,0.0,3.77399749323488,-0.1025688860724437,0.0,-0.00021951848868288385
0.0,0.0,3.5897935570771873,-0.11974634631069055,0.0,0.0
0.0,0.0,4.157996392733256,-0.10053432171978047,0.0,0.0
0.0,0.0,3.8593629418734965,-0.1117782367611313,0.0,-0.0003596966454087238
0.0,0.0,3.9371953515385014,-0.11034821179003865,0.0,0.0
0.0,0.0,3.7649621764093224,-0.11813291886524994,0.0,0.0
0.0,0.0,3.8002638687157093,-0.14075396292505754,0.003060694610370494,0.0
-0.06620619184218904,0.0,3.508705847208528,-0.1483945545455699,0.012295540921677759,0.0
-0.398068947150948,0.0,3.4772161886499213,-0.12526754845540236,0.035950291218450406,0.0
-0.9339785394169728,0.0,3.6609540959147537,-0.08809372228839646,0.044710135499369266,0.0
-1.0470546529791622,0.0,4.013940290896366,-0.04778713908393344,0.05183032484950262,0.0
-1.216567277900311,0.0,4.174748404883765,-0.025284877061991527,0.05917540185733734,0.0
-1.4312048179257006,0.0,3.8920098791779267,-0.03239612124501126,0.06561840140046903,0.0
-0.8123641339123244,0.0,3.555532429552803,-0.05016587637488036,0.05059703813447378,0.0
-0.32551045760766917,0.0,3.5592772018492234,-0.05774793433302389,0.033883646845589935,0.0
0.0,0.0,3.278972561046877,-0.09079276549090073,0.013892164627794839,0.0
0.0,0.0,2.9474896494004375,-0.1243750134064296,0.00935149618991467,-0.00044720759490083777
0.0,0.0,2.6439124439797443,-0.12037822065016932,0.0,0.0
0.0,0.0,2.865004275229514,-0.11191249276808386,0.0,0.0
0.0,0.0,2.9754142023308874,-0.09727077212268911,0.0,0.0
0.0,0.0,2.7319897038290675,-0.0744947158296597,0.0,0.0
0.0,0.0,2.608844842181107,-0.06329039306757696,0.0004889991294462209,0.0
0.0,0.0,2.881294452108196,-0.041644427813482376,0.0021682185899111923,0.0
0.0,0.0,3.098996072088453,-0.026857373383484297,0.008519013230184825,0.0
-0.16952014640788532,0.0,3.027253272595819,-0.022638234460467636,0.03920363379174284,0.0
-0.9110898640916842,0.0,2.8145653495962,-0.026186684161514928,0.05385976293184774,0.0
-0.6662065765893915,0.18690677238299458,3.585991674084821,-0.006468028499879153,0.03835216228511097,0.0
-0.8424574943582405,0.12024696711478033,3.4528467810312273,-0.014907379283290261,0.051783719507809335,0.0
-0.9150999889075377,0.0,3.014311386914599,-0.029600158181688624,0.05817744412248917,0.0
-0.5250020777588811,0.0,3.0934869299790773,-0.035295381816425504,0.03375517747766908,0.0
-0.20149504611905472,0.0,3.114711581907091,-0.036725135778968875,0.03187587990364585,0.0
0.0,0.0,2.8728407785756755,-0.04884405504064529,0.018779194425245706,0.0
0.0,0.0,2.659260477540141,-0.04248219308011552,0.0019995804139887165,0.0
0.0,0.0,2.532511199015652,-0.032296711033543056,0.0,0.0
0.0,0.0,2.1242361441119693,-0.04348839686430045,0.0,0.0
0.0,0.0,1.948526004988554,-0.03814537589460202,0.0,0.0
0.0,0.0,1.558429369463077,-0.027162869418289243,0.0,0.0
0.0,0.0,1.456436720220785,-0.006392513075649123,0.0,0.0
0.0,0.0,1.5837503064152179,0.0,0.0,0.0
0.0,0.0,1.2291038059373858,-0.0008465241329079044,0.002748815713494297,0.0
0.0,0.23813422105556326,1.6144618360040428,0.0,0.010216560988538285,0.0
-0.2278605574418852,0.2202532091794136,1.805958864230814,0.0,0.03494364217245438,0.0
-0.9658116398646046,0.0,1.6161173568948997,-0.007095575383209578,0.04831117830454709,0.0
-0.9340280218565045,0.0,1.7649370583067374,-0.01063424833631134,0.05394976489952026,0.0
-0.9340280218565045,0.0,1.7649370583067374,-0.01063424833631134,0.05394976489952026,0.0
-0.3335924831158583,0.0,1.7117955180701316,-0.006204133129726333,0.03692195356292581,0.0
0.0,0.0,1.8801579522513383,0.0,0.011086335636018305,-0.004147442691479285
0.0,0.0,1.8801579522513383,0.0,0.011086335636018305,-0.004147442691479285
0.0,0.0,1.7045280456762502,0.0,0.0,-0.008123378618049591
0.0,0.0,1.3058267318278594,-0.01643477896542084,0.0,-0.008267828252121526
0.0,0.0,1.1042361072076867,-0.028938015981640818,0.0,-0.009566754454141246
0.0,0.0,0.7847154313316055,-0.03707056875858698,0.0032471279683435653,-0.012565489113918086
0.0,0.0,0.8620448123595503,-0.014556765538334255,0.012116642036712129,-0.008415309650754633
0.0,0.0,1.1837618013235656,0.0,0.006212725498860523,-0.009724801540812806
-0.02239166400747606,0.0,0.9103625215163605,0.0,0.022299721634714692,-0.01034672004521053
0.0,0.0,1.0606688002810791,0.0,0.011077933418984238,-0.006958140261567799
0.0,0.17719754409243443,1.2694573162496972,0.0,0.009045080296850931,-0.008939699983818498
-0.23282246246163746,0.0,1.2798343600941462,0.0,0.019545213399604782,-0.009465040906810695
-0.7522832932052717,0.0,0.8004357883022342,0.0,0.043639415953880434,-0.009359915491071319
-0.7958938564852059,0.0,0.6073682046496348,0.0,0.04515301236658303,-0.006988377990964601
-0.9573286259630033,0.0,0.8611554443791066,0.0,0.039958167958944094,-0.006660791713417752
-0.8178283374174236,0.0,0.59238509988825,0.0,0.05275978254860305,-0.00421508596515008
-0.3589774696160647,0.0,0.6697400428496225,0.0,0.03467586995569051,-0.0018594218113733487
-0.1428165615086525,0.09119242209710322,0.6848475702421263,0.0,0.02299637289154944,-0.0015744604583019066
0.0,0.0,0.6857873035419048,0.0,0.014930394948334206,0.0
-0.17147105886127872,0.0,0.4568912017371636,0.0,0.01755474128055772,0.0
-0.2560572127050935,0.0,0.24881995123355066,0.0,0.016315416169943323,0.0
-0.03327694534212721,0.0,0.20280936867242985,0.0,0.016679218868685914,0.0
-0.03327694534212721,0.0,0.20280936867242985,0.0,0.016679218868685914,0.0
-0.195546885963238,0.0,0.1486989125306336,0.0,0.018165346518444488,0.0
0.0,0.14378393388334793,0.07109630388001756,0.003091313295911971,0.010823156842072312,0.0
0.0,0.9070827862983398,0.22194377795818743,0.025274364471232335,0.0008379846567095157,0.0
0.0,0.5720663026827718,0.1735463776281771,0.027390719613551568,0.0008058354529031297,0.0
0.0,0.018679824552732673,0.0,0.007208102220965655,0.006000096446542565,0.0
0.0,0.0,0.0,0.0,0.008813834607007858,0.0
0.0,0.0,0.0,0.0,0.00864723158230868,0.0
0.0,0.0,0.0,0.0,0.009319906588310304,0.0
0.0,0.0,0.0,0.0005861433846116335,0.004710778046474358,0.0
0.0,0.047229202679831134,0.0,0.010605723311068991,0.0,0.0
0.0,0.10968950865675889,0.0,0.018016743771482352,0.0,0.0
0.0,0.0,0.0,0.017212155040662442,0.0,0.0
0.0,0.0,0.0,0.0027785053994169814,0.00040359335755886446,0.0
0.0,0.0,0.0,0.0,0.014245160663199488,0.0
-0.061034979489420695,0.0,0.0,0.0,0.018311523255516732,0.0
0.0,0.0,0.0,0.0,0.015018211382690997,0.0
0.0,0.0,0.0,0.0,0.01048232873633205,0.0
0.0,0.0,0.0,0.0,0.00836410906920763,0.0
0.0,0.0,0.0,0.010734748987702096,0.0,0.0
0.0,0.0,0.0,0.01901080465289583,0.0,0.0
0.0,0.0,0.0,0.023065701583240387,0.0,0.0
0.0,0.0,0.0,0.016391408815530934,0.0,0.0
0.0,0.0,0.0,0.0036737119232072312,0.0,0.0
0,0,0,0,0,0
0.0,0.0,0.0,0.0,0.0027610381234538526,0.0
0.0,0.0,0.0,0.011161261661942416,1.9813964250333268e-05,0.0
0.0,0.0,0.0,0.020701767459422794,0.0,0.0
0.0,0.0,0.0,0.03400808644993804,0.0017903425469621352,0.0
0.0,0.012061782343320431,0.0,0.03785979642611183,0.001972224093561793,0.0
0.0,0.0,0.0,0.027103342795344043,0.008503209405222215,0.0
-0.8048739941353645,0.0,0.0,0.0036121599002875695,0.0387563943100136,0.0
-1.3113040980356785,0.0,0.0,0.0,0.05149178038570247,0.0
-1.243130564936201,0.0,0.0,0.0,0.041413945815717314,0.0
-0.2428274286316984,0.0,0.0,0.016003018710145582,0.018659674342228656,0.0
-0.12550304413098953,0.0,0.0,0.01983401919225431,0.0050547737612998325,0.0
0.0,0.0,0.0,0.009298183049561943,0.006188955510795674,0.0
0.0,0.0,0.0,0.019092202558098025,0.0,0.0
0.0,0.0,0.0,0.01274467442299793,0.0,0.0
-0.029664162568412738,0.0,0.0,0.0,0.0036905568628523935,0.0
-0.25174526669418207,0.0,0.0,0.0,0.015205151864683391,0.0
-0.4104234000592803,0.0,0.0,0.0,0.022035882523147293,0.0
-0.3322913354516709,0.0,0.0,0.0,0.024858457052394027,0.0
0.0,0.0,0.0,0.0027469658913908956,0.010956967525291014,0.0
0.0,0.0,0.0,0.022633906191047343,0.0,0.0
0.0,0.0,0.0,0.015106912239075792,0.0033872471450153508,0.0
0.0,0.0,0.0,0.0067658895535896175,0.0023407412219594277,0.0
0.0,0.0,0.0,0.003504174932949343,0.0,0.0
0,0,0,0,0,0
-0.01692465152039189,0.0,0.0,0.0,0.018633592036152176,0.0
-0.49008764610243905,0.0,0.0,0.0,0.03290256698415349,0.0
-0.28713161195543496,0.0,0.0,0.0,0.02130950463017288,0.0
0.0,0.0,0.0,0.0015189767233636125,0.011178603456454753,0.0
0.0,0.0,0.0,0.017898494341227096,0.0,0.0
0.0,0.0,0.0,0.020109001266569736,0.0,0.0
0.0,0.0,0.0,0.024392086839920828,0.0,0.0
0.0,0.0,0.0,0.0036268153107484546,0.005174546411684989,0.0
0.0,0.0,0.0,0.0,0.017764764775434937,0.0
-0.21278708942228577,0.0,0.0,0.0,0.02223940049363084,0.0
-0.5018607978991358,0.0,-0.005427482649446397,0.0,0.03644405383939865,0.0
-0.8126865663995682,0.0,-0.11731720422167029,0.0,0.047544420302013723,0.0
-0.7925934286091177,0.0,-0.21657819181698978,0.0,0.047291469454959455,0.0
-0.35062507551986594,0.0,-0.17580770854228525,0.0,0.030804195358125203,0.0
-0.05891105222805578,0.0,-0.16233799414554723,0.011392778721879023,0.01854958264801929,0.0
0.0,0.0,-0.13589471779562973,0.026523415489034398,0.005004100484338749,0.0
0.0,0.0,-0.36820839364397606,0.015132057215670633,0.010341164309775604,0.0
-0.08177995590123588,0.0,-0.4318293398749823,0.002488206285228258,0.018169123576376248,0.0
-0.005719515353522089,0.0,-0.5043670112328039,0.0,0.027111728624896154,0.0
-0.2254640239988047,0.0,-0.5604600519282446,0.0,0.02015441907755548,0.0
-0.20021780267155806,0.0,-0.6238031360297289,0.0,0.026963902790081727,0.0
-0.3377322003871296,0.0,-0.6988642177566979,0.0,0.027586484306460372,0.0
-0.5025786589763572,0.0,-0.7874917900693884,0.0,0.03792753295698797,0.0
-0.6982398627268536,0.0,-0.8481804630258851,0.0,0.03477431895389081,0.0
-0.4820801201615651,0.0,-0.6498626477048488,0.0,0.029715655009005814,0.0
0.0,0.0,-0.6611563896009358,0.002839804086951955,0.02211558580798989,0.0
0.0,0.0,-0.7311417817119621,0.006411130548045515,0.014887384494165832,0.0
-0.01805446515449212,0.0,-0.737542766470707,0.0,0.01707575627830696,0.0
-0.3564921485740351,0.0,-0.8527459318172447,0.0,0.025937669848372126,0.0
-0.5291208502508145,0.0,-1.1384034200567714,0.0,0.04015475519642701,0.0
-0.5700920049085034,0.0,-1.012085301129423,0.0,0.038685341559592364,0.0
-0.551522463039228,0.0,-1.1507039354816129,0.0,0.032837958269229445,0.0
-0.23630317654968302,0.0,-1.2534097541094944,0.0,0.032653563474119816,0.0
-0.5340798767594729,0.0,-1.21079958723519,0.0,0.029734648990887087,0.0
-0.7812230660631518,0.0,-1.694772492625722,0.0,0.04500890830970512,0.0
-0.6263869270620306,0.0,-1.5441612256553152,0.0,0.03431038552510096,0.0
0.0,0.0,-1.5345523883942955,0.007626090480736777,0.02434030531637758,0.0
0.0,0.0,-1.4851500724418656,0.008734159628764426,0.013169863645057353,0.0
0.0,0.0,-1.772515423343868,0.00036721880185451334,0.01254161572333952,0.0
0.0,0.0,-1.7278602737763797,0.0,0.012124107818817894,0.0
-0.09424359014326959,0.0,-1.741823918348016,0.0,0.028139107450104933,0.0
-0.10280718463842561,0.0,-1.9911470411581278,0.0,0.033506343994728176,0.0
-0.25292638918277804,0.0,-1.7653152291656344,0.0,0.015789691829753826,0.0
0.0,0.0,-1.8499238238007063,0.0,0.015835031127628095,0.0
0.0,0.0,-2.050404625641108,0.0,0.017916329688391578,0.0
-0.07107262013344175,0.0,-1.9609266439201432,0.0,0.021021755940896086,0.0
-0.4341512845937906,0.0,-2.157455475796526,0.0,0.03200600631181108,0.0
-0.6125301197895267,0.0,-2.1234545495904884,0.0,0.03529001114091148,0.0
-0.4511980657163422,0.0,-2.117603150843357,0.0,0.032760418528863924,0.0
-0.2584446557781172,0.0,-2.230243297760881,0.0,0.03224149147243017,0.0
-0.00027753820107709575,0.0,-2.0393032725355633,0.0,0.02359627756693205,0.0
0.0,0.0,-2.0627251483675173,0.0,0.018419068595518798,0.0
-0.04346360579025782,0.0,-2.2675614654104326,0.0,0.026447121706178404,0.0
-0.2770460559714355,-0.13571897422582477,-2.421688718012992,0.0,0.03419498322223519,0.0
-0.27964742466130194,-0.510416138771832,-2.7122774832551584,0.0,0.03654634070113595,0.0
-0.1566627255519298,-0.26772227279285477,-2.6245769850909175,0.0,0.022926458796443845,0.0
0.0,-0.06031647175437908,-2.824627126730304,0.0,0.021095451325187056,0.0
-0.0030405064028879293,0.0,-3.1509042419792723,0.0,0.012622639673426589,0.0
0.0,0.0,-3.1139212027113428,0.0,0.015294034423708209,0.0
-0.23517184606969935,0.0,-3.0383137040813706,0.0,0.026463296074373734,0.0
-0.30764111268912103,-0.030718664218696325,-3.28164565049358,0.0,0.036603340876134566,0.0
-0.45117082668320235,-0.11800098305331982,-2.931681566694973,0.0,0.031577740079633966,0.0
-0.5275483408829554,-0.06961366589650222,-2.976406732861883,0.0,0.029048345636420725,0.0
-0.25341538401402364,-0.15695326277428615,-2.9202809019142384,0.0,0.03202117298197234,0.0
-0.2664176640395376,0.0,-2.764196288603669,0.0,0.015765500287773033,0.0
-0.5146320218453777,-0.33651166533829047,-3.0092070537795332,0.0,0.03845242753116586,0.0
-1.0464812230283669,-0.33185754634026776,-2.8839209892252846,-0.007658361094500391,0.04329763735578015,0.0
-1.342563327524221,-0.7466288142101959,-3.0786083251570577,-0.009044607623984879,0.057678211701370774,0.0
-1.465571749253431,-0.8182610309091702,-3.200845973132874,-0.010272723932787515,0.06456058170525653,0.0
-1.2005774430027656,-0.29186460344275844,-3.1444996620379007,-0.001311613530976741,0.05387623236531588,0.0
-0.7033241964997144,-0.007906178935382308,-3.3261461562848806,0.0,0.04807407824443697,0.0
-0.46838025300077585,0.0,-3.231024997097773,0.0,0.02781851950941853,0.0
0.0,0.0,-3.4738004412442707,0.0,0.026593270908951173,0.0
0.0,0.0,-3.476595697641641,0.0,0.01764813255587431,0.0
-0.07111244360280564,0.0,-3.5820083819551853,0.0,0.020487083787565023,0.0
-0.1502858696977625,-0.031153383174008325,-3.704103049627645,0.0,0.033643773767141595,0.0
-0.7661802964493212,-0.2776023849669139,-3.7181347757621515,-0.002156125206479067,0.0443880987445182,0.0
-0.988104087585733,-0.31995026041555014,-3.6048752423417567,-0.007061914373462377,0.057940796327706615,0.0
-1.206629333344327,-0.2985402148650367,-3.4330197577874237,-0.00273707163564915,0.0557446719371705,0.0
-0.8679799204532825,0.0,-3.4799233315315545,0.0,0.048033429951152215,0.0
-0.3906762444684081,0.0,-3.328222586412276,0.0,0.042304728702908106,0.0
-0.5306071608779407,0.0,-3.5296660470644903,0.0,0.03233867593991012,0.0
-0.235721275809397,0.0,-3.5984560826937466,0.0,0.03462899704203258,0.0
-0.44230066844970234,0.0,-3.8163116510856154,0.0,0.03082343671611244,0.0
-0.34793513545963917,-0.1687723151055478,-4.081178023782893,0.0,0.04386980674208766,0.0
-0.5729979151577776,-0.045442427076905864,-3.9439346320022737,-0.0010285672519013678,0.04110725814507589,0.0
-0.6694639737626227,-0.04349696449998946,-3.92416989432328,0.0,0.03693750514546162,0.0
-0.7612523387593776,-0.04666243110329126,-3.9452079573553043,0.0,0.03626965883813528,0.0
-0.6803848560145498,-0.04146016870273909,-3.8894348311231015,0.0,0.04296492330717084,0.0
-0.43939409148559816,0.0,-3.760359588742135,0.0,0.045752120218079076,0.0
-0.6610431224936575,0.0,-3.6439395611497347,0.0,0.03648811753463063,0.0
-0.31888539033500657,0.0,-3.8473675644537737,0.0,0.03837577945815411,0.0
-0.3632903703998723,0.0,-3.7619647449095246,0.0,0.02831043281165809,0.0
-0.0752772060468324,0.0,-3.957302631088369,0.0,0.0281621093624413,0.0
-0.12269894756937332,0.0,-3.846251862909663,0.0,0.02545104783415445,0.0
-0.00682335613466469,-0.009494489260720633,-3.847893954947574,0.0,0.030790472038450138,0.0
-0.28706068007206753,-0.05176560649927192,-3.7747688313314,0.0,0.02899792975177613,0.0
-0.5282155641795917,-0.18103175926515944,-3.72189739086936,-0.00140941506717645,0.034693926718485556,0.0
-0.7017914559741395,-0.23001415708281972,-3.609786741783458,-0.008107216835889811,0.04485269514152281,0.0
-0.8330572178673735,-0.31112645815505985,-3.888726894799645,-0.011743469820916886,0.053530899707992505,0.0
-0.9437382061753926,-0.30207172263672055,-3.8047013836171204,-0.011298845350141081,0.05630631406956749,0.0
-1.0812361579166339,-0.4214576318964009,-4.014508781432591,-0.011521790602289552,0.053020984741506336,0.0
-0.6610791765184176,-0.3308498330453968,-4.035271869104573,-0.008355617557499837,0.05356479607409468,0.0
-0.5809881040971058,-0.2680683148283522,-4.047238133978466,-0.0055054864166213325,0.048728085275922754,0.0
-0.49233874544392975,-0.21213121494764148,-4.589386212569804,-0.006091391480126536,0.04370442753441056,0.0
-0.1882224559224501,0.0,-4.334077601510268,-0.0006290119068634412,0.0307336209219378,0.0
-0.15097687076475247,0.0,-4.544925880336164,-0.003750193222893021,0.028774257428320106,0.0
-0.04775474827416927,-0.017596720565377776,-4.835585948051829,-0.002522485584490571,0.030462843694905643,0.0
0.0,-0.007216917778389342,-4.906721665738862,0.0,0.02351471277532854,0.0
0.0,0.0,-4.715550878312781,0.0,0.01656071535828512,0.0
0.0,0.0,-4.767731142848698,-0.002254601691439877,0.01870348319328004,0.0
-0.013064604032074262,0.0,-4.980993804782341,-0.005421532712391176,0.023644462455874402,0.0
-0.0120075760959482,-0.014756465037922231,-4.726401172085162,-0.0060115724333635896,0.030459854968342553,0.0
-0.2453419754571914,0.0,-4.61089069575412,-0.01175522460809483,0.030566667748037436,0.0
-0.17018828363380464,-0.06654224335520206,-4.470262506515792,-0.010077586257784498,0.027776186218680797,0.0
-0.15898337185411238,-0.10576626042251243,-4.712800181948626,-0.018005840975803294,0.03390238691279307,0.0
-0.3190846534945456,0.0,-4.403136964228453,-0.02084820918636566,0.027907474712393864,0.0
-0.023403055862999712,-0.06172078951127965,-4.551207159878394,-0.020260791880731325,0.030794703747241265,0.0
0.0,-0.44933423887043916,-4.592887513747722,-0.015497945897237913,0.029835629360878968,0.0
-0.02774811368828515,-0.1866621164261745,-4.362175826368054,-0.021182528648405342,0.027323056824118497,0.0
-0.20388267816707337,-0.18263721518037773,-4.265925668789097,-0.02325185106592285,0.02866103775232955,0.0
-0.15471711923536305,-0.2504615520749924,-4.0917777149418715,-0.024915162883178594,0.03558832699212622,0.0
-0.22518262982175416,-0.2912265250827555,-4.215546450007201,-0.023255139711450816,0.03705220877756598,0.00012460696144571783
-0.473722108982347,-0.2505977567624865,-4.2528606009695915,-0.024221945120736485,0.030057528027885787,0.0010505924204664543
-0.3211163702377327,-0.2239178608143298,-4.323457731020499,-0.027714677257585103,0.03702075861991187,0.0029189540701973484
-0.28600155715611636,-0.32349267720019886,-4.139516883047812,-0.02712762160636848,0.035212673159849085,0.004822536113440648
-0.2718765005942565,-0.2528289596432469,-4.178779063199115,-0.027639734001321505,0.03728301506194737,0.002749762031121982
-0.37754826042029466,-0.173277502994084,-4.116922468862497,-0.029440942505952174,0.038843856179289156,0.003677519561881379
-0.39361402976633625,-0.0021229836353989185,-4.180288093291815,-0.030846780387305893,0.03401899205461294,0.005058285819378695
-0.17318819383487258,-0.20160487514852857,-4.18815236301456,-0.022967461524090498,0.03498876702494744,0.0054876060753645895
-0.20172590319265143,-0.0424483981195065,-4.0428155681534275,-0.02481675165427078,0.030683323012317354,0.00502614679823974
-0.11733704413172301,-0.03582879082638602,-3.9786852847522303,-0.022088214473330203,0.03009959956883812,0.006251612421221635
-0.029976923034631054,0.0,-3.951454535702704,-0.01773377096913309,0.0232287715780704,0.005121516764614092
-0.045024310274733643,0.0,-3.976602031805686,-0.015787332735339426,0.024029367889971082,0.004650243644754587
-0.1368255581507119,0.0,-3.9439666443818053,-0.01405791744152753,0.02330298020557487,0.0056111087555233575
-0.3305003758689459,0.0,-3.9996536238650706,-0.017550781891225227,0.027958748008644056,0.00428885147338116
-0.34310957394336683,0.0,-4.002612224863258,-0.01956978681704503,0.03393392069821386,0.007449840919858728
-0.3785949938135514,-0.022671314896726896,-4.100739887307643,-0.016333471052375016,0.030658806159829376,0.006186519605474079
-0.31280881874832833,0.0,-4.058684585018544,-0.018424929974639077,0.033712039623909076,0.007925752458495939
-0.3280612452977877,-0.08346683355680722,-3.7744236850927195,-0.018152369324058587,0.03332834939209657,0.007880872055644954
-0.4184124111804063,-0.11763772309523413,-3.889021190961801,-0.0269195881007012,0.03724112391452779,0.0037948751830975255
-0.588523661543936,-0.22558663340239024,-3.818826049196987,-0.032444315682994315,0.03058207247834647,0.0009329866748984296
-0.3212210648392751,-0.38793687300007024,-3.8934135980419606,-0.03425590740800103,0.03953488907322465,0.005115935478227488
-0.2917281200236429,-0.2540077615197098,-3.688829424314153,-0.03579347537788493,0.03695262039289938,0.003906330774434448
-0.2759779123694615,-0.13887683211566335,-3.802848245726905,-0.03469338497503208,0.030474630239773443,0.002386975441480011
-0.2616476781897514,-0.2307799597663002,-3.764196792808211,-0.030446407195787523,0.029071078920115012,0.0005427894035917262
-0.18569248134698396,-0.18458478189949962,-3.5627114151803227,-0.02507229259652456,0.029752740433294067,0.0014278792799409274
-0.2308780588041921,-0.0394254722278127,-3.5903984412551155,-0.028221801467182922,0.027233414480985235,0.0006761200505644949
-0.3071509375832405,-0.12079931990291348,-3.2755910096856615,-0.028387742076739792,0.02960621168185102,0.0024937287234290855
-0.2611206846954161,-0.1871958124202024,-3.2169978022349865,-0.03017844084357397,0.03297439998904163,0.0
-0.41600583434225324,-0.0922662640951017,-3.1613017224814883,-0.04264163755861179,0.03279605830259218,0.0
-0.6236198004657123,-0.1159544535664067,-3.177679627166095,-0.04521480368503504,0.032773064450134275,0.0
-0.29178080991440314,-0.12300845336992908,-3.2752402427686507,-0.03677331769593045,0.03798206935103243,0.0
-0.282233734542345,0.0,-3.2917200373312197,-0.029185911231956352,0.03263457075744656,0.0
-0.06966217307485202,0.0,-3.034924200297018,-0.02609513621747573,0.024272363121669242,0.0
-0.06779719154990155,0.0,-3.1000822791684954,-0.023766542417712973,0.018744878004979898,0.0
0.0,0.0,-3.1021305331736078,-0.0267109401564276,0.02218740218381781,0.0
0.0,0.0,-3.1431641462177793,-0.024922092040869377,0.01961031406527484,0.0
0.0,0.0,-3.1139290283553276,-0.02635777495590194,0.021188080715777692,0.0
-0.06776602308622624,0.0,-3.1055195645983815,-0.02875576844336486,0.019218480721457883,0.0
-0.06776602308622624,0.0,-3.1055195645983815,-0.02875576844336486,0.019218480721457883,0.0
0.0,0.0,-3.115471215527183,-0.027191794059894664,0.02317581654217072,0.0
0.0,0.0,-3.09498822733529,-0.023574782619703118,0.017713240727344988,0.0
0.0,0.0,-3.1761484329676026,-0.015900057886018386,0.016691670049037023,0.0
0.0,0.0,-3.114930592356937,-0.01573971242263158,0.010675983187990859,0.0
0.0,0.0,-3.178060795458024,-0.010553914168367021,0.013842572922931165,0.0
0.0,0.0,-3.0194786449255244,-0.012035052427393928,0.014013291593925859,0.0
0.0,0.0,-3.0194786449255244,-0.012035052427393928,0.014013291593925859,0.0
0.0,0.0,-3.0111246064181465,-0.01320360952325545,0.013789342542093814,0.0
0.0,0.0,-3.0230901050175634,-0.014794528251823452,0.01270225466518315,0.0
0.0,0.0,-3.0230901050175634,-0.014794528251823452,0.01270225466518315,0.0
0.0,0.0,-2.929810158196154,-0.018806684217707738,0.009892672392380616,0.0
0.0,0.0,-2.896880982099814,-0.011343791613031118,0.013968796232669894,0.0
0.0,0.0,-2.896880982099814,-0.011343791613031118,0.013968796232669894,0.0
0.0,0.0,-2.6866536161443184,-0.01816344134514731,0.016570498487914587,0.0
0.0,0.0,-2.6866536161443184,-0.01816344134514731,0.016570498487914587,0.0
0.0,0.0,-2.4651090470218984,-0.021459291733630946,0.02187570481028634,0.0
-0.02287769435851638,0.0,-2.4155404498507593,-0.019853867190009016,0.015183493445785906,0.0
-0.02287769435851638,0.0,-2.4155404498507593,-0.019853867190009016,0.015183493445785906,0.0
0.0,0.0,-2.183579599127183,-0.015875106330799645,0.009291065922118674,0.0
0.0,0.0,-2.280860057875652,-0.014630715016783724,0.011887588983541452,0.0
0.0,0.0,-2.2173894464855732,-0.01448881646029812,0.010697191952520961,0.0
0.0,0.0,-2.1875753883991154,-0.02107712567378662,0.014572420637153222,0.0
0.0,0.0,-2.2011665882003473,-0.020374117110080286,0.009337137756844768,0.0
0.0,0.0,-1.9899211501567593,-0.016822756989331437,0.01065121960108116,0.0
0.0,0.0,-2.0249703239575454,-0.010346858270767567,0.004843859428483631,0.0
0.0,0.0,-2.009708197474098,-0.006519912483166542,0.0007886168423228498,0.0
0.0,0.0,-1.9053302010723328,-0.0032372391298113043,0.0005976177228739864,0.0
0.0,0.0,-1.666028453700201,-0.0007053329474108564,0.0,0.0
0.0,0.0,-1.6014042909203976,-0.00161381043311647,0.0,0.0
0.0,0.0,-1.6839571282169843,-0.012509021198350392,0.0029004103884265565,0.0
0.0,0.0,-1.6915810898661239,-0.01676945530315272,0.010135691106767444,0.0
0.0,0.0,-1.6656227605910048,-0.016070855504531883,0.0093891691575188,0.0
0.0,0.0,-1.4617152509812152,-0.019715387354074174,0.007339381594870941,0.0
0.0,0.0,-1.4498630534233015,-0.01933262836559551,0.009791043064031687,0.0
0.0,0.0,-1.352606241358304,-0.010583129255832857,0.003615447371513157,0.0
0.0,0.0,-1.1273163192907547,-0.002818964171225367,0.0,0.0
0.0,0.0,-1.188145629143852,-0.0035431012751224573,0.0014045572752219957,0.0
0.0,0.0,-1.1393536937970032,-0.007962089689910374,0.0004112065349400158,0.0
0.0,0.0,-1.271126693547598,-0.011037656864856225,0.0029658275761512516,0.0
0.0,0.0,-1.1972901318199285,-0.009192406915295858,0.0008674605340380689,0.0
0.0,0.0,-1.3528470609320047,-0.008039716905294432,0.0018096766326791333,0.0
0.0,0.0,-1.2443165908044769,0.0,0.0,-0.00070256944988454
0.0,0.0,-1.2603924204763168,0.0,0.0,-0.0011857468028169363
0.0,0.0,-1.1826721812837753,0.0,0.0,-0.003970612245739537
0.0,0.0,-1.2941493422032009,0.0,0.0,-0.006913837834738906
0.0,0.0,-1.2365939725702433,0.0,0.0,-0.006116714345601175
0.0,0.0,-1.2178188547019198,0.0,0.0,-0.005677536809179051
0.0,0.0,-1.1884282808818227,0.0,0.0011986137870371278,-0.007621887880516959
0.0,0.0,-1.0826083371137623,-0.002397120151418508,0.0006157410799012798,-0.011119637120726967
0.0,0.0,-1.0219764348114377,-0.00796001683156708,0.0031711755093536153,-0.009947960054368935
0.0,0.0,-0.9687389567219322,-0.005897381657307949,0.002504274183643241,-0.012551306711262181
0.0,0.0,-0.870465347268121,-0.006747086201641386,0.0017714452456475942,-0.01601309748115772
0.0,0.0,-0.8688819597694828,-0.001141734609865872,0.0,-0.013789050425327968
0.0,0.0,-0.8396722310569025,-0.006079047292656738,0.0,-0.01829704559814717
0.0,0.0,-0.8376296590445256,-0.009478784733633863,0.0014417990738976798,-0.017964138945947512
0.0,-0.004487710769366007,-0.7746924196850128,-0.008982337790221104,0.005267588097164996,-0.01791426804576394
0.0,0.0,-0.8112391032653647,-0.015263753214899017,0.004500027283830649,-0.019551892987951458
0.0,0.0,-0.9460733743986701,-0.013163288870160873,0.0015728544891327294,-0.0198600476032222
0.0,0.0,-0.8819397102242267,-3.6204440382815536e-05,0.0004053540981283325,-0.0219538194497818
0.0,0.0,-0.8530193303605296,0.0,0.0,-0.021664229355855553
0.0,0.0,-0.9753802001365294,0.0,0.0,-0.023858039849634066
0.0,0.0,-0.8588702600690784,0.0,0.0,-0.026608656655747798
0.0,0.0,-0.9933988511495844,0.0,0.0,-0.0257429728253743
0.0,0.0,-1.016040022088011,0.0,0.0,-0.027573561415645424
0.0,0.0,-0.8524053755745493,0.0,0.0,-0.028420299183776247
0.0,0.0,-0.8919348260628726,0.0,0.0,-0.025935849131110373
0.0,0.0,-0.8365380404107997,-0.002335408326877315,0.0,-0.026554329792980964
0.0,0.0,-0.6911158693606672,0.0,0.0,-0.024153840640160268
0.0,0.0,-0.5165308363954938,0.0,0.0,-0.022809176089849705
0.0,0.0,-0.41225854457106503,0.0,0.0,-0.02417492370748794
0.0,0.0,-0.2816407195426695,0.0,0.0,-0.02015151750407506
0.0,0.0,-0.2715552177959025,-0.0014869087004533372,0.0,-0.01758501034235918
0.0,0.0,-0.2287004292042348,-0.0017803643402035285,0.0,-0.01867284862370424
0.0,0.0,-0.2291310086910884,0.0,0.0,-0.015994607027328626
0.0,0.0,-0.2067326026896219,0.0,0.0,-0.012459345018094432
0.0,0.0,-0.25060258751992814,0.0,0.0,-0.006671644520315835
0.0,0.0,-0.2587861507723457,0.0,0.0,-0.003033249933715977
0.0,0.0,-0.2424989913812333,0.0,0.0,-0.002039059308419239
0.0,0.0,-0.3204749988855298,0.0,0.0,0.0
0.0,0.0,-0.3783178295196422,0.0,0.0,0.0
0.0,0.0,-0.3729919015656872,0.0,0.0,0.0
0.0,0.0,-0.30853947560588885,0.0,0.0,0.0
0.0,0.0,-0.2417411862330431,0.0,0.0,0.0
0.0,0.0,-0.27294425516570486,0.0,0.0,0.0
0.0,0.0,-0.19103879169984364,0.0,0.0,0.0
0,0,0,0,0,0
0,0,0,0,0,0
0,0,0,0,0,0
0,0,0,0,0,0
0,0,0,0,0,0
0,0,0,0,0,0
0,0,0,0,0,0
0,0,0,0,0,0
0,0,0,0,0,0
0,0,0,0,0,0
0,0,0,0,0,0
0,0,0,0,0,0
0.0,0.0,-0.04041699794634863,0.0,0.0,0.0
0.0,0.0,-0.0005134784979150193,0.0,0.0,0.0
0.0,0.0,-0.03082084524534759,0.0,0.0,0.0
0.0,0.0,-0.11078254883140808,0.0,0.0,0.0
0.0,0.0,-0.033563798062317685,0.0,0.0,0.0
0.0,0.0,-0.020251986234417874,0.0,-0.0013039438432000932,0.0
0.0,0.0,-0.18021107543984335,0.0,-0.0008698120863648049,0.0
0.0,0.0,-0.04133543281874987,0.0,-0.0007646646764444424,0.0
0.0,0.0,-0.048585590031660866,0.0,0.0,0.0
0.0,0.0,-0.0856381850128162,0.0,0.0,0.0023439894379639523
0.0,0.0,0.0,0.0,0.0,0.00032013097065540714
0.0,0.0,0.0,0.0,0.0,0.0012763213003327482
0.0,0.0,0.0,0.0,0.0,0.0027141291930512556
0.0,0.0,0.0,0.0,0.0,0.004692705509366024
0.0,0.0,-0.0048305750836728535,0.0,0.0,0.0038772928743253457
0.0,0.0,0.0,0.0,0.0,0.0044635565608663165
0.0,0.0,0.0,0.0,0.0,0.004535770721719514
0.0,0.0,-0.027774956317027043,0.0,0.0,0.007575395471208878
0.0,0.0,-0.0775937792429137,0.0,0.0,0.006896490595922673
0.0,0.0,-0.03605483129212809,0.0,0.0,0.006719497574591777
0.0,0.0,-0.03929624874795506,0.0,0.0,0.006658406239014751
0.0,0.0,-0.09038530064129098,0.0,0.0,0.00974423859178017
0.0,0.0,-0.19420215758131854,0.0,-0.003882219490176143,0.009732678890411043
0.0,0.0,-0.1940221400654569,0.0013375913360368058,-0.002588677034124068,0.012710927745193366
0.0,0.0,-0.17301120053755897,0.0,-0.0035620112559360505,0.010447950360127998
0.0,0.0,-0.20801725661565346,0.0009193408977306871,-0.004711914419897307,0.013299792063759688
0.0,0.0,-0.37120180263286967,0.0049276962680432175,-0.006925093048830787,0.013218638519802917
0.0,0.0,-0.2516660430214456,0.005797348823619945,-0.007338882316648944,0.014872322998378863
0.0,0.0,-0.22833377097416072,0.002897042197408093,-0.006579137907174773,0.01944838023674929
0.0,0.0,-0.2604333009156995,0.00036434484770621843,-0.0079333987069477,0.0173454182154594
0.0,0.0,-0.09308402364054262,0.0007425050583068936,-0.006293879504890271,0.017489496774895613
0.0,0.0,-0.1425008053008132,0.0,-0.004357326973184297,0.017950909418923966
0.0,0.0,-0.06477067610551908,0.0,-0.0035799168845890685,0.017778760292433395
0.0,0.0,-0.08583102526816848,0.0,-0.001320485951954471,0.018495996723584103
0.0,0.0,-0.009300181813655311,0.0,0.0,0.017237254418292894
0.0,0.0,0.0,0.0,0.0,0.016173930616394938
0.0,0.0,0.0,0.0,0.0,0.015167972735819681
0.0,0.0,0.0,0.0,0.0,0.012212545906715225
0.0,0.0,0.0,0.0,0.0,0.013239408231822684
0.0,0.0,0.0,0.0,0.0,0.0063787587167501
0.0,0.0,0.0,0.0,-0.0004433569888244719,0.006768661975170352
0.0,0.0,0.0,0.0,-0.0012649554616944753,0.007466351010818176
0.0,0.0,0.0,0.0,-0.0019787939431540054,0.00535390469403923
0.0,0.0,0.0,0.0,-0.002238556707641857,0.005979433673694827
0.0,0.0,0.0,0.0,-0.0006227445012186704,0.007457217519303357
0.0,0.0,0.0,0.0,0.0,0.0072205281419877405
0.0,0.0,0.0,3.610925283172016e-05,0.0,0.005220525855350355
0.0,0.0,0.0,0.0,-0.0015084175322398797,0.006237878953063366
0.0,0.0,0.0,0.0,-0.00010952609577853225,0.009141833466764029
0.0,0.0,0.0,0.0,0.0,0.010876590061582554
0.0,0.0,0.0,0.0,0.0,0.009941388069850138
0.0,0.0,0.0,0.0,0.0,0.012844792612274997
0.0,0.0,0.0,0.0,0.0,0.01394131277577657
0.0,0.0,0.0,0.0,0.0,0.02073317501032968
0.0,0.0,0.0,0.0,0.0,0.018548146547507215
0.0,0.0,0.0,0.0013720272659459535,0.0,0.018111231285146384
0.0,0.0,0.0,0.0,0.0,0.014442925179737795
0.0,0.0,0.0,0.0,0.0,0.01462146761132856
0.0,0.0,0.0,0.0,0.0,0.014326011737471289
0.0,0.0,0.0,0.0,0.0,0.009418484165593603
0.0,0.0,0.0,0.0,0.0,0.0011486639525530753
0.0,0.0,0.0,0.0,0.0,0.0009795892069493402
0,0,0,0,0,0
0,0,0,0,0,0
0,0,0,0,0,0
0,0,0,0,0,0
0,0,0,0,0,0
0,0,0,0,0,0
0,0,0,0,0,0
0,0,0,0,0,0
0,0,0,0,0,0
0,0,0,0,0,0
0,0,0,0,0,0
0,0,0,0,0,0
0,0,0,0,0,0
0,0,0,0,0,0
0,0,0,0,0,0
0,0,0,0,0,0
0.0,0.0,0.0,0.0,0.00015445739197611806,0.0
0,0,0,0,0,0
0,0,0,0,0,0
0,0,0,0,0,0
0,0,0,0,0,0
0,0,0,0,0,0
0,0,0,0,0,0
0,0,0,0,0,0
0,0,0,0,0,0
0.0,0.0,0.0,0.0,0.0,-0.002292972166839192
0.0,0.0,0.0,0.0,0.0,-0.01237211885360921
0.0,0.0,0.0,0.0,0.0,-0.014099158819903321
0.0,0.0,0.0,0.0,0.0,-0.01779566866330402
0.0,0.0,0.0,0.0,0.0,-0.023383171990006203
0.0,0.0,0.0,0.0,-0.003460697145165074,-0.02687505946390124
0.0,0.0,0.0,0.0,-0.001663767695582429,-0.0280869786184951
0.0,0.0,0.0,0.0,-0.0037693039149152502,-0.026761720786612035
0.0,0.0,0.0,0.0,-0.00164971983048521,-0.028334828410572388
0.0,0.0,0.0,0.0,-0.0031018450695883904,-0.025521166434960368
0.0,0.0,0.0,0.0,-0.004595795949590165,-0.031119089061144432
0.0,0.0,0.0,0.0,-0.0018030775921369583,-0.027077646037272772
0.0,0.0,0.0,0.0,-0.001739676848147393,-0.022186426492707904
0.0,0.0,0.0,0.0,0.0,-0.02309595664080537
0.0,0.0,0.0,0.0,0.0,-0.021818490973808977
0.0,0.0,0.0,0.0,0.0,-0.022096155908014288
0.0,0.0,0.0,0.0,0.0,-0.02343404671480387
0.0,0.0,0.0,0.0,0.0,-0.022070895264926442
0.0,0.0,0.0,0.0,0.0,-0.02029297305199243
0.0,0.0,0.0,0.0,0.0,-0.01992238332418833
0.0,0.0,0.0,0.0,0.0,-0.021875586499720257
0.0,0.0,0.0,0.0,0.0,-0.01863325357049207
0.0,0.0,0.0,0.0,0.0,-0.02061129851736653
0.0,0.0,0.0,0.0,0.0,-0.016378464974574396
0.0,0.0,0.0,0.0,0.0,-0.014961729372280241
0.0,0.0,0.0,0.0,0.0,-0.015410324389018579
0.0,0.0,0.0,0.0,-4.706808036532339e-05,-0.012994264650398348
0.0,0.0,0.0,0.0,0.0,-0.009328600564097905
0.0,0.0,0.0,0.0,0.0,-0.007535413981895901
0.0,0.0,0.0,0.0,0.0,-0.011001244555733173
0.0,0.0,0.0,0.0,0.0,-0.008300315014068398
0.0,0.0,0.0,0.0,0.0,-0.008367109923684928
0.0,0.0,0.0,0.0,0.0,-0.0056001644920278554
0.0,0.0,0.0,0.0,0.0,-0.005611326489529325
0.0,0.0,0.0,0.0,0.0,-0.005032660383308489
0.0,0.0,0.0,0.0,0.0,-0.004046681364906085
0.0,0.0,0.0,0.0,0.0,-0.0025769759100408253
0,0,0,0,0,0
0,0,0,0,0,0
0.0,0.0,0.0,0.0,-0.0020033487656318386,0.0
0,0,0,0,0,0
0,0,0,0,0,0
0,0,0,0,0,0
0,0,0,0,0,0
0,0,0,0,0,0
0.0,0.0,0.0,0.0,-0.0011307911705257874,0.0
0,0,0,0,0,0
0,0,0,0,0,0
0,0,0,0,0,0
0,0,0,0,0,0
0,0,0,0,0,0
0.0,0.0,0.0,0.0,-0.0046386856153500695,0.0
0.0,0.0,0.0,0.0,-0.0004657306912965134,0.0
0.0,0.0,0.0,0.0,-0.0010220802905690327,0.0
0.0,0.0,0.0,0.0,-0.0006414554097163006,0.0
0.0,0.0,0.0,0.0,-0.00021228321641285033,0.0
0,0,0,0,0,0
0,0,0,0,0,0
0,0,0,0,0,0
0,0,0,0,0,0
0,0,0,0,0,0
0.0,0.0,0.0,0.0,-0.0011694977489696747,0.0
0.0,0.0,0.0,0.0,-0.00016554825684074963,0.0
0.0,0.0,0.0,0.0,-0.000367199131261071,0.0
0.0,0.0,0.0,0.0,0.0,0.003025571386901793
0.0,0.0,0.0,0.0,0.0,0.0017165380440649792
0.0,0.0,0.0,0.0,0.0,0.004358101915407695
0.0,0.0,0.0,0.0,0.0,0.001068596899853616
0.0,0.0,0.0,0.0,0.0,0.003694682331569861
0.0,0.0,0.0,0.0,0.0,0.005264180552447253
0.0,0.0,0.0,0.0,0.0,0.005185969963511611
0.0,0.0,0.0,0.0,0.0,0.005185969963511611
0.0,0.0,0.0,0.0,0.0,0.005972786991751304
0.0,0.0,0.0,0.0,0.0,0.005972786991751304
0.0,0.0,0.0,0.0,0.0,0.004919779877720265
0.0,0.0,0.0,0.0,0.0,0.01050207838694669
0.0,0.0,0.0,0.0,0.0,0.010940894276644486
0.0,0.0,0.0,0.0,0.0,0.011219535112191776
0.0,0.0,0.0,0.0,0.0,0.008282529924926643
0.0,0.0,0.0,0.0,0.0,0.008147644585123648
0.0,0.0,0.0,0.0,0.0,0.009412643184111297
0.0,0.0,0.0,0.0,0.0,0.007315903901224156
0.0,0.0,0.0,0.0,0.0,0.006366966729031145
0.0,0.0,0.0,0.0,0.0,0.006716777474230924
0.0,0.0,0.0,0.0,0.0,0.0061629817549576395
0.0,0.0,0.0,0.0,0.0,0.006249835024855948
0.0,0.0,0.0,0.0,0.0,0.006080971073981966
0.0,0.0,0.0,0.0,0.0,0.007481491360602321
0.0,0.0,0.0,0.0,0.0,0.00656763637028719
0.0,0.0,0.0,0.0,0.0,0.006386463225761782
0.0,0.0,0.0,0.0,0.0,0.006660487752110603
0.0,0.0,0.0,0.0,0.0,0.005028338117691015
0.0,0.0,0.0,0.0,0.0,0.004834306930537451
0.0,0.0,0.0,0.0,0.0,0.0037472762710495946
0.0,0.0,0.0,0.0,0.0,0.002888229235173835
0.0,0.0,0.0,0.0,0.0,0.002574954308880628
0.0,0.0,0.0,0.0,0.0,0.00445748625954386
0.0,0.0,0.0,0.0,0.0,0.004416333069664673
0.0,0.0,0.0,0.0,0.0,0.004530785690230678
0.0,0.0,0.0,0.0,0.0,0.0027561788266900404
0.0,0.0,0.0,0.0,0.0,0.004964564231853088
0.0,0.0,0.0,0.0,0.0,0.004772377287035601
0.0,0.0,0.0,0.0,0.0,0.004403548358155371
0.0,0.0,0.0,0.0,0.0,0.004165674936337621
0.0,0.0,0.0,0.0,0.0,0.002748073866551299
0.0,0.0,0.0,0.0,0.0,0.004356102161295322
0.0,0.0,0.0,0.0,0.0,0.0011990680086912597
0.0,0.0,0.0,0.0,0.0,0.0035106047107807056
0.0,0.0,0.0,0.0,0.0,0.0032119405808403675
0.0,0.0,0.0,0.0,0.0,0.0003770535014740927
0.0,0.0,0.0,0.0,0.0,0.0024468910654430577
0.0,0.0,0.0,0.0,0.0,0.005214659156265291
0.0,0.0,0.0,0.0,0.0,0.002885066198640756
0.0,0.0,0.0,0.0,0.0,0.002178326127667363
0.0,0.0,0.0,0.0,0.0,0.0022501527828677204
0.0,0.0,0.0,0.0,0.0,0.0011542076710609277
0.0,0.0,0.0,0.0,0.0,0.0034714349383850028
0.0,0.0,0.0,0.0,0.0,0.002444947220583413
0.0,0.0,0.0,0.0,0.0,0.0029421334577686307
0.0,0.0,0.0,0.0,0.0,0.001162084353972415
0.0,0.0,0.0,0.0,0.0,0.0026410980304859945
0.0,0.0,0.0,0.0,0.0,0.0009704193846331915
0.0,0.0,0.0,0.0,0.0,0.0009656938115699343
0.0,0.0,0.0,0.0,0.0,0.001497581912774965
0,0,0,0,0,0
0.0,0.0,0.0,0.0,0.0,8.35616431758812e-05
0.0,0.0,0.0,0.0,0.0,0.00045883047242424824
0.0,0.0,0.0,0.0,0.0,0.0013839859828841622
0.0,0.0,0.0,0.0,0.0,0.00201855394732856
0.0,0.0,0.0,0.0,0.0,0.0028343311280704412
0.0,0.0,0.0,0.0,0.0,0.0019616957430586323
0.0,0.0,0.0,0.0,0.0,0.004274618383995702
0.0,0.0,0.0,0.0,0.0,0.0018418418590180389
0.0,0.0,0.0,0.0,0.0,0.000621029556915287
0.0,0.0,0.0,0.0,0.0,0.0017700701621454935
0.0,0.0,0.0,0.0,0.0,0.0034751725277153435
0.0,0.0,0.0,0.0,0.0,0.0006546160209059725
0.0,0.0,0.0,0.0,0.0,0.0006597269015312173
0,0,0,0,0,0
0,0,0,0,0,0
0.0,0.0,0.0,0.0,0.0,0.00024657114928569205
0,0,0,0,0,0
0,0,0,0,0,0
0,0,0,0,0,0
0.0,0.0,0.0,0.0,0.0,0.0007455813604701048
0.0,0.0,0.0,0.0,0.0,0.0003539083352324298
0.0,0.0,0.0,0.0,0.0,0.000725844783812409
0,0,0,0,0,0
0,0,0,0,0,0
0,0,0,0,0,0
0.0,0.0,0.0,0.0,0.0,0.0004273209432132692
0,0,0,0,0,0
0,0,0,0,0,0
0,0,0,0,0,0
0.0,0.0,0.0,0.0,-0.000549850614448638,0.0
0,0,0,0,0,0
0,0,0,0,0,0
0.0,0.0,0.0,0.0,0.0,0.00012856055847514282
0,0,0,0,0,0
0,0,0,0,0,0
0,0,0,0,0,0
0,0,0,0,0,0
0,0,0,0,0,0
0,0,0,0,0,0
0,0,0,0,0,0
0,0,0,0,0,0
0,0,0,0,0,0
0,0,0,0,0,0
0,0,0,0,0,0
0,0,0,0,0,0
0,0,0,0,0,0
0,0,0,0,0,0
0,0,0,0,0,0
0,0,0,0,0,0
0,0,0,0,0,0
0,0,0,0,0,0
0,0,0,0,0,0
0,0,0,0,0,0
0,0,0,0,0,0
0,0,0,0,0,0
0,0,0,0,0,0
0,0,0,0,0,0
0,0,0,0,0,0
0,0,0,0,0,0
0,0,0,0,0,0
0,0,0,0,0,0
0,0,0,0,0,0
0,0,0,0,0,0
0.0,0.0,0.0,0.0,-0.001433734603269335,0.0
0,0,0,0,0,0
0,0,0,0,0,0
0,0,0,0,0,0
0,0,0,0,0,0
0,0,0,0,0,0
0,0,0,0,0,0
0,0,0,0,0,0
0,0,0,0,0,0
0,0,0,0,0,0
0,0,0,0,0,0
0,0,0,0,0,0
0,0,0,0,0,0
0,0,0,0,0,0
0,0,0,0,0,0
0,0,0,0,0,0
0,0,0,0,0,0
0,0,0,0,0,0
0,0,0,0,0,0
0,0,0,0,0,0
0,0,0,0,0,0
0,0,0,0,0,0
0,0,0,0,0,0
0,0,0,0,0,0
0,0,0,0,0,0
0,0,0,0,0,0
0,0,0,0,0,0
0.0,0.0,0.0,0.0,0.0,-0.0006231445151116545
0.0,0.0,0.0,0.0,-0.00010405338523540478,-0.0017248219512586132
0.0,0.0,0.0,0.0,0.0,-0.001983093804198454
0.0,0.0,0.0,0.0,0.0,-0.0007702691662685964
0,0,0,0,0,0
0.0,0.0,0.0,0.0,0.0,-9.867466081196108e-05
0.0,0.0,0.0,0.0,0.0,-0.0014439879243841828
0.0,0.0,0.0,0.0,0.0,-0.00017308274204486546
0.0,0.0,0.0,0.0,-0.0004864176937777149,-0.0014288765705336535
0.0,0.0,0.0,0.0,0.0,-0.0022451770729219273
0.0,0.0,0.0,0.0,0.0,-0.0022451770729219273
