0,0,0,0,0,0
0.0,0.0,6.191346394775315,0.0,0.0,0.0
0.0,0.0,6.578279805930896,0.0,0.0,0.0
0.0,0.0,6.830928947997803,0.0,0.0,0.0
0.0,0.0,7.053201876883923,0.0,0.0,0.0
0.0,0.0,7.195137396809514,0.0,0.0,0.0
0.0,0.0,7.480499523322365,0.0,0.0,0.0
0.0,0.0,7.1962791404478095,-0.0037877099133484735,0.0,0.0
0.0,0.0,6.436027910415038,-0.01246115878292213,0.0,0.0
0.0,0.0,6.432989479309296,-0.006424511097106914,0.0,0.0
0.0,0.0,6.427847923205439,0.0,0.0,0.0
0.0,0.0,6.1415366228327475,0.0,-0.002481593069578862,0.0
0.0,0.0,6.141711448396939,0.0,-0.002854221747770886,0.0
0.0,0.0,6.295983592997294,0.0,-0.0014584703996774228,0.0
0.0,0.0,6.3878038512699025,0.0,0.0,0.0
0.0,0.0,6.690845614437026,0.0,0.0,0.0
0.0,0.0,6.803941222525472,0.0,0.0,0.0
0.0,0.0,7.18781741014394,0.0,0.0,0.0
0.0,0.0,7.38985847605351,0.0,0.0,0.0
0.0,0.0,7.787249503147467,0.0,0.0,0.0
0.0,0.0,8.043459094640536,0.0,0.0,0.0
0.0,0.0,8.007780885389963,-0.009654570171011317,0.0,0.0
0.0,0.0,8.469708547087993,-0.012416695054701325,0.0,0.0
0.0,0.0,8.814301660087951,-0.0169247503484775,0.0,0.0
0.0,0.0,8.970704475565324,-0.022696659947222038,0.0,0.0
0.0,0.0,8.933174235518509,-0.02275658200114074,0.0,0.0
0.0,-0.01557951252647482,9.309127494195074,-0.015973974113927907,0.0,0.0
0.0,0.0,9.085432229379697,-0.014844593800572913,0.0,0.0
0.0,0.0,9.292877404913703,-0.01977763356464899,0.0,0.0
0.0,-0.04399000963787506,9.098389059028928,-0.01951565728828824,0.0,0.0
0.0,0.0,9.001828020038554,-0.019084047249543913,0.0,-0.0006162312388723182
0.0,0.0,9.199189986776885,-0.018236104264585225,0.0,-0.001257493298552619
0.0,0.0,9.044212110095902,-0.010592639251908323,0.0,-0.0011686473834040699
0.0,0.0,8.917724118630812,-0.010778844833639405,0.0,0.0
0.0,0.0,9.041265529768648,-0.009706883115948976,0.0,-0.0023980559182170172
0.0,0.0,8.79517662564825,-0.01110819524979691,0.0,-0.001918479021070158
0.0,0.0,8.818474215598062,-0.007662577671759806,0.0,-0.001924548384163622
0.0,0.0,8.916613646966535,-0.008222646439038597,0.0,-0.004554436515726232
0.0,0.0,8.848628885510097,-0.011398422620999124,0.0,-0.002360260503501541
0.0,0.0,9.009188020777863,-0.01679232800238524,0.0,-0.006704512020638073
0.0,0.0,8.908407180813885,-0.018203999166916986,0.0,-0.0069270229891450884
0.0,0.0,9.078457078243376,-0.019739849438613472,0.0,-0.006129349895619916
0.0,0.0,9.293455035403499,-0.014744175573210653,-0.0033869072402087745,-0.007238399521504275
0.0,0.0,9.296434125780573,-0.01138055797690125,-0.003227630359721979,-0.0063448478157602396
0.0,0.0,9.30124989641396,-0.01076462008443434,-0.003782574494265164,-0.0065105518631034375
0.0,0.0,9.240321693404022,-0.011793855411829857,0.0,-0.005539035796655121
0.0,0.0,9.683314984708256,-0.009690488159517348,-0.0016443596516961495,-0.005870491352861175
0.0,0.0,9.770220602717554,-0.00733196944585144,0.0,-0.004993281565318463
0.0,0.0,9.788981756420322,-0.020600359081675117,0.0,-0.0039907326050355385
0.0,-0.04912297330293469,10.083248766739237,-0.03246691681801789,0.0,-0.006831444205926264
0.0,-0.06449371035071247,10.336943028080647,-0.03180591024078191,0.0,-0.006258249737711438
0.0,0.0,10.422755222031046,-0.029772052136838034,0.0,-0.005147515662506786
0.0,-0.0967849233162172,10.515222345435951,-0.02159640362460788,0.0,-0.005433161140523087
0.0,0.0,10.601885817247785,-0.01673788140952235,-0.0028704592232877127,-0.0061692223333969995
0.0,0.0,10.848154864285629,-0.018976858595585323,-0.001067617881653224,-0.007642103800726949
0.0,0.0,10.695140171393701,-0.016148159150897085,0.0,-0.002770676575436539
0.0,-0.005853922791081517,10.702827151747517,-0.015498180649741313,-0.0005543034903948458,-0.0034604206779636167
0.0,0.0,11.128213754460582,-0.020282670900864965,0.0,-0.00505150781686751
0.0,-0.1751977411607587,11.161628347173153,-0.030376009698428057,0.0,-0.0024471849099214544
0.0,-0.5341651363463513,11.16947886052598,-0.041990911204154754,0.0,-0.003605865355139559
0.0,-0.5231536477320774,11.12706217716748,-0.04625930714842316,0.0,-0.005872139639300692
0.0,-0.21174638961103529,11.060524714368924,-0.033969581746372254,0.0,-0.005591251891661068
0.0,0.0,11.05188196704492,-0.016740847994862827,0.0,-0.0013432221804855588
0.0,0.0,11.379231122198535,-0.006423906597035019,-0.006601816323656216,-0.0009266901601200462
0.0,0.0,11.249536403005624,-0.016083976612693916,-0.0038381483530999646,-0.003320228471073894
0.0,-0.2156373393712491,11.202477480946492,-0.03153210996691976,0.0,-0.0016702224081948543
0.0,-0.38775254980076923,11.002235473386072,-0.045366094065134484,0.0,-0.004744930207650013
0.0,-0.6245897381269174,11.27698937218041,-0.04970262433821865,0.0,-0.003312499671992053
0.0,-0.6171269347798818,10.852709073352015,-0.05586448273837251,0.0,-0.004695874397960826
0.0,-0.358608579585676,10.422515514078794,-0.04481158237258035,0.0,-0.0030719413836130674
0.0,0.0,10.454327329462663,-0.01630545512957208,-0.011970187705399395,-0.0015492960094836705
0.015154481769369945,0.0,10.937348053764236,-0.0020815990639636217,-0.018803640116518604,-0.00027274452105123667
0.0,0.0,10.782621997795658,-0.009201914023292226,-0.01079255898761973,0.0
0.0,-0.03319106110734385,10.143828573587456,-0.025764117499624827,0.0,-0.0016555924139298108
0.0,-0.524724821132293,10.414112903633313,-0.04598611288663339,0.0,-0.00281736864564452
0.0,-0.6113237872861184,10.266703018933326,-0.059323245890384124,0.0,-0.0004965756669124894
0.0,-0.3161654683143854,10.4672277373444,-0.04472039807830765,0.0,-0.0003702420665104833
0.0,0.0,10.30331853354234,-0.021282386938927686,-0.012046023395943415,-0.0008296244658394679
0.1279113263042146,0.0,10.511405135634122,-0.011204425532489796,-0.021038370096763542,0.0
0.0,0.0,10.851264297226319,-0.004512286958211908,-0.012384182763091226,0.0
0.0,0.0,10.650458448219934,-0.020205005142012417,-0.002810601656940847,0.0
0.0,-0.2380953051745765,10.270817780078351,-0.03823123602534009,0.0,0.0
0.0,-0.5191308635754287,10.341430203279767,-0.045494844563292836,0.0,0.0
0.0,-0.26606353376507746,10.82838445729146,-0.04207238751121754,-0.0009367352580924137,0.0
0.0,-0.45883115953395304,11.067939764049445,-0.0365838919272062,-0.0011680147699001668,0.0
0.0,-0.4362725806115666,10.257794113903868,-0.04429736468379656,0.0,0.0
0.0,-0.6005359285533544,10.263903508486898,-0.040313413349466955,0.0,-0.0012142006423084034
0.0,-0.39678322176872227,10.497993605164975,-0.031078420104639393,0.0,0.0
0.0,-0.10805235119323693,10.323075731071823,-0.03511986458462211,0.0,-3.3729893922642914e-05
0.0,-0.1251729149538699,9.984723396011631,-0.03871214445146956,0.0,-4.1053341075931985e-05
0.0,-0.15824526040646306,10.216676775192045,-0.03624532950254006,0.0,-0.00023993000693789472
0.0,-0.30146967637989974,10.089167173296051,-0.04766326776754616,0.0,-0.0012032070906078977
0.0,-0.5087589098408238,10.011328405553725,-0.05775105717386235,0.0,-0.00375378704288929
0.0,-0.6381321910851766,9.516858254267854,-0.050959308923886004,0.0,-0.003913215441617596
0.0,-0.11111744417651584,9.864043873701233,-0.02743224825257188,-0.00010177634819298688,-0.004761239317528645
0.0,0.0,10.074285674902637,-0.013531288759203874,-0.011909697211832496,-0.0064609043499198795
0.0,0.0,10.200571392050932,-0.00820425932595904,-0.009880754815020975,-0.005831871312266296
0.0,-0.04738388366898331,10.025004124472208,-0.01735916432873022,-0.001211937483005018,-0.008389925555777797
0.0,-0.61429539741735,9.894062545986671,-0.04011124005405634,0.0,-0.007372022380204253
0.0,-0.7529795648203544,9.777341485977415,-0.059237106260138485,0.0,-0.011445133751167343
0.0,-0.7644400791482472,10.089621856492471,-0.05585868725785072,0.0,-0.009751913687459434
0.0,-0.5536290737697496,9.675090837668039,-0.05552912487824345,0.0,-0.011172428934698744
0.0,-0.42920913866214344,9.484038711816906,-0.054254090692333536,0.0,-0.010051280291713743
0.0,-0.2649128016987071,9.15932691527405,-0.0361085684602777,-0.0029874496650591385,-0.007368450777602703
0.0,0.0,8.885535006485117,-0.017091680634845223,-0.012596207271192003,-0.011514780693707467
0.0,0.0,9.093308350049508,-0.003583691083443058,-0.023074207837071786,-0.008251624469283767
0.0,0.0,9.047060114565642,-0.009209601810218728,-0.012813589529477625,-0.006456210705742728
0.0,0.0,8.858920390401614,-0.027071688531019815,-0.006926776400261939,-0.005883080892703644
0.0,-0.279026269220886,8.51494676573764,-0.040944615032886746,-0.005277784836262771,-0.008470229044775134
0.0,-0.1364437139434906,8.645608051531749,-0.033257556742881764,-0.011517597280536774,-0.005259124524402683
0.0,0.0,9.58558027356899,-0.024059178435218216,-0.0159851134872025,-0.0030127044572339453
0.0,-0.44005770782295767,8.992009953569887,-0.04634771860753564,-5.1941372382567066e-05,-0.0016358282530804403
0.0,-0.5014768741970054,8.955902137644449,-0.05635087345459502,0.0,-0.004990465685918967
0.0,-0.3060993026500065,9.656588103347374,-0.03285941234786945,-0.009044718573686415,0.0
0.0,-0.5487412337906845,9.978228484083015,-0.03484001986666296,-0.010164061743228186,0.0
0.0,-0.877875390427219,9.429624044605356,-0.06257210645536233,-0.007405019295408795,-0.0014451589173123905
0.0,-0.8909559577647999,9.13432572513754,-0.06428363645064941,-0.010743527643832582,-0.001417008352476767
0.05949998490255591,-0.3061380141030733,10.000013640473053,-0.037432962422337214,-0.02073401185535966,0.0
0.0,-0.035689293481881025,10.62955069052877,-0.035064515928854186,-0.01400483229624977,0.0
0.0,-0.5436741275900254,10.020106790255284,-0.05254690491005463,-0.003985141665255249,0.0
0.0,-0.6631700121735451,9.363264880223177,-0.07330581774604036,0.0,-0.002270902761837445
0.0,-0.24549361413699966,9.500533670083197,-0.04520182105088568,-0.006503250120218432,0.0
0.0,0.0,10.135369074830976,-0.021351570079210402,-0.015271481015020344,0.0
0.0,0.0,10.22492281252428,-0.025965702871711637,-0.0077399107875421105,-0.00016124966315408305
0.0,-0.28120820122552304,9.27226048628135,-0.04242375099027364,0.0,0.0
0.0,-0.1867479599454862,8.93440908070979,-0.04101541372003868,-0.0034983523269181927,-0.0006643830311887133
0.0,0.0,9.424882382046992,-0.019726244269079145,-0.008494721933750398,0.0
0.0,0.0,9.628606253924762,-0.016580288094389797,-0.0008832045592651159,0.0
0.0,0.0,8.999355934409913,-0.03310644084331454,-0.002752681297949281,0.0
0.0,-0.07569531666197574,8.377524481224404,-0.04093004622600798,-0.002878510058327525,-0.0011386233361883843
0.0,0.0,8.978176720092836,-0.02129736183566252,-0.007409192823257402,0.0
0.0,0.0,9.573465172250492,-0.007537095787195655,-0.018144338194116726,0.0
0.0,0.0,9.34309723820996,-0.014112194290641592,-0.013895915046217313,0.0
0.0,-0.0595230352544329,7.982607524949924,-0.04066336201828742,-0.0056571138346831985,-0.0005538080950853812
0.0,0.0,8.171497989784251,-0.03499643968927203,-0.002461886321492018,0.0
0.0,0.0,9.321801345565522,-0.005587677472591044,-0.014144778954879002,0.0
0.0,0.0,8.887376605010306,-0.020221394971570057,-0.0023015110112013246,0.0
0.0,0.0,8.182867939704252,-0.02726754692509679,0.0,-0.00047359399385049964
0.0,0.0,8.664200116551532,-0.023664261180483332,0.0,-0.0015570081819942599
0.0,0.0,9.020645718434952,-0.013245463965558363,-0.004120677690558487,0.0
0.0,0.0,9.117812463638547,-0.00801659945815426,-0.005357626686333059,0.0
0.0,0.0,8.964631689420042,-0.012312169896004884,-0.014722506676248989,-0.0016795049838867974
0.0,0.0,9.17219896675985,-0.008496146318078367,-0.02003012161108897,-0.0007908223463082241
0.0,0.0,9.790752788472513,-0.012455630108396731,-0.004006055405739524,-0.0003264325353935597
0.0,-0.45499689231574464,9.447102256429782,-0.049586851277955146,0.0,-0.001133289233795407
0.0,-1.078114662599357,8.563860420466964,-0.07013542101709497,0.0,-0.0026702468352058613
0.0,-0.35435620624487835,8.592142237443198,-0.050613741985946384,0.0,-0.0024346709572324837
0.0,0.0,9.590794794741477,-0.02279669761355517,0.0,-0.0020427011917256536
0.0,0.0,9.047182592922557,-0.022153138093509998,-0.001922119315603852,0.0
0.0,0.0,8.354461061861384,-0.02569579234653231,-0.009028424910413243,-0.004211630970238199
0.0,0.0,8.10228404143327,-0.02645520747877571,-0.00447565334737312,-0.0008302654596448192
0.0,0.0,8.808384904098787,-0.01818430383373945,-0.000757425344364982,0.0
0.0,0.0,8.52572902748188,-0.026567542548029583,-0.0020325423848178187,-0.00221218409517062
0.0,-0.06725257814322301,8.064483326669604,-0.04568124458386439,0.0,-0.0025131012226906105
0.0,-0.43427877904116075,8.557287339351978,-0.04183337635845069,0.0,-0.001334505948190745
0.0,-0.48925461137622916,8.42140950691987,-0.04984971007275109,0.0,-0.0011845084798447053
0.0,-0.20759220773151094,8.177631600215829,-0.04469122726935118,-0.0025543032729231025,-0.0027843504955135205
0.0,-0.27520749832957414,8.131136195545771,-0.03596871478421691,0.0,-0.0021527722372245207
0.0,-0.20960425653506726,8.23280994009088,-0.038215376936644646,0.0,-0.0004694453451818145
0.0,-0.06709971248744503,7.606584246764069,-0.03780402734427907,0.0,-0.0014352533815350749
0.0,0.0,7.904040253081616,-0.012703720781045747,-0.01393857707411698,-0.00011181881123967624
0.0,0.0,7.689381530763768,-0.009511606310148293,-0.01355215654063161,0.0
0.0,0.0,7.283467719288471,-0.012346668339875763,-0.013913456900762188,0.0
0.0,0.0,7.0933223955270845,-0.011621564978464312,-0.013501132498890784,0.0
0.0,0.0,7.0708627727470255,-0.01078153302460828,-0.011619016542159159,0.0
0.0,0.0,7.094349397827388,-0.00587547722180526,-0.011273789759104202,0.0
0.0,0.0,7.338361586349334,-0.011685904065526585,-0.004393201032407239,0.0
0.0,0.0,7.129533923602038,-0.008271400555094923,-0.008318206673415523,0.0
0.0,0.0,7.125509148008997,-0.0025995403296381744,-0.010779428678479041,0.0
0.0,0.0,7.746923409650947,-0.003346386225755356,-0.01009424716499743,0.0
0.0,0.0,7.574666418437943,-0.00746117158950764,-0.009609993082394245,0.0
0.0,-0.022987039817028963,7.520045623739523,-0.018580361091525843,0.0,0.0
0.0,-0.04654601174799354,7.459460236272266,-0.03946885204061318,0.0,0.0
0.0,-0.20374314924188391,7.315554698500188,-0.03722048688088741,0.0,0.0
0.0,0.0,7.7909811988401145,-0.015175852745758662,-0.01260745851788409,0.0
0.0,0.0,7.8210520777531185,-0.013385373305811521,-0.006591850099292083,0.0
0.0,0.0,7.2927405506440595,-0.01342945629274619,-0.0001437948635768128,0.0
0.0,0.0,7.440859177117149,-0.010977855554629974,0.0,0.0
0.0,0.0,7.426218172264607,-0.012519989995574623,0.0,0.0
0.0,0.0,7.774844396721896,-0.015458527270399347,0.0,0.0
0.0,0.0,7.480522628668306,-0.025270267384235,0.0,0.0
0.0,-0.07052086169213151,7.114412422740287,-0.03761332733870747,0.0,0.0
0.0,0.0,7.4121104668077935,-0.02981442984501386,0.0,0.0
0.0,0.0,7.548197989129004,-0.012225690706653034,0.0,0.0
0.0,0.0,7.6672098986421275,-0.006726968174432262,0.0,0.0
0.0,0.0,7.2280553277062385,-0.023265501075605672,0.0,-0.0008414160985658408
0.0,-0.026242150797861206,6.960486923405393,-0.028517877131122422,0.0,0.0
0.0,0.0,7.072793501047793,-0.01990300992807977,0.0,0.0
0.0,0.0,7.844626000475282,-0.01309426128182776,0.0,-2.6466259947784442e-05
0.0,0.0,7.377182934201306,-0.020848929874711795,0.0,0.0
0.0,0.0,6.739422808391001,-0.01928793905454746,0.0,-0.000523094077848356
0.0,0.0,7.530259213712915,0.0,-0.008383817125150336,0.0
0.0,0.0,7.703261726493119,0.0,-0.004718488318085892,0.0
0.0,0.0,7.58286782336953,-0.0022204368782833828,-0.0004890089355648661,0.0
0.0,0.0,7.227269400073643,-0.019526374749784376,0.0,-0.0004084875678569289
0.0,-0.19024212237799557,7.184180532091544,-0.02151708550216945,0.0,0.0
0.0,0.0,7.524328743232883,-0.0348471894247733,0.0,0.0
0.0,-0.10718030885383249,7.687839255649708,-0.028948807826597707,0.0,0.0
0.0,-0.24186370832425325,7.182078855945821,-0.039761181556373607,0.0,-0.0008494465821363404
0.0,-0.17687595819210924,7.239628305177821,-0.03310544580547704,0.0,0.0
0.0,-0.005773274807373511,7.500067295621475,-0.01625464892941683,-0.004360515106692963,0.0
0.0,0.0,7.233886587737031,-0.016750202105623394,-0.004964394659539111,0.0
0.0,0.0,6.696963325227044,-0.019456661967172845,-0.007203725660689847,0.0
0.0,0.0,6.239534292509802,-0.026396627052877736,-0.002993205347791238,0.0
0.0,0.0,6.774967912513874,-0.00254952674916245,-0.013801396269799463,0.0
0.0,0.0,6.4896814763208965,-0.006893018232685075,-0.0005977442933451898,0.0
0.0,0.0,5.816104002172463,-0.01722144714653706,0.0,0.0
0.0,0.0,5.724650296562005,-0.01577964522549503,0.0,0.0
0.0,0.0,6.197629773448909,-0.007154133855462283,0.0,0.0
0.0,0.0,6.211590359018085,-0.008707165223793164,0.0,0.0
0.0,0.0,5.822172620433891,-0.01467966002801369,0.0,0.0
0.0,0.0,6.331357738888997,-0.01251975105384813,-0.004194337994020711,0.0
0.0,0.0,6.118736361093477,-0.022358103038416004,0.0,0.0
0.0,0.0,6.562739838290229,-0.012557836908447865,0.0,0.0
0.0,0.0,6.568516504556285,-0.01893657675945632,0.0,0.0
0.0,-0.04527339162876417,6.1036388149877725,-0.024693305751297703,0.0,0.0
0.0,0.0,6.251748090104632,-0.01902597902731811,0.0,0.0
0.0,0.0,6.534998687185222,-0.012237069215088766,0.0,0.0
0.0,0.0,6.141852465951559,-0.009192264376700964,0.0,0.0
0.0,0.0,6.409263543520034,-0.004905726672564969,-0.00017223492868755682,0.0
0.0,0.0,6.941455653776624,0.0,-0.0034302769075953226,0.0
0.0,0.0,6.7700201599162595,-0.0031660018653104915,0.0,0.0
0.0,0.0,6.901481301110134,-0.013318524961906168,0.0,0.0
0.0,0.0,6.747237123494939,-0.032422276746865715,0.0,0.0
0.0,0.0,6.5316093205687675,-0.03472578050167871,0.0,0.0
0.0,0.0,6.619033079223665,-0.026842625563550982,0.0,0.0
0.0,0.0,6.238772783709516,-0.011629268638697062,0.0,0.0
0.0,0.0,6.15573814922737,-0.00123671798334305,0.0,0.0
0.0,0.0,6.0913580512830805,0.0,-0.0010622656348026195,0.0
0.0,0.0,5.8791332429311645,0.0,-0.0036275641868583203,0.0
0.0,0.0,5.765354308971804,0.0,-0.0047949373107755945,0.0
0.0,0.0,5.474359264290735,-0.001456929548199053,0.0,0.0
0.0,0.0,5.279476155192481,-0.004265295075691998,-0.0027255440117899916,0.0
0.0,0.0,5.666461737361209,-0.0029112588307133786,0.0,0.0
0.0,0.0,5.561360287547456,-0.011840914026266261,0.0,0.0
0.0,0.0,5.028808026957351,-0.024783145388866626,0.0,0.0
0.0,0.0,5.748764326833689,-0.006816516893129778,0.0,0.0
0.0,0.0,5.802037328688252,-0.006631290151386107,0.0,0.0
0.0,0.0,5.873516186181502,-0.004289823367041472,0.0,0.0
0.0,0.0,6.1679765781880125,0.0,0.0,0.0
0.0,0.0,6.289889043143782,-0.0025424431678178934,0.0,0.0
0.0,0.0,6.606247614875694,0.0,0.0,0.0
0.0,0.0,7.089254165709674,-0.01083802144816014,0.0,0.0
0.0,0.0,6.919612553565796,-0.03252905803438455,0.0,0.0
0.0,-0.06284873911957647,6.530756906118404,-0.04782081975772667,0.0,0.0
0.0,-0.11206070051665921,6.893964935420465,-0.03488863566448798,0.0,0.0
0.0,-0.27332615836908786,6.734163383531469,-0.040917559040932465,0.0,0.0
0.0,-0.1095413512516914,6.46823428006252,-0.03720620823319041,0.0,0.0
0.0,0.0,6.380867614973216,-0.02504859559320166,0.0,0.0
0.0,0.0,6.356543985149856,-0.010758163693019214,0.0,0.0
0.0,0.0,6.448709551416362,-0.004165298256545558,0.0,0.0
0.0,0.0,6.038009564003728,-0.007994013121892895,0.0,0.0
0.0,0.0,5.698726001056231,-0.006753258797224335,0.0,0.0
0.0,0.0,5.596178625186258,-0.010363596684995284,0.0,0.0
0.0,0.0,5.840040737165376,-0.007396603669595431,0.0,0.0
0.0,0.0,5.677072569634299,-0.00902129807416124,0.0,0.0
0.0,0.0,5.103598572816016,-0.01295267727998733,0.0,0.0
0.0,0.0,5.260363609592458,-0.005957223654953962,0.0,0.0
0.0,0.0,5.674276197522194,0.0,0.0,0.0
0.0,0.0,4.877761480267579,-0.005228149136287464,0.0,0.0
0.0,0.0,5.327367424649322,-0.008061902299894307,0.0,0.0
0.0,0.0,5.472620762316764,-0.007831409033112023,0.0,0.0
0.0,0.0,4.95023874935519,-0.01815565925686863,0.0,0.0
0.0,0.0,5.327228391100734,-0.012279546070751698,0.0,0.0
0.0,0.0,5.533041807546039,-0.018798796577573506,0.0,0.0
0.0,-0.012285263960447875,5.592669337166185,-0.021486485339178026,0.0,0.0
0.0,0.0,5.748801779706413,-0.019443011731661273,0.0,0.0
0.0,0.0,5.690826545732705,-0.023184475788696483,0.0,-8.957684279776277e-05
0.0,0.0,5.832618858055669,-0.008369106067882968,0.0,0.0
0.0,0.0,5.983620335735299,-0.011933252128957666,0.0,0.0
0.0,0.0,5.571064886601066,-0.023038282006859853,0.0,0.0
0.0,0.0,5.626923743087984,-0.021368478185970215,0.0,0.0
0.0,0.0,6.16703622103233,-0.013077556847901444,0.0,-0.00022535245529399666
0.0,0.0,5.990464329595256,-0.009339606849409585,0.0,0.0
0.0,0.0,6.127909770045557,-0.0054509876218750905,0.0,-0.00021122182509017543
0.0,0.0,6.053581606145876,-0.0046533282948167335,0.0,0.0
0.0,0.0,6.353077313188484,-0.007184775545205871,0.0,0.0
0.0,0.0,6.3033111406369855,-0.017852350450661292,0.0,0.0
0.0,-0.07560257076658285,5.509442275120385,-0.04177493981322782,0.0,0.0
0.0,0.0,5.353846972953635,-0.042221236998302866,0.0,0.0
0.0,0.0,5.714093921626831,-0.010008004695108994,0.0,0.0
0.0,0.0,5.384211394798868,0.0,0.0,0.0
0.0,0.0,4.935085660474404,0.0,-0.0011849314954998985,0.0
0.0,0.0,4.935085660474404,0.0,-0.0011849314954998985,0.0
0.0,0.0,4.818891750892351,0.0,0.0,0.0
0.0,0.0,4.894127962870889,0.0,0.0,0.0
0.0,0.0,4.227958875811513,-0.01716577165813857,0.0,0.0
0.0,0.0,4.635550307034455,-0.015139366002400173,0.0,0.0
0.0,0.0,4.836231408507119,-0.01880052484897842,0.0,0.0
0.0,0.0,4.323470252220553,-0.02483952073389954,0.0,0.0
0.0,0.0,4.5909954284435655,-0.0020937594835933873,0.0,0.0
0.0,0.0,5.26677837792506,0.0,0.0,0.0
0.0,0.0,5.275385591800234,0.0,0.0,0.0
0.0,0.0,5.407473877988393,-0.005646546399148835,0.0,0.0
0.0,-0.11682180202908568,5.58745359899095,-0.020697586253735006,0.0,0.0
0.0,-0.6270759962231924,5.20676906833739,-0.046105671875737345,0.0,0.0
0.0,-0.6473103958856956,5.963379001057038,-0.049996763790187485,0.0,0.0
0.0,-0.7575955294349971,5.5004278956969745,-0.05532734051107184,0.0,0.0
0.0,-0.5204537216022093,4.920628024273277,-0.05696901133029721,0.0025537581287073665,0.0
0.0,0.0,5.569090520962369,-0.018051358013174073,0.0,0.0
0.0,0.0,5.64045451891211,-0.007357991715907762,0.0,0.0
0.0,0.0,5.179588935785709,-0.0043722281204889414,0.0,0.0
0.0,0.0,5.0241885020207935,-0.005773881199777092,0.0,-1.0452446589952575e-05
0.0,0.0,4.83803703787734,-0.009176431248902037,0.0,0.0
0.0,0.0,5.21911661344927,-0.014793668082658274,0.0,0.0
0.0,0.0,5.1506621529532834,-0.029302228691353082,0.0,0.0
0.0,-0.05038384287793006,4.33680955753246,-0.035067906796194384,0.0,0.0
0.0,0.0,4.9660714218385795,-0.02335783489502988,0.0,0.0
0.0,0.0,5.067687124436424,-0.010287654700378972,0.0,0.0
0.0,0.0,4.901413563349111,-0.010908592128258723,0.0,0.0
0.0,0.0,4.6309314949903015,-0.014880909348750587,0.0,0.0
0.0,0.0,4.636996865535509,-0.02104421659998228,0.0,0.0
0.0,0.0,4.516257792807182,-0.02021466599268446,0.0,0.0
0.0,0.0,4.9499824488599495,-0.01610306056092884,0.0,0.0
0.0,0.0,4.148725459882896,-0.018530193457930284,0.0,0.0
0.0,0.0,4.66434775145566,-0.012510820324015312,0.0,0.0
0.0,0.0,4.926724770939062,-0.013402814058489915,0.0,0.0
0.0,-0.10362938825356968,4.230259828297021,-0.02770853790844536,0.0,0.0
0.0,0.0,4.556285894535858,-0.018103860378308214,0.0,0.0
0.0,0.0,5.143267055438105,-0.008430910039537404,0.0,0.0
0.0,0.0,4.94051629716841,-0.01917734489127953,0.0,0.0
0.0,-0.10043143432748476,4.458050981820624,-0.02980743888981386,0.0,0.0
0.0,0.0,4.8081191918000075,-0.019900637147506162,0.0,0.0
0.0,0.0,5.215563258042451,-0.012390096523706175,0.0,0.0
0.0,0.0,5.869573403519692,0.0,0.0,0.0
0.0,0.0,5.482396870073524,-0.014620498043895888,0.0,0.0
0.0,-0.1771025016561076,4.986931988677396,-0.04504145932242655,0.0,0.0
0.0,-0.3356005321498228,5.504910655136156,-0.033255695470381104,0.0,0.0
0.0,-0.16601743329521837,5.498522869989256,-0.04010855382514123,0.000954151262443133,0.0
0.0,-0.34394469433633235,4.999596135011747,-0.04404885713197569,0.0,0.0
0.0,0.0,5.096347566227681,-0.02350186829354505,0.0,0.0
0.0,0.0,5.107936341395037,-0.002200770648664456,0.0,0.0
0.0,0.0,5.3132183197365865,0.0,0.0,0.0
0.0,0.0,5.290842325457268,0.0,0.0,0.0
0.0,0.0,4.655594799322818,-0.0024305001714349734,0.0,0.0
0.0,0.0,4.865300076385307,-0.006844198627115291,0.0,0.0
0.0,0.0,5.112345514841206,-0.0131584421072457,0.0,0.0
0.0,-0.06855125514100383,4.2638180103189764,-0.020571934850597193,0.0,0.0
0.0,0.0,4.302517290872081,-0.011137787673469832,0.0,0.0
0.0,0.0,4.734368325911075,-0.008923673701255241,0.0,0.0
0.0,0.0,4.568717473100017,-0.0023658548615066322,0.0,0.0
0.0,0.0,4.4034506310814,-0.0015635496193349724,0.0,0.0
0.0,0.0,4.365391325051388,-0.004975967879665098,0.0,0.0
0.0,0.0,4.253906850240548,-0.004948685514153993,0.0,0.0
0.0,0.0,4.737321367447561,-0.011183240121176417,0.0,0.0
0.0,-0.45084669723365545,4.154680333827464,-0.038997546475565144,0.0,0.0
0.0,-1.007845197595674,3.3389015900753165,-0.06798365908866626,0.0067064841790004754,0.0
0.0,-0.1787483848682111,3.7812829225741376,-0.03352274507651137,0.0,0.0
0.0,0.0,4.186289245486271,-0.016042740040009756,0.0,0.0
0.0,0.0,3.726377434846389,-0.004683880782292434,0.0,0.0
0.0,0.0,3.949019405520879,0.0,0.0,0.0
0.0,0.0,4.3470162417212155,0.0,0.0,0.0
0.0,0.0,4.4926120230583475,0.0,0.0,0.0
0.0,-0.0018103229497319136,4.278829047694688,-0.015492321069695928,0.0,0.0
0.0,-0.4825750273089139,3.979522673135727,-0.03713267428802055,0.0,0.0
0.0,-0.5527211803246808,4.166153722802814,-0.04338668048945675,0.00027346997586939596,0.0
0.0,0.0,4.679554734873659,-0.026646647507795586,0.0,0.0
0.0,0.0,4.497862806377411,-0.02130929721899777,0.0,0.0
0.0,-0.03497284849446298,4.460656668159311,-0.015346166019274177,0.0,0.0
0.0,0.0,4.163113564215399,-0.01018943499100619,0.0,0.0
0.0,0.0,4.264855340592296,-0.012620213117077944,0.0,0.0
0.0,-0.2164638246957117,4.251003357521405,-0.030145370103183265,0.0,0.0
0.0,-0.4098373640875267,3.560789488440632,-0.053762055675790045,0.0,0.0
0.0,-0.46449213559373365,3.6681427482492692,-0.04149764413358895,0.0,0.0
0.0,-0.3068007599570967,3.6339255952360476,-0.03728943500418934,0.0,0.0
0.0,-0.2584993318876809,3.3099193922063264,-0.03647910991402886,0.0,0.0
0.0,0.0,3.377719730183312,-0.014702738781313191,0.0,0.0
0.0,0.0,3.3426301123878064,-0.0016690383747631759,0.0,0.0
0.0,0.0,3.280710241955906,0.0,0.0,0.0
0.0,0.0,3.205737972364786,0.0,0.0,0.0
0.0,0.0,3.320230313357437,0.0,0.0,0.0
0.0,0.0,2.8233012128405717,-0.012660798919091512,0.0,0.0
0.0,0.0,3.1235284276352067,-0.016252030829263846,0.0,0.0
0.0,-0.03995145942056515,3.0588700967294464,-0.0281133993500207,0.0,0.0
0.0,-0.1896019193926625,2.7393825971455885,-0.0439921351851927,0.0,0.0
0.0,-0.12683201624231516,2.380778996078477,-0.022711602000712032,0.0,0.0
0.0,0.0,2.9519269539741293,-0.001336049285726392,0.0,0.0
0.0,0.0,3.007388858917737,0.0,0.0,0.0
0.0,0.0,2.7469773871503644,-0.0016397477879568603,0.0,0.0
0.0,0.0,2.8613588341781044,-0.003080379094795756,0.0,0.0
0.0,0.0,2.987042004781221,-0.009258793428657722,0.0,0.0
0.0,-0.04717694403881644,2.838760559868791,-0.016907377607575286,0.0,0.0
0.0,0.0,2.758459957724792,-0.017868403015261394,0.0,0.0
0.0,0.0,2.6981639289782873,-0.022610345843767414,0.0,0.0
0.0,0.0,2.717344923715232,-0.005784029088401034,0.0,0.0
0.0,0.0,3.016142415419078,0.0,0.0,0.0
0.0,0.0,3.157167102588221,0.0,0.0,0.0
0.0,0.0,2.718900227610334,-0.0019143927286899977,0.0,0.0
0.0,0.0,2.803237791655568,-0.009377618974924264,0.0,0.0
0.0,0.0,2.9138367724021728,-0.020389255408499642,0.0,0.0
0.0,-0.3235954256714102,2.6269180522956113,-0.045579352951436405,0.0,0.0
0.0,-0.391397303624665,2.4329114501990095,-0.04095679818644295,0.0,0.0
0.0,0.0,2.329911902940923,-0.016892794649686703,0.0,0.0
0.0,0.0,2.6236713373862233,0.0,0.0,0.0
0.0,0.0,2.7857002092080947,0.0,0.0,0.0
0.0,0.0,2.562348880074667,0.0,0.0,0.0
0.0,0.0,2.6426756910446096,0.0,0.0,0.0
0.0,0.0,2.4590521043840177,0.0,0.0,0.0
0.0,0.0,2.4545289757461055,-0.01113232079172504,0.0,0.0
0.0,0.0,2.3551635952136736,-0.01955360733290386,0.0,0.0
0.0,0.0,2.4221936975957044,-0.010758472523880595,0.0,0.0
0.0,0.0,2.4998981722938054,-0.005313868290673183,0.0,0.0
0.0,0.0,2.6708613331835442,0.0,0.0,0.0
0.0,0.0,2.9510433957261446,0.0,0.0,0.0
0.0,0.0,2.6507424054806656,0.0,0.0,0.0
0.0,0.0,2.5357194923196915,-0.008991206473298718,0.0,0.0
0.0,0.0,2.7099558509625945,-0.011358758608331427,0.0,0.0
0.0,0.0,2.98464500902268,-0.012295794120752424,0.0,0.0
0.0,-0.24502798801793801,2.6029330762689282,-0.026958676856481095,0.0,0.0
0.0,-0.17223657504058668,2.628911460501166,-0.022082967198844554,0.0,0.0
0.0,0.0,2.643166976780127,-0.007104329189816662,0.0,0.0
0.0,0.0,2.8915291469229443,-0.002635297618218408,0.0,0.0
0.0,0.0,2.522561374454316,-0.00578241642537717,0.0,0.0
0.0,0.0,2.3926597816327906,-0.00240954546446276,0.0,0.0
0.0,0.0,2.5454443950619683,0.0,0.0,0.0
0.0,0.0,2.670197677457358,-0.00032016695389715846,0.0,0.0
0.0,0.0,2.4529464359353974,-0.0010217666391676209,0.0,0.0
0.0,0.0,2.5549904749898475,0.0,0.0,0.0
0.0,0.0,2.8940233845191656,0.0,0.0,0.0
0.0,0.0,2.4779156450726587,-0.01170344464114104,0.0,0.0
0.0,0.0,2.245938187680374,-0.0247585564620529,0.0,0.0
0.0,0.0,2.1998393104356997,-0.012915137732631237,0.0,0.0
0.0,0.0,2.2933886877888288,-0.0020857812698524677,0.0,0.0
0.0,0.0,2.383176455264276,0.0,0.0,0.0
0.0,0.0,1.9750164664107412,0.0,0.0,0.0
0.0,0.0,1.8462500664890578,0.0,0.0,0.0
0.0,0.0,2.521110290381195,0.0,0.0,0.0
0.0,0.0,2.2919026300398184,0.0,0.0,0.0
0.0,0.0,1.8075687909457812,-0.007053278943771044,0.0,0.0
0.0,0.0,2.2374745771242788,-8.850232947161918e-05,0.0,0.0
0.0,0.0,2.5744288722180277,0.0,0.0,0.0
0.0,0.0,2.270919704861735,0.0,0.0,0.0
0.0,0.0,2.2402769395466287,0.0,0.0,0.0
0.0,0.0,2.841163368879095,0.0,0.0,0.0
0.0,0.0,2.990258645524917,0.0,0.0,0.0
0.0,0.0,2.623046407683926,0.0,0.0,0.0
0.0,0.0,2.792031403268678,-0.0013384061222953094,0.0,0.0
0.0,0.0,3.1741240082549327,-0.009239714111466119,0.0,0.0
0.0,0.0,2.8600541267388992,-0.02551232940704181,0.0,0.0
0.0,-0.04156719911243252,2.548273157718744,-0.027602167975843712,0.0,0.0
0.0,0.0,2.7522406167953095,-0.001102278014698889,0.0,0.0
0.0,0.0,3.0107721341123836,0.0,0.0,0.0
0.0,0.0,2.588823670839653,0.0,0.0,0.0
0.0,0.0,2.2770912765251503,0.0,0.0,0.0
0.0,0.0,2.435507557399304,0.0,0.0,0.0
0.0,0.0,3.1397618800632783,0.0,0.0,0.0
0.0,0.0,2.4596641245170257,-0.0014920985993194442,0.0,0.0
0.0,0.0,2.151255297530985,-0.0027388850124378692,0.0,0.0
0.0,0.0,2.432285673137523,0.0,0.0,0.0
0.0,0.0,2.4617833007752714,0.0,0.0,0.0
0.0,0.0,2.366176510226436,0.0,0.0,0.0
0.0,0.0,1.9797715587020062,0.0,0.0,0.0
0.0,0.0,2.692897282719916,0.0,0.0,0.0
0.0,0.0,2.681427585317377,0.0,0.0,0.0
0.0,0.0,2.068507403625778,0.0,0.0,0.0
0.0,0.0,2.04914683528088,-0.0032937789481901256,0.0,0.0
0.0,0.0,2.633469681496911,0.0,0.0,0.0
0.0,0.0,2.7823302532325207,0.0,0.0,0.0
0.0,0.0,2.305952667082283,0.0,0.0007746198778939441,0.0
0.0,0.0,2.3463672085016687,0.0,0.0013097027073172998,0.0
0.0,0.0,2.351955469206062,0.0,0.002719982043246281,0.0
0.0,0.0,2.430556574363983,0.0,0.0,0.0
0.0,0.0,2.351542997339553,0.0,0.0,0.0
0.0,0.0,2.101715073274197,0.0,0.0,0.0
0.0,0.0,2.1334019976130323,0.0,0.0,0.0
0.0,0.0,2.3153728052079017,0.0,0.0,0.0
0.0,0.0,2.0329682747602447,-0.0009276048728793686,0.001466100107363148,0.0
0.0,0.0,1.8821213548874425,-0.00013943660897132343,0.0,0.0
0.0,0.0,2.3896528613788357,0.0,0.0,0.0
0.0,0.0,2.2257994290050513,0.0,0.0,0.0
0.0,0.0,2.0243704615865523,0.0,0.0,0.0
0.0,0.0,1.7306034588933463,0.0,0.0,0.0
0.0,0.0,1.85710817437007,0.0,0.0,0.0
0.0,0.0,1.8589289515126424,0.0,0.0,0.0
0.0,0.0,1.7151575305297027,0.0,0.0,0.0
0.0,0.0,1.6623586544021993,0.0,0.0,0.0
0.0,0.0,1.8207937741742675,0.0,0.0,0.0
0.0,0.0,2.02266407299244,0.0,0.0,0.0
0.0,0.0,1.6668131435338913,0.0,0.0,0.0
0.0,0.0,1.5458122316711465,-0.0011462169888247584,0.0,0.0
0.0,0.0,1.6535607358182893,0.0,0.0,0.0
0.0,0.0,1.7543375469519866,0.0,0.0,0.0
0.0,0.0,1.2529810139568913,0.0,0.0,0.0
0.0,0.0,1.4789210701313853,0.0,0.0,0.0
0.0,0.0,1.9553957106794286,0.0,0.0,0.0
0.0,0.0,1.7021022718482264,0.0,0.0,0.0
0.0,0.0,1.2483221742528159,-0.007293979361018575,0.0,0.0
0.0,0.0,1.1896462427518977,-0.00434044202266574,0.0,0.0
0.0,0.0,1.4505315498521552,0.0,0.0009105074386113958,0.0
0.0,0.0,1.1438112921802015,-0.0048839422400436825,0.005835924160694386,0.0
0.0,0.0,0.7490333489500424,-0.003594784504546312,0.004325987829292831,0.0
0.0,0.0,0.6565644768296117,0.0,0.0,0.0
0.0,0.0,1.1275221864259297,0.0,0.0,0.0
0.0,0.0,0.9613276439813628,0.0,0.0,0.0
0.0,0.0,0.80733643338519,0.0,0.0,0.0
0.0,0.0,0.928723420543011,0.0,0.0,0.0
0.0,0.0,1.0237165614400983,0.0,0.0,0.0
0.0,0.0,0.9530940258028012,0.0,0.00046691636392515455,0.0
0.0,0.0,0.805852269633664,-0.005282486560632302,0.004777927061367522,0.0
0.0,0.0,0.89569973433514,-0.00760753853344445,0.007420580575064471,0.0
0.0,0.0,0.880846555011038,0.0,0.0036530444244955115,0.0
0.0,0.0,0.8981099174653338,0.0,0.0,0.0
0.0,0.0,0.8047494249503003,0.0,0.0,0.0
0.0,0.0,0.8468381062913475,0.0,0.0,0.0
0.0,0.0,0.8360185093909955,0.0,0.0,0.0
0.0,0.0,0.6053677707505754,-0.00029584078744579424,0.0012451647384440613,0.0
0.0,0.0,0.7306564960539365,-0.006162425741778014,0.003197565337355177,0.0
0.0,0.0,0.608928866196736,-0.003186111236764809,0.002939152204721069,0.0
0.0,0.0,0.47917440920230003,-0.001823785329374408,0.0013521473098206224,0.0
0.0,0.0,0.28632054803646134,-0.002680658484375374,0.0,0.0
0.0,0.0,0.32226566476313845,0.0,0.0,0.0
0.0,0.0,0.3282560372994848,0.0,0.0,0.0
0.0,0.0,0.22652733746287593,0.0,0.0,0.0
0.0,0.0,0.08040977185954637,0.0,0.0,0.0
0.0,0.0,0.016415875614270485,0.0,0.0,0.0
0,0,0,0,0,0
0,0,0,0,0,0
0,0,0,0,0,0
0.0,0.0,0.0,-0.0003287303471945803,0.0,0.0
0.0,0.0,0.20283161054965113,0.0,0.0,0.0
0.0,0.0,0.19677995966484027,0.0,0.0,0.0
0.0,0.0,0.27119493157236496,0.0,0.0,0.0
0.0,0.0,0.18383550815742555,-0.0034669146595991468,0.0014461394180263867,0.0
0.0,0.0,0.012921851275850188,-0.021520277979103934,0.016992586789975162,0.0
0.0,0.0,0.0,-0.013671450659210455,0.0064976341247516166,0.0
0.0,0.0,0.00024653612573765737,-0.001742064573595843,0.0014879139960177336,0.0
0,0,0,0,0,0
0,0,0,0,0,0
0,0,0,0,0,0
0,0,0,0,0,0
0,0,0,0,0,0
0,0,0,0,0,0
0.0,0.0,0.0,-0.0006959747689294327,0.0,0.0
0.0,0.0,0.0,-0.006763543674904636,0.0,0.0
0.0,0.0,0.0,-0.003164642735886152,0.0,0.0
0,0,0,0,0,0
0,0,0,0,0,0
0,0,0,0,0,0
0,0,0,0,0,0
0,0,0,0,0,0
0,0,0,0,0,0
0.0,0.0,0.0,-0.0003308631592260717,0.0,0.0
0.0,0.0,0.0,-0.007931170549053932,0.0,0.0
0.0,-0.06841906345098087,0.0,-0.012359528871528538,0.0,0.0
0.0,-0.06849521129527375,0.0,-0.005425009462336918,0.0,0.0
0.0,0.0,0.0,-0.0074214408959432845,0.0006796718852465006,0.0
0.0,0.0,0.0,-0.005786697658761094,0.0,0.0
0.0,0.0,0.0,-0.0034129164128156573,0.0,0.0
0,0,0,0,0,0
0,0,0,0,0,0
0,0,0,0,0,0
0,0,0,0,0,0
0,0,0,0,0,0
0,0,0,0,0,0
0,0,0,0,0,0
0,0,0,0,0,0
0,0,0,0,0,0
0,0,0,0,0,0
0.0,0.0,0.0,-0.008150636085215195,0.0,0.0
0.0,-0.20092726768582997,0.0,-0.015375361255105519,0.0,0.0
0.0,-0.2622355471868508,0.0,-0.020819881085293503,0.003947132296514959,0.0
0.0,-0.019765774078507364,0.0,-0.012403984867060174,0.0,0.0
0,0,0,0,0,0
0,0,0,0,0,0
0,0,0,0,0,0
0,0,0,0,0,0
0.0,0.0,0.0,-0.01064606070153425,0.0,0.0
0.0,0.0,0.0,-0.01410351205340829,0.0,0.0
0.0,-0.03608771205704603,0.0,-0.003917136301366196,0.0,0.0
0.0,-0.003438675574869656,0.0,-0.0036045139641623274,0.0,0.0
0.0,0.0,0.0,-0.006208592794082997,0.0,0.0
0,0,0,0,0,0
0,0,0,0,0,0
0,0,0,0,0,0
0.0,0.0,0.0,-0.0029201064921596147,0.0,0.0
0.0,0.0,0.0,-0.00167468419075868,0.0,0.0
0,0,0,0,0,0
0,0,0,0,0,0
0,0,0,0,0,0
0,0,0,0,0,0
0,0,0,0,0,0
0,0,0,0,0,0
0,0,0,0,0,0
0,0,0,0,0,0
0.0,0.0,0.0,-0.007049284474304035,0.0,0.0
0.0,0.0,0.0,-0.011083181443137802,0.0,0.0
0.0,0.0,0.0,-0.008063873753054434,0.0,0.0
0.0,0.0,0.0,-0.0024555436122721585,0.0,0.0
0,0,0,0,0,0
0,0,0,0,0,0
0,0,0,0,0,0
0.0,0.0,0.0,-0.004747862039182638,0.0,0.0
0,0,0,0,0,0
0,0,0,0,0,0
0,0,0,0,0,0
0,0,0,0,0,0
0,0,0,0,0,0
0,0,0,0,0,0
0,0,0,0,0,0
0,0,0,0,0,0
0,0,0,0,0,0
0,0,0,0,0,0
0,0,0,0,0,0
0,0,0,0,0,0
0.0,0.0,0.0,-0.0037974097993580787,0.0,0.0
0.0,0.0,0.0,-0.006511146289354633,0.0,0.0
0,0,0,0,0,0
0,0,0,0,0,0
0,0,0,0,0,0
0,0,0,0,0,0
0,0,0,0,0,0
0,0,0,0,0,0
0,0,0,0,0,0
0.0,0.0,0.0,-0.005087934771979908,0.0,0.0
0,0,0,0,0,0
0,0,0,0,0,0
0,0,0,0,0,0
0,0,0,0,0,0
0,0,0,0,0,0
0.0,0.0,0.0,-0.0051287391847473565,0.0009798738986077655,0.0
0.0,0.0,0.0,-0.003376259104035316,0.0018692962036480898,0.0
0,0,0,0,0,0
0,0,0,0,0,0
0,0,0,0,0,0
0,0,0,0,0,0
0,0,0,0,0,0
0,0,0,0,0,0
0,0,0,0,0,0
0,0,0,0,0,0
0,0,0,0,0,0
0,0,0,0,0,0
0,0,0,0,0,0
0,0,0,0,0,0
0,0,0,0,0,0
0,0,0,0,0,0
0.0,0.0,0.0,-0.00035522812637999064,0.0,0.0
0.0,0.0,0.0,-0.00895338364041097,0.0006835144952140658,0.0
0.0,0.0,0.0,-0.013133344091108093,0.0011974406269559762,0.0
0.0,0.0,0.0,-0.002915415857758954,0.0,0.0
0,0,0,0,0,0
0,0,0,0,0,0
0,0,0,0,0,0
0,0,0,0,0,0
0,0,0,0,0,0
0,0,0,0,0,0
0,0,0,0,0,0
0,0,0,0,0,0
0,0,0,0,0,0
0,0,0,0,0,0
0,0,0,0,0,0
0,0,0,0,0,0
0,0,0,0,0,0
0,0,0,0,0,0
0.0,0.0,0.0,-0.0038418183469110024,0.0,0.0
0.0,0.0,0.0,-0.0093058273430772,0.0,0.0
0.0,0.0,0.0,-0.002570591914426428,0.0005895502240405329,0.0
0.0,0.0,0.0,-0.0028295104240632575,0.0,0.0
0,0,0,0,0,0
0,0,0,0,0,0
0,0,0,0,0,0
0,0,0,0,0,0
0,0,0,0,0,0
0.0,0.0,0.0,-5.762471262115612e-05,0.0,0.0
0.0,0.0,0.0,-5.762471262115612e-05,0.0,0.0
0,0,0,0,0,0
0,0,0,0,0,0
0,0,0,0,0,0
0,0,0,0,0,0
0,0,0,0,0,0
0,0,0,0,0,0
0,0,0,0,0,0
0.0,0.0,0.0,-0.0023782459930721824,0.0015580568665650122,0.0
0.0,0.0,0.0,-0.011271359319456387,0.006088535950228241,0.0
0.0,0.0,0.0,-0.008883726443712792,0.006772468460240252,0.0
0.0,0.0,0.0,-0.005376477697526837,0.0011435350725046715,0.0
0,0,0,0,0,0
0,0,0,0,0,0
0,0,0,0,0,0
0,0,0,0,0,0
0,0,0,0,0,0
0,0,0,0,0,0
0.0,0.0,0.0,-0.004260052610703203,0.0,0.0
0.0,0.0,0.0,-0.0038589265117389485,0.0,0.0
0,0,0,0,0,0
0,0,0,0,0,0
0,0,0,0,0,0
0,0,0,0,0,0
0,0,0,0,0,0
0,0,0,0,0,0
0,0,0,0,0,0
0,0,0,0,0,0
0,0,0,0,0,0
0,0,0,0,0,0
0,0,0,0,0,0
0,0,0,0,0,0
0,0,0,0,0,0
0.0,0.0,0.0,-0.00362048425667306,0.0,0.0
0.0,0.0,0.0,-0.005358864706389874,0.0,0.0
0.0,0.0,0.0,-0.0038157140229621404,0.0,0.0
0,0,0,0,0,0
0,0,0,0,0,0
0,0,0,0,0,0
0,0,0,0,0,0
0,0,0,0,0,0
0,0,0,0,0,0
0.0,0.0,0.0,-0.0006763119427288111,0.0,0.0
0.0,0.0,0.0,-0.002895356081981839,0.0,0.0
0,0,0,0,0,0
0,0,0,0,0,0
0,0,0,0,0,0
0,0,0,0,0,0
0,0,0,0,0,0
0,0,0,0,0,0
0,0,0,0,0,0
0,0,0,0,0,0
0.0,0.0,0.0,-8.132063890446921e-05,0.0,0.0
0,0,0,0,0,0
0,0,0,0,0,0
0.0,0.0,0.0,-0.0016085593613418484,0.0,0.0
0.0,0.0,0.0,-0.001896244751488079,0.0,0.0
0.0,0.0,0.0,-0.002641603778084009,0.0,0.0
0,0,0,0,0,0
0,0,0,0,0,0
0,0,0,0,0,0
0,0,0,0,0,0
0,0,0,0,0,0
0,0,0,0,0,0
0.0,0.0,0.0,-0.0017464477193366104,0.0,0.0
0,0,0,0,0,0
0.0,0.0,0.0,-0.002810165193495255,0.0,0.0
0.0,0.0,0.0,-0.0011167425507872535,0.0,0.0
0,0,0,0,0,0
0,0,0,0,0,0
0,0,0,0,0,0
0,0,0,0,0,0
0,0,0,0,0,0
0,0,0,0,0,0
0,0,0,0,0,0
0,0,0,0,0,0
0,0,0,0,0,0
0,0,0,0,0,0
0,0,0,0,0,0
0,0,0,0,0,0
0,0,0,0,0,0
0,0,0,0,0,0
0.0,0.0,0.0,-0.0016414333693862547,0.0,0.0
0.0,0.0,0.0,-0.002797212967418115,0.0,0.0
0.0,0.0,0.0,-0.0005994525524604425,0.0,0.0
0,0,0,0,0,0
0,0,0,0,0,0
0,0,0,0,0,0
0,0,0,0,0,0
0,0,0,0,0,0
0,0,0,0,0,0
0.0,0.0,0.0,-0.001216942078580285,0.0,0.0
0,0,0,0,0,0
0,0,0,0,0,0
0,0,0,0,0,0
0,0,0,0,0,0
0,0,0,0,0,0
0,0,0,0,0,0
0,0,0,0,0,0
0.0,0.0,0.0,-0.001023765524804324,0.0,0.0
0.0,0.0,0.0,-0.006721643897392222,0.0,0.0
0.0,0.0,0.0,-0.003313630748724524,0.0,0.0
0.0,0.0,0.0,-2.2090937917875923e-05,0.0,0.0
0,0,0,0,0,0
0,0,0,0,0,0
0,0,0,0,0,0
0,0,0,0,0,0
0,0,0,0,0,0
0,0,0,0,0,0
0,0,0,0,0,0
0,0,0,0,0,0
0,0,0,0,0,0
0,0,0,0,0,0
0,0,0,0,0,0
0,0,0,0,0,0
0,0,0,0,0,0
0,0,0,0,0,0
0.0,0.0,0.0,-0.002726609487481374,0.0,0.0
0.0,0.0,0.0,-0.0015130371877604613,0.0,0.0
0.0,0.0,0.0,-0.003074965873701882,0.0,0.0
0.0,0.0,0.0,-0.0025750758655217337,0.0,0.0
0,0,0,0,0,0
0,0,0,0,0,0
0,0,0,0,0,0
0,0,0,0,0,0
0,0,0,0,0,0
0,0,0,0,0,0
0,0,0,0,0,0
0,0,0,0,0,0
0,0,0,0,0,0
0,0,0,0,0,0
0,0,0,0,0,0
0,0,0,0,0,0
0,0,0,0,0,0
0,0,0,0,0,0
0.0,0.0,0.0,-0.00043949976335912893,0.0,0.0
0.0,0.0,0.0,-0.003282000006854575,0.0,0.0
0,0,0,0,0,0
0,0,0,0,0,0
0,0,0,0,0,0
0,0,0,0,0,0
0,0,0,0,0,0
0,0,0,0,0,0
0,0,0,0,0,0
0,0,0,0,0,0
0,0,0,0,0,0
0,0,0,0,0,0
0,0,0,0,0,0
0,0,0,0,0,0
0,0,0,0,0,0
0,0,0,0,0,0
0,0,0,0,0,0
0,0,0,0,0,0
0,0,0,0,0,0
0,0,0,0,0,0
0,0,0,0,0,0
0.0,0.0,0.0,-0.0008284878622672487,0.0,0.0
0,0,0,0,0,0
0,0,0,0,0,0
0,0,0,0,0,0
0,0,0,0,0,0
0,0,0,0,0,0
0,0,0,0,0,0
0,0,0,0,0,0
0,0,0,0,0,0
0,0,0,0,0,0
0,0,0,0,0,0
0,0,0,0,0,0
0,0,0,0,0,0
0,0,0,0,0,0
0,0,0,0,0,0
0,0,0,0,0,0
0,0,0,0,0,0
0,0,0,0,0,0
0,0,0,0,0,0
0,0,0,0,0,0
0,0,0,0,0,0
0,0,0,0,0,0
0,0,0,0,0,0
0,0,0,0,0,0
0,0,0,0,0,0
0,0,0,0,0,0
0,0,0,0,0,0
0,0,0,0,0,0
0,0,0,0,0,0
0,0,0,0,0,0
0,0,0,0,0,0
0,0,0,0,0,0
0,0,0,0,0,0
0,0,0,0,0,0
0,0,0,0,0,0
0,0,0,0,0,0
0,0,0,0,0,0
0,0,0,0,0,0
0,0,0,0,0,0
0,0,0,0,0,0
0,0,0,0,0,0
0,0,0,0,0,0
0,0,0,0,0,0
0,0,0,0,0,0
0,0,0,0,0,0
0,0,0,0,0,0
0,0,0,0,0,0
0,0,0,0,0,0
0,0,0,0,0,0
0,0,0,0,0,0
0,0,0,0,0,0
0,0,0,0,0,0
0,0,0,0,0,0
0,0,0,0,0,0
0,0,0,0,0,0
0,0,0,0,0,0
0,0,0,0,0,0
0,0,0,0,0,0
0,0,0,0,0,0
0,0,0,0,0,0
0,0,0,0,0,0
0,0,0,0,0,0
0,0,0,0,0,0
0,0,0,0,0,0
0,0,0,0,0,0
0,0,0,0,0,0
0,0,0,0,0,0
0,0,0,0,0,0
0,0,0,0,0,0
0,0,0,0,0,0
0,0,0,0,0,0
0,0,0,0,0,0
0,0,0,0,0,0
0,0,0,0,0,0
0,0,0,0,0,0
0,0,0,0,0,0
0,0,0,0,0,0
0,0,0,0,0,0
0,0,0,0,0,0
0,0,0,0,0,0
0,0,0,0,0,0
0,0,0,0,0,0
0,0,0,0,0,0
0,0,0,0,0,0
0,0,0,0,0,0
0,0,0,0,0,0
0,0,0,0,0,0
0,0,0,0,0,0
0,0,0,0,0,0
0,0,0,0,0,0
0,0,0,0,0,0
0,0,0,0,0,0
0,0,0,0,0,0
0,0,0,0,0,0
0,0,0,0,0,0
0,0,0,0,0,0
0,0,0,0,0,0
0,0,0,0,0,0
0,0,0,0,0,0
0,0,0,0,0,0
0,0,0,0,0,0
0,0,0,0,0,0
0,0,0,0,0,0
0,0,0,0,0,0
0,0,0,0,0,0
0,0,0,0,0,0
0,0,0,0,0,0
0,0,0,0,0,0
0,0,0,0,0,0
0,0,0,0,0,0
0,0,0,0,0,0
0,0,0,0,0,0
0,0,0,0,0,0
0,0,0,0,0,0
0,0,0,0,0,0
0,0,0,0,0,0
0,0,0,0,0,0
0,0,0,0,0,0
0,0,0,0,0,0
0,0,0,0,0,0
0,0,0,0,0,0
0,0,0,0,0,0
0,0,0,0,0,0
0,0,0,0,0,0
0,0,0,0,0,0
0,0,0,0,0,0
0,0,0,0,0,0
0,0,0,0,0,0
0,0,0,0,0,0
0,0,0,0,0,0
0,0,0,0,0,0
0,0,0,0,0,0
0,0,0,0,0,0
0,0,0,0,0,0
0,0,0,0,0,0
0,0,0,0,0,0
0,0,0,0,0,0
0,0,0,0,0,0
0,0,0,0,0,0
0,0,0,0,0,0
0,0,0,0,0,0
0,0,0,0,0,0
0,0,0,0,0,0
0,0,0,0,0,0
0,0,0,0,0,0
0,0,0,0,0,0
0,0,0,0,0,0
0,0,0,0,0,0
0,0,0,0,0,0
0,0,0,0,0,0
0,0,0,0,0,0
0,0,0,0,0,0
0,0,0,0,0,0
0,0,0,0,0,0
0,0,0,0,0,0
0,0,0,0,0,0
0,0,0,0,0,0
0,0,0,0,0,0
0,0,0,0,0,0
0,0,0,0,0,0
0,0,0,0,0,0
0,0,0,0,0,0
0,0,0,0,0,0
0,0,0,0,0,0
0,0,0,0,0,0
0,0,0,0,0,0
0,0,0,0,0,0
0,0,0,0,0,0
0,0,0,0,0,0
0,0,0,0,0,0
0,0,0,0,0,0
0,0,0,0,0,0
0,0,0,0,0,0
0,0,0,0,0,0
0,0,0,0,0,0
0,0,0,0,0,0
0,0,0,0,0,0
0,0,0,0,0,0
0,0,0,0,0,0
0,0,0,0,0,0
0,0,0,0,0,0
0,0,0,0,0,0
0,0,0,0,0,0
0,0,0,0,0,0
0,0,0,0,0,0
0,0,0,0,0,0
0,0,0,0,0,0
0,0,0,0,0,0
0,0,0,0,0,0
0,0,0,0,0,0
0,0,0,0,0,0
0,0,0,0,0,0
0,0,0,0,0,0
0,0,0,0,0,0
0,0,0,0,0,0
0,0,0,0,0,0
0,0,0,0,0,0
0,0,0,0,0,0
0,0,0,0,0,0
0,0,0,0,0,0
0,0,0,0,0,0
0,0,0,0,0,0
0,0,0,0,0,0
0,0,0,0,0,0
0,0,0,0,0,0
0,0,0,0,0,0
0,0,0,0,0,0
0,0,0,0,0,0
0,0,0,0,0,0
0,0,0,0,0,0
0,0,0,0,0,0
0,0,0,0,0,0
0,0,0,0,0,0
0,0,0,0,0,0
0,0,0,0,0,0
0,0,0,0,0,0
0,0,0,0,0,0
0,0,0,0,0,0
0,0,0,0,0,0
0,0,0,0,0,0
0,0,0,0,0,0
0,0,0,0,0,0
0,0,0,0,0,0
0,0,0,0,0,0
0,0,0,0,0,0
0,0,0,0,0,0
0,0,0,0,0,0
0,0,0,0,0,0
0,0,0,0,0,0
0,0,0,0,0,0
0,0,0,0,0,0
0,0,0,0,0,0
0,0,0,0,0,0
0,0,0,0,0,0
0,0,0,0,0,0
0,0,0,0,0,0
0,0,0,0,0,0
0,0,0,0,0,0
0,0,0,0,0,0
0,0,0,0,0,0
0,0,0,0,0,0
0,0,0,0,0,0
0,0,0,0,0,0
0,0,0,0,0,0
0,0,0,0,0,0
0,0,0,0,0,0
0,0,0,0,0,0
0,0,0,0,0,0
0,0,0,0,0,0
0,0,0,0,0,0
0,0,0,0,0,0
0,0,0,0,0,0
0,0,0,0,0,0
0,0,0,0,0,0
0,0,0,0,0,0
0,0,0,0,0,0
0,0,0,0,0,0
0,0,0,0,0,0
0,0,0,0,0,0
0,0,0,0,0,0
0,0,0,0,0,0
0,0,0,0,0,0
0,0,0,0,0,0
0,0,0,0,0,0
0,0,0,0,0,0
0,0,0,0,0,0
0,0,0,0,0,0
0,0,0,0,0,0
0,0,0,0,0,0
0,0,0,0,0,0
0,0,0,0,0,0
0,0,0,0,0,0
0,0,0,0,0,0
0,0,0,0,0,0
0,0,0,0,0,0
0,0,0,0,0,0
0,0,0,0,0,0
0,0,0,0,0,0
0,0,0,0,0,0
0,0,0,0,0,0
0,0,0,0,0,0
0,0,0,0,0,0
0,0,0,0,0,0
0,0,0,0,0,0
0,0,0,0,0,0
0,0,0,0,0,0
0,0,0,0,0,0
0,0,0,0,0,0
0,0,0,0,0,0
0,0,0,0,0,0
0,0,0,0,0,0
0,0,0,0,0,0
0,0,0,0,0,0
0,0,0,0,0,0
0,0,0,0,0,0
0,0,0,0,0,0
0,0,0,0,0,0
0,0,0,0,0,0
0,0,0,0,0,0
0,0,0,0,0,0
0,0,0,0,0,0
0,0,0,0,0,0
0,0,0,0,0,0
0,0,0,0,0,0
0,0,0,0,0,0
0,0,0,0,0,0
0,0,0,0,0,0
0,0,0,0,0,0
0,0,0,0,0,0
0,0,0,0,0,0
0,0,0,0,0,0
0,0,0,0,0,0
0,0,0,0,0,0
0,0,0,0,0,0
0,0,0,0,0,0
0,0,0,0,0,0
0,0,0,0,0,0
0,0,0,0,0,0
0,0,0,0,0,0
0,0,0,0,0,0
0,0,0,0,0,0
0,0,0,0,0,0
0,0,0,0,0,0
0,0,0,0,0,0
0,0,0,0,0,0
0,0,0,0,0,0
0,0,0,0,0,0
0,0,0,0,0,0
0,0,0,0,0,0
0,0,0,0,0,0
0,0,0,0,0,0
0,0,0,0,0,0
0,0,0,0,0,0
0,0,0,0,0,0
0,0,0,0,0,0
0,0,0,0,0,0
0,0,0,0,0,0
0,0,0,0,0,0
0,0,0,0,0,0
0,0,0,0,0,0
0,0,0,0,0,0
0,0,0,0,0,0
0,0,0,0,0,0
0,0,0,0,0,0
0,0,0,0,0,0
0,0,0,0,0,0
0,0,0,0,0,0
0,0,0,0,0,0
0,0,0,0,0,0
0,0,0,0,0,0
0,0,0,0,0,0
0,0,0,0,0,0
0,0,0,0,0,0
0,0,0,0,0,0
0,0,0,0,0,0
0,0,0,0,0,0
0,0,0,0,0,0
0,0,0,0,0,0
0,0,0,0,0,0
0,0,0,0,0,0
0,0,0,0,0,0
0,0,0,0,0,0
0,0,0,0,0,0
0,0,0,0,0,0
0,0,0,0,0,0
0,0,0,0,0,0
0,0,0,0,0,0
0,0,0,0,0,0
0,0,0,0,0,0
0,0,0,0,0,0
0,0,0,0,0,0
0,0,0,0,0,0
0,0,0,0,0,0
0,0,0,0,0,0
0,0,0,0,0,0
0,0,0,0,0,0
0,0,0,0,0,0
0,0,0,0,0,0
0,0,0,0,0,0
0,0,0,0,0,0
0,0,0,0,0,0
0,0,0,0,0,0
0,0,0,0,0,0
0,0,0,0,0,0
0,0,0,0,0,0
0,0,0,0,0,0
0,0,0,0,0,0
0,0,0,0,0,0
0,0,0,0,0,0
0,0,0,0,0,0
0,0,0,0,0,0
0,0,0,0,0,0
0,0,0,0,0,0
0,0,0,0,0,0
0,0,0,0,0,0
0,0,0,0,0,0
0,0,0,0,0,0
0,0,0,0,0,0
0,0,0,0,0,0
0,0,0,0,0,0
0,0,0,0,0,0
0,0,0,0,0,0
0,0,0,0,0,0
0,0,0,0,0,0
0,0,0,0,0,0
0,0,0,0,0,0
0,0,0,0,0,0
0,0,0,0,0,0
0,0,0,0,0,0
0,0,0,0,0,0
0,0,0,0,0,0
0,0,0,0,0,0
0,0,0,0,0,0
0,0,0,0,0,0
0,0,0,0,0,0
0,0,0,0,0,0
0,0,0,0,0,0
0,0,0,0,0,0
0,0,0,0,0,0
0,0,0,0,0,0
0,0,0,0,0,0
0,0,0,0,0,0
0,0,0,0,0,0
0,0,0,0,0,0
0,0,0,0,0,0
0,0,0,0,0,0
0,0,0,0,0,0
0,0,0,0,0,0
0,0,0,0,0,0
0,0,0,0,0,0
0,0,0,0,0,0
0,0,0,0,0,0
0,0,0,0,0,0
0,0,0,0,0,0
0,0,0,0,0,0
0,0,0,0,0,0
0,0,0,0,0,0
0,0,0,0,0,0
0,0,0,0,0,0
0,0,0,0,0,0
0,0,0,0,0,0
0,0,0,0,0,0
0,0,0,0,0,0
0,0,0,0,0,0
0,0,0,0,0,0
0,0,0,0,0,0
0,0,0,0,0,0
0,0,0,0,0,0
0,0,0,0,0,0
0,0,0,0,0,0
0,0,0,0,0,0
0,0,0,0,0,0
0,0,0,0,0,0
0,0,0,0,0,0
0,0,0,0,0,0
0,0,0,0,0,0
0,0,0,0,0,0
0,0,0,0,0,0
0,0,0,0,0,0
0,0,0,0,0,0
0,0,0,0,0,0
0,0,0,0,0,0
0,0,0,0,0,0
0,0,0,0,0,0
0,0,0,0,0,0
0,0,0,0,0,0
0,0,0,0,0,0
0,0,0,0,0,0
0,0,0,0,0,0
0,0,0,0,0,0
0,0,0,0,0,0
0,0,0,0,0,0
0,0,0,0,0,0
0,0,0,0,0,0
0,0,0,0,0,0
0,0,0,0,0,0
0,0,0,0,0,0
0,0,0,0,0,0
0,0,0,0,0,0
0,0,0,0,0,0
0,0,0,0,0,0
0,0,0,0,0,0
0,0,0,0,0,0
0,0,0,0,0,0
0,0,0,0,0,0
0,0,0,0,0,0
0,0,0,0,0,0
0,0,0,0,0,0
0,0,0,0,0,0
0,0,0,0,0,0
0,0,0,0,0,0
0,0,0,0,0,0
0,0,0,0,0,0
0,0,0,0,0,0
0,0,0,0,0,0
0,0,0,0,0,0
0,0,0,0,0,0
0,0,0,0,0,0
0,0,0,0,0,0
0,0,0,0,0,0
0,0,0,0,0,0
0,0,0,0,0,0
0,0,0,0,0,0
0,0,0,0,0,0
0,0,0,0,0,0
0,0,0,0,0,0
0,0,0,0,0,0
0,0,0,0,0,0
0,0,0,0,0,0
0,0,0,0,0,0
0,0,0,0,0,0
0,0,0,0,0,0
0,0,0,0,0,0
0,0,0,0,0,0
0,0,0,0,0,0
0,0,0,0,0,0
0,0,0,0,0,0
0,0,0,0,0,0
0,0,0,0,0,0
0,0,0,0,0,0
0,0,0,0,0,0
0,0,0,0,0,0
0,0,0,0,0,0
0,0,0,0,0,0
0,0,0,0,0,0
0,0,0,0,0,0
0,0,0,0,0,0
0,0,0,0,0,0
0,0,0,0,0,0
0,0,0,0,0,0
0,0,0,0,0,0
0,0,0,0,0,0
0,0,0,0,0,0
0,0,0,0,0,0
0,0,0,0,0,0
0,0,0,0,0,0
0,0,0,0,0,0
0,0,0,0,0,0
0,0,0,0,0,0
0,0,0,0,0,0
0,0,0,0,0,0
0,0,0,0,0,0
0,0,0,0,0,0
0,0,0,0,0,0
0,0,0,0,0,0
0,0,0,0,0,0
0,0,0,0,0,0
0,0,0,0,0,0
0,0,0,0,0,0
0,0,0,0,0,0
0,0,0,0,0,0
0,0,0,0,0,0
0,0,0,0,0,0
0,0,0,0,0,0
0,0,0,0,0,0
0,0,0,0,0,0
0,0,0,0,0,0
0,0,0,0,0,0
0,0,0,0,0,0
0,0,0,0,0,0
0,0,0,0,0,0
0,0,0,0,0,0
0,0,0,0,0,0
0,0,0,0,0,0
0,0,0,0,0,0
0,0,0,0,0,0
0,0,0,0,0,0
0,0,0,0,0,0
0,0,0,0,0,0
0,0,0,0,0,0
0,0,0,0,0,0
0,0,0,0,0,0
0,0,0,0,0,0
0,0,0,0,0,0
0,0,0,0,0,0
0,0,0,0,0,0
0,0,0,0,0,0
0,0,0,0,0,0
0,0,0,0,0,0
0,0,0,0,0,0
0,0,0,0,0,0
0,0,0,0,0,0
0,0,0,0,0,0
0,0,0,0,0,0
0,0,0,0,0,0
0,0,0,0,0,0
0,0,0,0,0,0
0,0,0,0,0,0
0,0,0,0,0,0
0,0,0,0,0,0
0,0,0,0,0,0
0,0,0,0,0,0
0,0,0,0,0,0
0,0,0,0,0,0
0,0,0,0,0,0
0,0,0,0,0,0
0,0,0,0,0,0
0,0,0,0,0,0
0,0,0,0,0,0
0,0,0,0,0,0
0,0,0,0,0,0
0,0,0,0,0,0
0,0,0,0,0,0
0,0,0,0,0,0
0,0,0,0,0,0
0,0,0,0,0,0
0,0,0,0,0,0
0,0,0,0,0,0
0,0,0,0,0,0
0,0,0,0,0,0
0,0,0,0,0,0
0,0,0,0,0,0
0,0,0,0,0,0
0,0,0,0,0,0
0,0,0,0,0,0
0,0,0,0,0,0
0,0,0,0,0,0
0,0,0,0,0,0
0,0,0,0,0,0
0,0,0,0,0,0
0,0,0,0,0,0
0,0,0,0,0,0
0,0,0,0,0,0
0,0,0,0,0,0
0,0,0,0,0,0
0,0,0,0,0,0
0,0,0,0,0,0
0,0,0,0,0,0
0,0,0,0,0,0
0,0,0,0,0,0
0,0,0,0,0,0
0,0,0,0,0,0
0,0,0,0,0,0
0,0,0,0,0,0
0,0,0,0,0,0
0,0,0,0,0,0
0,0,0,0,0,0
0,0,0,0,0,0
0,0,0,0,0,0
0,0,0,0,0,0
0,0,0,0,0,0
0,0,0,0,0,0
0,0,0,0,0,0
0,0,0,0,0,0
0,0,0,0,0,0
0,0,0,0,0,0
0,0,0,0,0,0
0,0,0,0,0,0
0,0,0,0,0,0
0,0,0,0,0,0
0,0,0,0,0,0
0,0,0,0,0,0
0,0,0,0,0,0
0,0,0,0,0,0
0,0,0,0,0,0
0,0,0,0,0,0
0,0,0,0,0,0
0,0,0,0,0,0
0,0,0,0,0,0
0,0,0,0,0,0
0,0,0,0,0,0
0,0,0,0,0,0
0,0,0,0,0,0
0,0,0,0,0,0
0,0,0,0,0,0
0,0,0,0,0,0
0,0,0,0,0,0
0,0,0,0,0,0
0,0,0,0,0,0
0,0,0,0,0,0
0,0,0,0,0,0
0,0,0,0,0,0
0,0,0,0,0,0
0,0,0,0,0,0
0,0,0,0,0,0
0,0,0,0,0,0
0,0,0,0,0,0
0,0,0,0,0,0
0,0,0,0,0,0
0,0,0,0,0,0
0,0,0,0,0,0
0,0,0,0,0,0
