0,0,0,0,0,0
0,0,0,0,0,0
0,0,0,0,0,0
0,0,0,0,0,0
0,0,0,0,0,0
0,0,0,0,0,0
0,0,0,0,0,0
0,0,0,0,0,0
0,0,0,0,0,0
0,0,0,0,0,0
0,0,0,0,0,0
0,0,0,0,0,0
0,0,0,0,0,0
0,0,0,0,0,0
0,0,0,0,0,0
0,0,0,0,0,0
0,0,0,0,0,0
0,0,0,0,0,0
0,0,0,0,0,0
0,0,0,0,0,0
0,0,0,0,0,0
0,0,0,0,0,0
-0.03585998226505043,0.0,0.0,0.0,0.0,0.0
-0.10296654629918467,0.0,0.0,0.0,0.0,0.0
-0.041399928900186504,0.0,0.0,0.0,0.0,0.0
-0.1996046638455034,0.0,0.0,0.0,0.0,0.0
-0.16792924971065443,0.0,0.0,0.0,0.0,0.0
-0.12743799107750534,0.0,0.0,0.0,0.0,0.0
-0.30989948716852944,0.0,0.0,0.0,0.0,0.0
-0.4130820955871342,0.0,0.02372723538262789,0.0,0.0,0.0
-0.4000384543559736,0.0,0.0289296766299827,0.0,0.0008180745201037783,0.0
-0.4104550935824706,0.0,0.07459799886702133,0.0,0.0,0.0
-0.2998891933357958,0.0,0.13492507275179982,0.0,0.0007842944085373798,0.0
-0.2274561494536833,0.0,0.20483745239882759,0.0,0.0,0.0
-0.24473172655380004,0.0,0.2535138465037011,0.0,0.00042151051923859764,0.0
-0.1693305475318691,0.0,0.30120648970874425,0.0,0.0022102706007884887,0.0
-0.19753588690872786,0.0,0.3962893847327157,0.0,0.0004619038092319451,0.0
-0.1901925581057696,0.0,0.4872797880025709,0.0,0.0,0.0
-0.09587037107495383,0.0,0.6159491856064371,0.0,0.0,0.0
0.0,0.0,0.6104457815900146,0.0,0.0017369710799694019,0.0
-0.0011905316458832192,0.0,0.7154984262763506,0.0,0.0,0.0
0.0,0.0,0.7960783655942417,0.0,0.0006565563555426054,0.0
0.0,0.0,0.9186125147657386,0.0,0.0,0.0
0.0,0.0,0.9737563569692597,0.0,0.0,0.0
0.0,0.0,1.0561713134224064,0.0,0.0,0.0
0.0,0.0,1.1908784833223245,0.0,0.0,0.0
0.0,0.0,1.2555552606598792,0.0,0.0,0.0
0.0,0.0,1.3063668955496734,0.0,0.0,0.0
0.0,0.0,1.3960074429577587,0.0,0.00021643175467727375,0.0
0.0,0.0,1.4900074442348936,0.0,0.0,0.0
0.0,0.0,1.549919673754214,0.0,0.0,0.0
0.0,0.0,1.7291635366732088,0.0,0.0,0.0
0.0,0.0,1.7007853521326457,0.0,0.0,0.0
0.0,0.0,1.7461998909192613,0.0,0.0,0.0
0.0,0.0,1.88158025105899,0.0,0.0,0.0
0.0,0.0,2.071127379122637,0.0,0.0,0.0
0.0,0.0,2.0988092622213483,0.0,0.0,0.0
0.0,0.0,2.2636768854447586,0.0,0.0,0.0
0.0,0.0,2.2742936062641173,0.0,0.0,0.0
0.0,0.0,2.5255919999312906,0.0,0.0,0.0
0.0,0.0,2.4950837002257353,0.0,0.0,0.0
0.0,0.0,2.6279420626838084,0.0,0.0,0.0
0.0,0.0,2.771233667017231,0.0,0.0,0.0
0.0,0.0,2.7882473822001197,0.0,0.0,0.0
0.0,0.0,2.852210869863352,0.0,0.0,0.0
0.0,0.0,3.1927570800358387,0.0,0.0,0.0
0.0,0.0,3.2976492104984607,0.0,0.0,0.0
0.0,0.0,3.3041884987206522,0.0,0.0,0.0
0.0,0.0,3.473187701138228,0.0,0.0,0.0
0.0,0.0,3.480054547491309,0.0,0.0,0.0
0.0,0.0,3.994587085477151,0.0,0.0,0.0
0.0,0.0,4.0133348452326105,0.0,0.0,0.0
0.0,0.0,4.227217609065642,0.0,0.0,0.0
0.0,0.0,4.2926541366353845,0.0,0.0,0.0
0.0,0.0,4.2926541366353845,0.0,0.0,0.0
0.0,-0.012934908249935961,4.688557349376014,0.0,0.0,0.0
0.0,0.0,4.983669242322941,-0.0009549471415608585,0.0,0.0
0.0,0.0,5.11174854755862,-0.0034096112657903436,0.0,0.0
0.0,0.0,5.11174854755862,-0.0034096112657903436,0.0,0.0
0.0,-0.253870222873532,5.325896910338544,0.0,0.0,0.0
0.0,-0.09233503248601851,5.373688431568886,0.0,0.0,0.0
0.0,-0.16610627721489696,5.4434571349294725,0.0,0.0,0.0002051323015683833
0.0,0.0,5.305230282774393,0.0,0.0,0.0
0.0,0.0,5.530392575442031,-0.0011878708813549924,0.0,0.0
0.0,-0.038695350694543426,5.412809735218697,0.0,0.0,0.00035081272181980053
0.0,0.0,5.66948666627489,0.0,0.0,0.0
0.0,0.0,5.590585308829022,0.0,0.0,0.0
0.0,0.0,6.035969448551494,0.0,0.0,0.0
0.0,0.0,5.920337431535151,0.0,0.0,0.0
0.0,0.0,5.920337431535151,0.0,0.0,0.0
0.0,0.0,6.273514253883631,0.0,0.0,0.0
0.0,0.0,6.110776683785597,0.0,0.0,0.0
0.0,0.0,6.323906761302011,0.0,0.0,0.0
0.0,-0.24710054447397306,6.286287589766738,0.0,0.0,0.0
0.0,-0.13408280258906272,6.388852210502646,0.0,0.0,0.0
0.0,-0.13789732768628146,6.556994612288153,0.0,0.0,0.0
0.0,0.0,6.874752138095052,-0.0025263404405110102,0.0,0.0
0.0,-0.33915607931355685,6.660444764049094,0.0,0.0,0.0
0.0,-0.3376622131089607,6.901963166636607,-0.0007871729038198622,0.0,0.0
0.0,-0.22937593053466915,7.012300638583315,-0.0037502999033703415,0.0,0.0
0.0,-0.31854848223549415,7.063951881455415,-0.0011943496724351687,0.0,0.0
0.0,-0.23160536351789496,7.10061030119912,-0.0002829663133029706,0.0,0.0
0.0,-0.04342311166962278,7.054504692606717,0.0,0.0,0.0
0.0,0.0,7.052794606043112,0.0,0.0,0.0
0.0,0.0,7.065919670019748,0.0,0.0,0.0
0.0,0.0,7.21144747073797,0.0,0.0,0.0
0.0,0.0,6.979423596202413,0.0,0.0,0.0
0.0,0.0,6.922791998837143,0.0,0.0,0.0
0.0,0.0,7.362214386581497,0.0,0.0,0.0
0.0,0.0,7.151290621787527,0.0,0.0,0.0
0.0,0.0,7.337506461819731,-0.00011406529881335969,0.0,0.0
0.0,-0.11315850106381822,7.565901669191635,0.0,0.0,0.0
0.0,-0.23658310113847292,7.491734376620944,-0.00047141080801909013,0.0015678654220322972,0.0
0.0,-0.4752605193605536,7.807038764640163,0.0,0.0018237838508499595,0.0
0.0,-0.1520643120832438,7.68801963904059,-0.0004307635184859159,0.0003015375643501099,0.0
0.0,-0.16971701220003618,8.044980313969576,0.0,0.0,0.0
0.0,-0.1115401015202376,8.095914851639186,0.0,0.0,0.0
0.0,-0.1572964126454962,8.237394375896894,0.0,0.0,0.0
0.0,0.0,7.939619524905598,0.0,4.3309913356800654e-05,0.0
0.0,-0.11378566958831018,8.023220902906985,0.0,0.0,0.0
0.0,0.0,8.38505177555147,0.0,0.0,0.0
0.0,0.0,8.45383729758406,0.0,0.0019133700783021436,0.0
0.0,-0.16028859553999272,8.497434538109028,0.0,0.005645545858999805,0.0
-0.09261204971201742,-0.26319301844447335,8.361937561064474,-0.0017981532930809215,0.013580647984755195,0.0
-0.01532212715986973,-0.2602719078888883,8.684988023960198,-0.0006238461490187164,0.011562886003831888,0.0
0.0,-0.11318002643998484,8.602862666390973,0.0,0.004023189365760851,0.0
0.0,0.0,8.794648866693283,0.0,0.0,0.0
0.0,0.0,8.70830236922426,0.0,0.0,0.0
0.0,0.0,8.914341547220818,0.0,0.0,0.0
0.0,-0.08604614544019477,8.921535967586804,0.0,0.00405955250625213,0.0
0.0,-0.6486592299792424,8.964094925942828,-0.0010707328639414668,0.011797212375297048,0.0
-0.03600704084858159,-0.33002468185711314,8.973207028787227,-0.009362988995580523,0.011423514858558833,0.0
0.0,-0.5116417381386513,9.167875992272519,-0.00252848505551742,0.0102629462986174,0.0
0.0,-0.0885906117511017,9.033662508300461,-0.005133573222365619,0.006414268387497887,0.0
0.0,-0.14320303417711405,8.837378971040781,0.0,0.0007393671941375861,0.0
0.0,0.0,8.805239149841288,0.0,0.0,0.0
0.0,0.0,8.837666665282839,0.0,0.0,0.0
0.0,0.0,9.1365653994179,0.0,0.0,0.0
0.0,0.0,8.778666777834369,0.0,0.0038426523688771933,0.0
0.0,-0.2516351615647173,8.739217607477345,0.0,0.012032296637321915,0.0
0.0,-0.24266967188016403,9.0816941820515,0.0,0.011501808655283644,0.0
0.0,-0.07621930718732481,9.25551961721486,0.0,0.006548151704855343,0.0
0.0,0.0,8.89733715061142,0.0,0.0,0.0
0.0,0.0,9.049015644731709,0.0,0.0,0.0
0.0,0.0,9.237690267466137,0.0,0.0,0.0
0.0,0.0,9.40969186061661,0.0,0.0,0.0
0.0,-0.07550728943540434,9.343522643972818,0.0,0.0,0.0
0.0,-0.27611045364584363,9.363431954455775,-0.0023318520117305936,0.018612056450814016,0.0
0.0,-0.5524667316164759,9.546726635439356,-0.004418344230135,0.024474428043186638,0.0
0.0,-0.162045523404074,9.678181943103471,0.0,0.01555766625559243,0.0
0.0,0.0,9.793079240597836,0.0,0.0009120914792557534,0.0
0.0,0.0,9.47774776921241,0.0,0.0,0.0
0.0,0.0,9.426722065552271,0.0,0.0,0.0
0.0,0.0,9.534400904778549,0.0,0.0,0.0
0.0,-0.13109144260670136,9.620125676423653,0.0,0.007270468334108096,0.0
-0.024443291186993323,-0.6040834109427591,9.440072843830015,0.0,0.032154924950891325,0.0
-0.399839128485879,-0.49838612966026713,9.237605906900988,-0.007272741554419251,0.032691844965690525,0.0
0.0,-0.27529260839031944,9.371491999094516,-0.00024505516613983474,0.02096071730299534,0.0
0.0,-0.22268872109946317,9.602164214833754,0.0,0.011582952586875344,0.0
0.0,0.0,9.374485435347385,0.0,0.002797367831130499,0.0
0.0,0.0,9.821717158414359,0.0,0.0,0.0
0.0,0.0,9.908263183067605,0.0,0.0,0.0
0.0,0.0,9.743968687659148,0.0,0.002615138889355701,0.0
0.0,-0.20287584559024258,9.892945813831094,0.0,0.012552951775474368,0.0
-0.2778905282716378,-0.2979276956819473,10.127965481819823,0.0,0.026345715631698862,0.0
-0.6832912665774147,-0.2950383967707818,10.014041784518165,-0.0051718470455040565,0.03519862320829701,0.0
-0.27507894427629875,-0.46649426886264617,9.449474810692827,0.0,0.03453622602737745,0.0
0.0,0.0,9.669305534504254,0.0,0.013268864478618445,0.0
0.0,0.0,10.249478145604165,0.0,0.0,0.0
0.0,0.0,9.576977693683098,0.0,0.005176442599239848,0.0
0.0,0.0,9.254185536240168,0.0,0.010006482719001427,0.0
-0.4219177508243102,0.0,9.644472711536654,0.0,0.027828242311254477,0.0
-0.6118401551786742,-0.1981944894438855,9.29020724161676,0.0,0.04139457192344641,0.0
-0.0019697785171871782,0.0,8.659875039256795,0.0,0.021488245695427927,0.0
0.0,0.0,9.008249742258949,0.0,0.00570208124653106,0.0
0.0,0.0,9.11572909678049,0.0,0.003126958753456559,0.0
0.0,0.0,8.500054521147845,0.0,0.004444982781259721,0.0
0.0,0.0,8.363489529896814,0.0,0.00031149886009241884,0.0
0.0,0.0,8.70033184152435,0.0,0.0,0.0
0.0,0.0,9.22574203536033,0.0,0.0,0.0
0.0,0.0,9.315347401783672,0.0,0.0037035003762432863,0.0
0.0,-0.22377895484397042,8.636916843238325,-0.00024888743294994027,0.016695416557996067,0.0
0.0,-0.07858194408922539,8.673931770557882,-0.003031693207455593,0.009563708588425897,0.0
0.0,0.0,9.553889603108983,0.0,0.0,0.0
0.0,0.0,9.77061136594426,0.0,0.0,0.0
0.0,0.0,9.51019698854264,0.0,0.0,0.0
0.0,-0.06628547256675964,9.056323466808212,-0.0017371308204096256,0.007793395374674628,0.0
0.0,0.0,9.144719639840652,0.0,0.006320978415271657,0.0
0.0,0.0,10.118971968446456,0.0,0.0010688928455999422,0.0
0.0,0.0,9.599690328072153,0.0,0.014184045703540621,0.0
0.0,-0.3990344297612822,8.828395414533619,-0.006242194347742912,0.03101585256285938,0.0
0.0,-0.1778237842241818,9.201279920567453,-0.0030488467315415895,0.020643051390808353,0.0
0.0,0.0,9.377486135140895,0.0,0.005199946639692017,0.0
0.0,0.0,9.705269508877183,0.0,0.0,0.0
0.0,0.0,9.681028872413531,0.0,0.0053689052528778465,0.0
0.0,-0.10761541804196965,8.752308131412855,-0.0009698869349924252,0.02001844078283718,0.0
0.0,0.0,8.699505200488197,0.0,0.010452049255128323,0.0
0.0,0.0,9.372811606056668,0.0,0.0078638927816872,0.0
0.0,0.0,9.183218969942958,0.0,0.01080837823406103,0.0
0.0,0.0,8.361116572019249,0.0,0.02012228042291649,0.0
0.0,0.0,8.29927189258372,0.0,0.02555862317649852,0.0
0.0,0.0,8.538590135370598,0.0,0.018150312420861726,0.0
0.0,0.0,8.49233523787683,0.0,0.014036183033073833,0.0
0.0,0.0,8.473542908600427,0.0,0.005709779751343269,0.0
0.0,0.0,8.035818188853856,0.0,0.003662245776297178,0.0
0.0,0.0,8.020970924534756,0.0,0.0011132768003200978,0.0
0.0,0.0,8.428531269546514,0.0,0.0,0.0
0.0,0.0,8.477447617660802,0.0,0.01075489909307976,0.0
0.0,-0.0639577549826493,7.5618073959825995,-0.002883628062089592,0.015251117732572738,0.0
0.0,-0.036229427088523565,7.707247394615978,0.0,0.018867159126998913,0.0
0.0,0.0,8.269718633819034,0.0,0.0029585931910550535,0.0
0.0,0.0,8.283111373179704,0.0,0.0,0.0
0.0,0.0,7.873625790772725,0.0,0.0,0.0
0.0,0.0,7.7529834879695185,0.0,0.0,0.0
0.0,0.0,8.938797708619095,0.0,0.0,0.0
0.0,0.0,8.95340749832466,0.0,0.007379572103406447,0.0
0.0,0.0,8.174675081140016,-0.005922691030268922,0.015223143428551935,0.0
0.0,0.0,8.136498892423061,0.0,0.004467482021814552,0.0
0.0,0.0,9.397605610209322,0.0,0.0,0.0
0.0,0.0,9.08058438241193,0.0,0.0015917714672531922,0.0
0.0,0.0,8.251432268511126,0.0,0.0,0.0
0.0,0.0,8.251432268511126,0.0,0.0,0.0
0.0,0.0,9.249719387907463,0.0,0.0025132482212490027,0.0
0.0,0.0,9.091114100846351,-0.0035914942647559825,0.015921022537424383,0.0
0.0,0.0,8.192604663981161,-0.010641917316398013,0.009120742819106738,0.0
0.0,0.0,8.93874860689916,-0.003327640223410891,0.023447289151915643,0.0
0.0,-0.04105216316067708,8.508352752691064,-0.0016050642485292387,0.021958015270413883,0.0
0.0,0.0,7.980732978600477,-0.0010231985688520099,0.0,0.0
0.0,0.0,8.055678661151399,0.0,0.001796862282499077,0.0
0.0,0.0,7.950166991371264,0.0,0.009894162929095236,0.0
0.0,0.0,7.950166991371264,0.0,0.009894162929095236,0.0
0.0,0.0,7.024660005290928,0.0,0.0,0.0
0.0,0.0,6.783456539491668,0.0,0.0,0.00026215766332032223
0.0,0.0,7.23846779273141,0.010969313532669393,0.0,0.004506900336997813
0.0,0.0,6.966599215746807,0.005330655258602153,0.0,0.0039167084066615895
0.0,0.0,6.150015337936045,0.0,0.0,0.002725080411415456
0.0,0.0,6.603331364499253,0.0,0.0,0.006760649333926212
0.0,0.0,7.298709271183386,0.0,0.0,0.006102950588134164
0.0,0.0,7.018238769596238,0.0,0.0,0.005601444112314761
0.0,0.0,6.757206723462057,0.0,0.0,0.0007069851750270591
0.0,0.0,7.470432512588023,0.0,0.0,0.005392543261373199
0.0,0.0,7.833656506361595,0.0,0.0,0.007326345986311522
0.0,0.0,7.130508924456798,0.0,0.012768333890946743,0.002010651470303509
0.0,0.0,7.00470527918218,0.0,0.020785872558004688,0.002994327163378941
0.0,0.0,7.21690390991504,0.0,0.02286887535342607,0.004848860795257422
0.0,0.0,7.410671201018045,0.0,0.002838514096375468,0.004744061287746097
0.0,0.0,7.240919115743975,0.0,0.0019572547609603033,0.00043090580084732285
0.0,0.0,6.977074393611659,0.0,2.630291259802232e-06,0.004907025604818163
0.0,0.0,7.402343477821573,0.0,0.0,0.0011943313034710084
0.0,0.0,7.389827785609576,0.0,0.0,0.003736056960320912
0.0,0.0,7.8808280893836145,0.0,0.009226978622907481,0.0010174398282571796
0.0,0.0,7.29789138508188,0.0,0.019247449156025137,0.0
0.0,0.0,7.374044035602957,0.0,0.023938662735254912,0.0
0.0,0.0,8.23733873814131,0.0,0.020481432306458693,0.0006207849434615388
0.0,0.0,8.12749517213179,0.0,0.014616640043772073,0.0
0.0,0.0,7.790483281408908,0.0,0.0014861995943308143,0.0
0.0,0.0,7.9124427948276566,0.0,0.005898971198467582,0.0
0.0,0.0,8.374557529535315,0.0,0.011448957479522553,0.0
0.0,0.0,7.265687538221688,-0.0020453728408746192,0.023899304661251824,0.0
0.0,0.0,7.150279897695791,0.0,0.013276765699226848,0.0
0.0,0.0,7.457221243582316,0.0,0.02125733328722531,0.0
0.0,0.0,7.080655208220127,0.0,0.010792968468659524,0.0
0.0,0.0,6.5767504965462695,0.0,0.0004768627553265998,0.0
0.0,0.0,6.612687176331394,0.0,0.0016661449332550638,0.0
0.0,0.0,7.059464874580103,0.0012599212481623954,0.0,0.0
0.0,0.0,7.103696265174682,0.0,0.0019474531174963204,0.0
0.0,0.0,6.776673530593113,0.0,0.0091745082450619,0.0
0.0,0.0,7.177944935337601,0.0,0.01575201659889355,0.0
0.0,0.0,7.330384444577538,0.0,0.014153313915865823,0.0
0.0,0.0,6.996415537746873,0.0,0.007856790880297119,0.0
0.0,0.0,7.335773055000038,0.0,0.0,0.0
0.0,0.0,7.502464653320297,0.0,0.0,0.0
0.0,0.0,7.58937150058576,0.0,0.0,0.0
0.0,0.0,7.4234661839009375,0.0,0.005911625410017116,0.0
0.0,0.0,7.274230335689731,0.0,0.00784677676441147,0.0
0.0,0.0,6.821592062227998,0.0,0.0044843548558202205,0.0
0.0,0.0,7.780522649475526,0.0,0.004118777073026248,0.0
0.0,0.0,7.405727216522564,0.0,0.00947618136007294,0.0
0.0,0.0,6.492244060272007,0.0,0.01847207870122288,0.0
0.0,0.0,7.1515428870142035,0.0,0.0,0.0
0.0,0.0,7.9940547483529825,0.0,0.0,0.0
0.0,0.0,7.325344624687277,0.0,0.0,7.798266294410604e-05
0.0,0.0,6.833416568672564,0.0,0.010420608002748388,0.0
0.0,0.0,7.636916503275728,0.0,0.010106511029797292,0.0
0.0,0.0,7.208613700170808,0.0,0.015806979676196774,0.0
0.0,0.0,7.202803165459935,0.0,0.009074399405729957,0.0
0.0,0.0,6.9921347934424265,0.0,0.01333439584349641,0.0
0.0,0.0,6.549863601230932,0.0,0.011220294072784739,0.0
0.0,0.0,6.688084002044624,0.0,0.00024543588109630606,0.0
0.0,0.0,6.786660059052854,0.0,0.0,0.0
0.0,0.0,6.14580497422528,0.0,0.0,0.0
0.0,0.0,6.239977760273875,0.0,0.0,0.0
0.0,0.0,6.797624319534125,0.0,0.0,0.0
0.0,0.0,6.889946809894869,0.0,0.0,0.0
0.0,0.0,6.81980896755263,0.0,0.0009664263726387988,0.0
0.0,0.0,6.344554882106694,0.0,0.02061123565142854,0.0
0.0,0.0,6.867700375985796,0.0,0.02263060183395268,0.0
0.0,0.0,6.716019405067216,0.0,0.019870361703402856,0.0
0.0,0.0,6.306639471846376,0.0,0.007154405732330141,0.0
0.0,0.0,6.80088173424564,0.0,0.0,8.204471640808431e-05
0.0,0.0,6.632230994572732,0.006322858096592684,0.0,0.0
0.0,0.0,6.133527595314357,0.004207379790025671,0.0,0.0006800448968628944
0.0,0.0,6.50333448037981,0.0,0.0,0.002189968179477573
0.0,0.0,6.079325649601451,0.0,0.0,0.0007877672072299843
0.0,0.0,6.182685149645766,0.0,0.0,0.001413747965005522
0.0,0.0,6.7347866494057325,0.0,0.0005529142810010923,0.0026711357306147703
0.0,0.0,6.394793964127241,0.0,0.00969143512955696,0.00385988199503505
0.0,0.0,5.963066444567198,0.0,0.010109522962056527,0.0
0.0,0.0,6.651878035412142,0.0,0.008097948416110886,0.0006932621373488422
0.0,0.0,6.684898369834089,0.0,0.008152129066382057,0.0010918376084995268
0.0,0.0,6.1465147857441895,0.0,0.00399431071429752,0.0018072695193419538
0.0,0.0,6.21403877866543,0.0,0.0,0.00026852967020142446
0.0,0.0,6.423958875380178,0.0,0.0002766158301653664,0.0015704167295518628
0.0,0.0,6.860146675849569,0.0,0.0,0.002821960066908142
0.0,0.0,6.373646004233257,0.0,0.010634126455521073,0.0
0.0,0.0,6.114781510423542,-0.0007615093554495039,0.018368573610621317,0.0028892190998529347
0.0,0.0,6.543290216956144,0.0,0.010159851040679251,0.0005432605410300136
0.0,0.0,7.130796199344161,0.0,0.010438436685544335,0.0016892091502386636
0.0,0.0,6.4074193607234,0.0,0.011167038908542863,0.004934795855003162
0.0,0.0,6.753163057117851,0.0,0.0,0.00011636947287043089
0.0,0.0,7.019722704491026,0.0,0.0,0.00032203739119800103
0.0,0.0,6.788768786013442,0.0,0.0,0.000960774661602448
0.0,0.0,6.999912393887664,0.0,0.0,0.0011215820341647109
0.0,0.0,6.421971938261834,0.0,0.001681135854177061,0.0
0.0,0.0,6.676754886804711,0.0,0.001506954755927937,0.001997969684284372
0.0,0.0,7.260654194869995,0.0,0.0068072486138961216,0.0005730143293515455
0.0,0.0,6.724761332183763,0.0,0.007530492518423375,0.0019303398744025349
0.0,0.0,6.647948909015116,0.0,0.012210161133444038,0.0
0.0,0.0,6.6532689710462325,0.0,0.013925897569167563,0.00023451322268422246
0.0,0.0,7.0230827536177145,0.0,0.006326132267302024,0.0
0.0,0.0,6.798640485798794,0.0,0.0,0.0
0.0,0.0,6.343949216267477,0.0,0.0,0.0
0.0,0.0,6.9369154677916125,0.0,0.0,0.0
0.0,0.0,5.784835352206278,0.0,0.016527497329364066,0.0
0.0,0.0,5.784835352206278,0.0,0.016527497329364066,0.0
0.0,0.0,6.106106862453375,0.0,0.008639721589114127,0.0
0.0,0.0,5.993371211323473,0.0,0.011879352041912575,0.0
0.0,0.0,5.812854631479485,0.0,0.00933157421422465,0.0
0.0,0.0,6.120536536591416,0.0,0.002454862316730532,0.0
0.0,0.0,5.822260474299648,0.0,0.00605774122986575,0.0
0.0,0.0,6.460111634336199,0.0,0.0,0.0
0.0,0.0,6.7384934260076195,0.0,6.73641845758343e-05,0.0
0.0,0.0,6.0455819762923175,0.0,0.0042528170512160825,0.0
0.0,0.0,6.333132244748697,0.0,0.010172225402679735,0.0
0.0,0.0,6.259455785712886,0.0,0.01700026137415655,0.0
0.0,0.0,5.8120187884800885,0.0,0.017914672540267504,0.0
0.0,0.0,6.008451149700649,0.0,0.0053314334167923584,0.0
0.0,0.0,6.286264763711693,0.0,0.0,0.0
0.0,0.0,6.6645666319721855,0.0,0.0,0.0
0.0,0.0,6.299174612379355,0.0,0.007977032384524897,0.0
-0.04508931017090864,0.0,6.358856073999487,0.0,0.012934502265005064,0.0
-0.16736068966846512,0.0,6.668789271956699,0.0,0.024689187538378905,0.0
-0.03715098651792127,0.0,6.373648927852116,0.0,0.023751082033009744,0.0
0.0,0.0,6.152728654119826,0.0,0.017952223138160722,0.0
0.0,0.0,5.969765493726601,0.0,0.0037816366571977664,0.0
0.0,0.0,6.124253213980609,0.0,0.0,0.0
0.0,0.0,5.8698558841450525,0.0,0.0,0.0
0.0,0.0,5.57707247836902,0.0,0.0,0.0
0.0,0.0,5.88967330373446,0.007482160131759677,0.0,0.0
0.0,0.0,6.099670442388374,0.0,0.0,0.0
0.0,0.0,5.666968412928934,0.0,0.007373629710012285,0.0
0.0,0.0,5.0618975349751,-0.005389973820603636,0.014064164830745041,0.0
0.0,0.0,5.514530631847716,-0.0032946220346997636,0.012813753013868587,0.0
0.0,0.0,5.495529299582144,0.0,0.009539519268386022,0.0
0.0,0.0,5.693908991792324,0.0,0.0,0.0
0.0,0.0,5.737173873246396,0.0,0.0,0.0
0.0,0.0,5.5189616133380905,0.0,0.0,0.0
0.0,0.0,6.060956503539852,0.0,0.0,0.0
0.0,0.0,5.829307319757767,0.0,0.01228520220270106,0.0
0.0,0.0,5.3619896225424615,-0.01017985235498139,0.02589491141519997,0.0
0.0,0.0,5.737606209848041,-0.0010641739022711153,0.01997750012702813,0.0
0.0,0.0,5.98253673803493,0.0,0.016713382045988642,0.0
0.0,0.0,5.199476541206902,0.0,0.013353790648866942,0.0
0.0,0.0,5.591748904145517,0.0,0.0,0.0
0.0,0.0,5.694816562065477,0.006543528064524459,0.0,0.0
0.0,0.0,6.132205944662947,0.017993027398594517,0.0,0.0
0.0,0.0,5.796892592234342,0.0,0.0,0.0
0.0,0.0,5.5280432344285355,0.0,0.0,0.0
0.0,0.0,5.7060465538686005,0.0,0.007508088768696322,0.0
0.0,0.0,5.635319116118847,0.0,0.017458525918059888,0.0
0.0,0.0,6.008328875783704,0.0,0.015095092312517738,0.0
0.0,0.0,5.466446211116752,0.0,0.014384570500001664,0.0
0.0,0.0,5.796411392045857,0.0,0.003327938991335951,0.0
0.0,0.0,6.239150269333566,0.0,0.0,0.0
0.0,0.0,6.020594348081021,0.0,0.0,0.0
0.0,0.0,5.2999709450493,0.0,0.0,0.0
0.0,0.0,5.656756870993268,0.0,0.0,0.0
0.0,0.0,5.639998110275647,0.0,0.006343145697788271,0.0
0.0,0.0,5.052227021256301,-0.00044134126642557446,0.016722822155351195,0.0
0.0,0.0,5.346152844029441,0.0,0.01308196399852321,0.0
0.0,0.0,5.561140035912239,0.0,0.016318554683229812,0.0
0.0,0.0,5.229970526760985,0.0,0.010993366049083606,0.0
0.0,0.0,5.345545105012832,0.0,0.0,0.0
0.0,0.0,4.991935118384472,0.0,0.0021710133114265693,0.0
0.0,0.0,5.2503222546177755,0.0,0.0,0.0
0.0,0.0,5.278444339206009,0.0,0.0,0.0
0.0,0.0,5.079273396258112,0.0,0.0,0.0
0.0,0.0,5.387596144232718,0.0,0.0,0.0
0.0,0.0,5.705843661434394,0.0,0.003993505896568481,0.0
0.0,0.0,4.9023070095653125,0.0,0.018486074940629538,0.0
0.0,0.0,4.9345931923373945,0.0,0.010557561694738541,0.0
0.0,0.0,4.742771373933701,0.0,0.0031188453747024885,0.0
0.0,0.0,4.823536342487943,0.0,0.0073816525916742285,0.0
0.0,0.0,4.463546596415231,0.0,0.013341824073206856,0.0
0.0,0.0,3.9014249077922907,0.0,0.0,0.0
0.0,0.0,4.416233792931037,0.010949415401780698,0.0,0.0
0.0,0.0,4.680499170299546,0.01833620278723567,0.0,0.0
0.0,0.0,4.752267992342729,0.00941171360900032,0.0,0.0
0.0,0.0,3.9340935094733,0.0,0.00043773871838610653,0.0
0.0,0.0,4.37645987115607,0.0,0.001999128665225688,0.0
0.0,0.0,4.671288140564216,0.0,0.0015053896051578693,0.0
0.0,0.0,4.718045268275435,0.0,0.0015849646436187493,0.0
0.0,0.0,4.191302024926085,0.0,0.0,0.0
0.0,0.0,5.2683209859838716,0.004456669173168875,0.0,0.0
0.0,0.0,5.263839971742466,0.003871083653991597,0.0,0.0
0.0,0.0,4.470337431181422,0.0,0.0021715756830105954,0.0
0.0,0.0,5.2961369815870665,0.0,0.0029533670479082925,0.0
0.0,0.0,4.866305042358937,-0.01210921885972531,0.034736496236645174,0.0
0.0,0.0,4.589487024102205,-0.021811252916352292,0.02320267692095001,0.0
0.0,0.0,4.733548347865404,-0.0009293622462497661,0.011756501552331355,0.0
0.0,0.0,4.5048655073451815,0.0,0.003045703074946651,0.0
0.0,0.0,4.513296672643409,0.0,0.0,0.0
0.0,0.0,4.826852437378312,0.008205631973077146,0.0,0.0
0.0,0.0,4.649188778844941,0.005291047836176082,0.0,0.0
0.0,0.0,4.530026393984072,0.0,0.0,0.0
0.0,0.0,4.561874428719486,0.0,0.0,0.0
0.0,0.0,4.185736530888098,0.0,0.0031891155955452734,0.0
0.0,0.0,4.0590158372452585,0.0,0.017955242309295103,0.0
0.0,0.0,4.350488348366676,0.0,0.002028162770546366,0.0
0.0,0.0,4.434809506588175,0.0,0.0,0.0
0.0,0.0,4.4380349145599585,0.0,0.0,0.0
0.0,0.0,4.0028595691674065,0.0,0.0,0.0
0.0,0.0,4.551520134196444,0.009408992593975377,0.0,0.0
0.0,0.0,4.931091538158907,0.004794431739553389,0.0,0.0
0.0,0.0,4.545325515938073,0.0,0.0,0.0
0.0,0.0,4.971770190291076,0.0,0.0,0.0
0.0,0.0,4.619831023520719,0.0,0.016399470448151342,0.0
0.0,0.0,5.0238501875367,0.0,0.01256379638706217,0.0
0.0,0.0,5.187092622188683,0.0,0.0,0.0
0.0,0.0,4.924289073978603,0.0,0.0025050205212399533,0.0
0.0,0.0,4.67094091234898,0.0,0.0,0.0
0.0,0.0,5.07257233140469,0.00041935691347349787,0.0,0.0
0.0,0.0,4.643826609064027,0.0,0.0,0.0
0.0,0.0,4.4148254076182685,0.0,0.0,0.0
0.0,0.0,5.042910919499622,0.0,0.00018650881138676656,0.0
0.0,0.0,4.4260236670986,-0.006628335180702448,0.026040304361390553,0.0
0.0,0.0,4.120764586841032,-0.02042795556687173,0.024546597056920867,0.0
0.0,0.0,4.239981680801192,-0.00023891271127043012,0.00769430978878388,0.0
0.0,0.0,4.032869080500413,0.0,0.007259236633328006,0.0
0.0,0.0,3.9325164549751137,0.0,0.0,0.0
0.0,0.0,3.77122389547433,0.0008068044549330364,0.0,0.0
0.0,0.0,3.641794473518634,0.007197716138508248,0.0,0.0
0.0,0.0,3.5910111695028055,0.014481619788780972,0.0,0.0
0.0,0.0,3.589524840408232,0.0021201357429227333,0.0,0.0
0.0,0.0,3.0543484762342272,0.0,0.002678444194123527,0.0
0.0,0.0,3.0543484762342272,0.0,0.002678444194123527,0.0
0.0,0.0,3.0858950645152414,0.0,8.768766203580151e-05,0.0
0.0,0.0,3.207549621858854,0.0,0.0,0.0
0.0,0.0,3.3527129414421517,0.0005004036619182287,0.0,0.0
0.03419924154283906,0.0,3.6893375697025403,0.007406884411839757,0.0,0.0
0.03419924154283906,0.0,3.6893375697025403,0.007406884411839757,0.0,0.0
0.0,0.0,3.4885544137499442,0.0,0.0,0.0
0.0,0.0,3.6316012669004416,0.0,0.0,0.0
0.0,0.0,3.863851068882957,0.0,0.008941426577294173,0.0
0.0,0.0,3.5776670815040257,-0.0015605681212392526,0.003259342962763144,0.0
0.0,0.0,3.519943601683378,0.0,0.0,0.0
0.0,0.0,3.888725595435942,0.0,0.0,0.0
0.0,0.0,3.6866835920370455,0.00815034180424633,0.0,0.0
0.20037999796514172,0.0,3.893100140675343,0.02121146822338657,0.0,0.0
0.0,0.0,3.8017344504039388,0.0018233532777610993,0.0,0.0
0.0,0.0,3.2531508959919946,0.0,0.0,0.0
0.0,0.0,3.5028120715743682,0.0,0.0,0.0
0.0,0.0,3.671872243593124,0.0,0.003696157226963796,0.0
0.0,0.0,3.355838090825464,0.0,0.01035725532964272,0.0
0.0,0.0,3.3035956939431275,0.0,0.0,0.0
0.0,0.0,4.137690379204487,0.0,0.0,0.0
0.0,0.0,3.9180712232885084,0.0,0.0,0.0
0.0,0.0,4.15586959285095,0.0,0.0,0.0
0.0,0.0,4.15410648172021,0.0,0.0,0.0
0.0,0.0,4.120041994301749,0.0,0.0,0.0
0.0,0.0,3.6464108451815833,0.0,0.0017524230992724183,0.0
0.0,0.0,3.8242436419291224,0.0,0.0021622879509865115,0.0
0.0,0.0,3.8545097473660355,0.0,0.006846768226778885,0.0
0.0,0.0,3.6563331657057203,0.0,0.005864229477696785,0.0
0.0,0.0,3.9683169551521615,0.0,0.0,0.0
0.0,0.0,4.095272164002747,0.008254255108714834,0.0,0.0
0.0,0.0,4.098866099663856,0.005386256173770275,0.0,0.0
0.0,0.0,4.03715761488092,0.0,0.0,0.0
0.0,0.0,3.8376213586517833,0.0,0.0,0.0
0.0,0.0,3.9384882990395864,0.0,0.006730770363423835,0.0
0.0,0.0,3.2690863458217536,-0.0031038005714737185,0.01874670398875636,0.0
0.0,0.0,2.8862879529740626,0.0,0.015732128910442063,0.0
0.0,0.0,3.394702771857342,0.0,0.0,0.0
0.0,0.0,3.023429271517122,0.0,0.0,0.0
0.0,0.0,2.9302240014838397,0.012033767826025572,0.0,0.0
0.0,0.0,2.9153820703725573,0.019262304306337796,0.0,0.0
0.0,0.0,2.5360118563438316,0.006227577925490969,0.0,0.0
0.0,0.0,2.5457256735631777,0.0010142811225991395,0.0,0.0
0.0,0.0,2.5370327539279804,0.0041942529658344505,0.0,0.0
0.0,0.0,2.4741748409663926,0.0,0.0,0.0
0.0,0.0,2.058897611460123,0.0,0.0009541831212857406,0.0
0.0,0.0,2.151568251518194,0.0,0.0,0.0
0.0,0.0,2.6443324685870055,0.0,0.0,0.0
0.0,0.0,2.7023127449154525,0.0,0.0,0.0
0.0,0.0,2.624954340262154,0.0,0.0,0.0
0.0,0.0,2.89182290123007,0.0,0.0,0.0
0.0,0.0,2.994910913685104,0.0,0.0008663187034273762,0.0
0.0,0.0,2.5685950132691793,-0.0013728554370480983,0.005501570950578113,0.0
0.0,0.0,2.637482034466042,-0.00030296398173930737,0.0059401416239269166,0.0
0.0,0.0,2.6725461743559045,0.0,0.007373327063400799,0.0
0.0,0.0,2.238534140784008,0.0,0.003112953127996033,0.0
0.0,0.0,2.5123609543987255,0.0029785357508388148,0.0,0.0
0.0,0.0,2.9189339018330793,0.019231219202340402,0.0,0.0
0.0,0.0,2.6725567866305826,0.01597837884669474,0.0,0.0
0.0,0.0,2.5059483536775273,0.010030281727848266,0.0,-0.001056353578942092
0.0,0.0,2.799739737439299,0.0025200028294716037,0.0,-0.004578178316809258
0.0,0.0,2.651188700220754,0.0,0.0010880633299134895,-0.004336268443948005
0.0,0.0,2.6230347991713607,0.0,0.010461848334384915,-0.011086546833441877
0.0,0.0,2.798051399957643,0.0,0.0026024633760808975,-0.008827985720293627
0.0,0.0,2.843816268605573,0.0,0.0,-0.012213820707093377
0.0,0.0,3.0627419345736846,0.00787951194318599,0.0,-0.00839012922005857
0.0,0.0,2.900475075638701,0.008381831320283148,0.0,-0.005399543090539701
0.0,0.0,2.783564961028741,0.0,0.0,-0.008490121269396366
0.0,0.0,2.925526152405838,0.0,0.0,-0.007836496096765826
0.0,0.0,2.78660766654101,0.0,0.0,-0.009335326196627917
0.0,0.0,2.5535909966754438,0.0,0.001845403982666826,-0.00865285551340884
0.0,0.0,2.423462865074998,0.0,0.005777530051548775,-0.009918182512015431
0.0,0.0,2.3700360082799636,0.0,0.006752561816847168,-0.009646901029796503
0.0,0.0,2.1701324113847305,0.0,0.0,-0.007960406553839613
0.0,0.0,2.269928887382098,0.007711743238222109,0.0,-0.00815720652342245
0.0,0.0,2.3000914351835755,0.016854196956696342,0.0,-0.00678716386937892
0.0,0.0,2.097113149725174,0.011925194887474459,0.0,-0.007582305446272581
0.0,0.0,1.9616218752843608,0.00520204111415011,0.0,-0.009704550085023531
0.0,0.0,2.2198290175605346,0.003104430039178717,0.0,-0.013054289159657326
0.0,0.0,2.640327477718821,0.0,0.0,-0.01344896235271521
0.0,0.0,1.963935814534496,0.0,0.004249101043852962,-0.011194353167416408
0.0,0.0,1.9320016406729692,0.0,0.0011964148359121067,-0.0165228916420584
0.0,0.0,2.165144980763856,0.0,0.0,-0.011675788986575756
0.0,0.0,2.186386496094854,0.0,0.004524768140428695,-0.012027060493637701
0.0,0.0,1.7887706981830456,0.0,0.0,-0.01368999587708676
0.0,0.0,1.8163490727636145,0.0024489380464349027,0.0,-0.013474927511555074
0.0,0.0,1.873896516008229,0.004416030406701763,0.0,-0.009826570576705947
0.0,0.0,1.6468803450871214,0.0,0.0,-0.012116662504845936
0.0,0.0,1.3383633055237456,0.0,0.0,-0.01104570750697759
0.0,0.0,1.3107450681461155,0.0,0.0,-0.010641711925875274
0.0,0.0,1.33036315381035,0.0,0.0026475677140384837,-0.007192115303058845
0.0,0.0,0.979079462012003,0.0,0.009671853927063098,-0.004910102174725685
0.0,0.0,1.092952664979156,0.0,0.0,-0.0035124850112895614
0.0,0.0,1.187471528286275,0.0,0.0,0.0
0.0,0.0,1.2069664796454007,0.008494728546054871,0.0,0.0
0.0,0.0,1.2038592426248522,0.00444819768664226,0.0,0.0
0.0,0.0,1.2693454437528013,0.0,0.0,0.0
0.0,0.0,1.157093341099214,0.0,0.0023054643151856325,0.0
0.0,0.0,1.3064924578170078,0.0,0.0036543900868879374,0.0
0.0,0.0,0.9815950404781317,0.0,0.009924788272621072,0.0
0.0,0.0,1.0672070123232038,0.0,0.0050676447970205984,0.0
0.0,0.0,1.3229519189525296,0.0,0.0,0.0
0.0,0.0,1.219391383054351,0.0,0.0,0.0
0.0,0.0,0.9721726242850799,0.0,0.0,0.0
0.0,0.0,1.3026714406121875,0.009861813877971328,0.0,0.0
0.0,0.0,1.258105163700575,0.0039468006468272605,0.0,0.0
0.0,0.0,1.2052276609785992,0.0,0.0,0.0
0.0,0.0,1.076301512106022,0.0,0.004475650642035844,0.0
0.0,0.0,0.8908729127833066,0.0,0.0050183402555867285,0.0
0.0,0.0,1.331029246018733,0.0,0.0,0.0
0.0,0.0,1.1704082311143509,0.0,0.0,0.0
0.0,0.0,1.0254340872376455,0.0,0.0,0.0
0.0,0.0,1.1636482861817625,0.0,0.0,0.0
0.0,0.0,1.3489791075270452,0.0,0.0,0.0
0.0,0.0,1.0670601112190394,0.0,0.004251289926511951,0.0
0.0,0.0,1.154854697631478,0.0,0.0072923528032505305,0.0
0.0,0.0,1.154854697631478,0.0,0.0072923528032505305,0.0
0.0,0.0,1.4497840679966392,0.0,0.0,0.0
0.0,0.0,1.4497840679966392,0.0,0.0,0.0
0.0,0.0,1.1691568570246282,0.0,0.0,0.0
0.0,0.0,1.4743757035300322,0.0,0.0,0.0
0.0,0.0,1.1330188956271483,0.0,0.0,0.0
0.0,0.0,0.8799067443137479,0.0,0.0,0.0
0.0,0.0,1.0064256858058163,0.0,0.0,0.0
0.0,0.0,1.2932352017630555,0.003064884398836388,0.0,0.0
0.0,0.0,1.1139531755586136,0.0,0.0,0.0
0.0,0.0,1.0688818061669436,0.0,0.0,0.0
0.0,0.0,1.2099673419033548,0.0,0.0,0.0
0.0,0.0,1.3351632304580061,0.0,0.0,0.0
0.0,0.0,1.0455814081738906,0.0,0.0007781322865959924,0.0
0.0,0.0,0.8289404172599939,0.0,9.53153268192343e-05,0.0
0.0,0.0,1.1365007662080837,0.0,0.0,0.0
0.0,0.0,0.9887583643105315,0.0,0.0,0.0
0.0,0.0,0.8644777840136777,0.0,0.0,0.0
0.0,0.0,0.7791734332473165,0.0,0.0,0.0
0.0,0.0,0.9036481259392188,0.0029758138437248143,0.0,0.0010900517946929584
0.0,0.0,0.6833284466614374,0.0,0.0,0.0
0.0,0.0,0.5163765436595896,0.0,0.0,0.0
0.0,0.0,0.3189052273791033,0.0,0.0,0.0
0.0,0.0,0.39197257710974165,0.0,0.0004225626462448756,0.0007428552664541699
0.0,0.0,0.17181332006866595,0.0,0.0,0.002696708639054956
0.0,0.0,0.2520194787653206,0.0,0.0,0.0
0.0,0.0,0.375551098153717,0.004601741387744706,0.0,0.0009729499916014154
0.0,0.0,0.20587995130024886,0.0023253597191190806,0.0,0.0032076497165964674
0.0,0.0,0.28658321656737146,0.0037138502359461444,0.0,0.00011376320223356372
0.0,0.0,0.22680924321615087,0.0,0.0,0.000262509678167939
0.0,0.0,0.22098459569045098,0.0,0.0,0.0012868606929174998
0.0,0.0,0.357482735257118,0.0,0.0,0.0004367733507026599
0.0,0.0,0.29749689637208737,0.0,5.4919798292499854e-05,0.0004998656782021352
0.0,0.0,0.09515815691870169,0.0,0.0031976805939149234,0.00020524622723048488
0.0,0.0,0.26864318722853575,0.0,0.0,0.0016247342888228457
0.0,0.0,0.23107435641181615,0.0,0.0,0.0
0.0,0.0,0.17144139966484345,0.0,0.0,0.0
0.0,0.0,0.08280292832417868,0.0,0.0,0.0
0.0,0.0,0.25955319475644734,0.0,0.0,0.0
0.0,0.0,0.2048953486111072,0.0,0.0,0.0
0.0,0.0,0.14351838764107713,0.0,0.0,0.0
0.0,0.0,0.29967738001332445,0.0,0.0,0.0
0.0,0.0,0.3357381813882939,0.0,0.0,0.0
0.0,0.0,0.21863382620376592,0.0,0.0,0.0
0.0,0.0,0.1964107157607872,0.0,0.0,0.0
0.0,0.0,0.17175396886378874,0.0,0.0,0.0
0,0,0,0,0,0
0.0,0.0,0.15794528365235255,0.0,0.0,0.0
0.0,0.0,0.16366298790727418,0.0,0.0,0.0
0.0,0.0,0.06624456627636374,0.0,0.0,0.0
0.0,0.0,0.017805974918568272,0.0,0.0,0.0
0,0,0,0,0,0
0.0,0.0,0.09888244176093913,0.0,0.0,0.0
0.0,0.0,0.10055013556199115,0.0,0.0,0.0
0.0,0.0,0.055316492791234614,0.0,0.0,0.0
0,0,0,0,0,0
0,0,0,0,0,0
0,0,0,0,0,0
0,0,0,0,0,0
0,0,0,0,0,0
0,0,0,0,0,0
0,0,0,0,0,0
0.0,0.0,0.0,0.00010635938835455636,0.0,0.0
0,0,0,0,0,0
0,0,0,0,0,0
0,0,0,0,0,0
0,0,0,0,0,0
0,0,0,0,0,0
0,0,0,0,0,0
0,0,0,0,0,0
0,0,0,0,0,0
0,0,0,0,0,0
0,0,0,0,0,0
0,0,0,0,0,0
0.0,0.0,0.0,0.005543732909163835,0.0,0.0
0.0,0.0,0.0,0.009762774356248815,0.0,0.0
0.0,0.0,0.0,0.002649725173360098,0.0,0.0
0.0,0.0,0.0,0.000479533175803483,0.0,0.0
0,0,0,0,0,0
0,0,0,0,0,0
0,0,0,0,0,0
0.0,0.0,0.0,0.0,0.0002420966349919256,0.0
0,0,0,0,0,0
0,0,0,0,0,0
0.0,0.0,0.0,0.0034008651417025645,0.0,0.0
0.0,0.0,0.0,0.0008957607785208965,0.0,0.0
0,0,0,0,0,0
0,0,0,0,0,0
0,0,0,0,0,0
0,0,0,0,0,0
0,0,0,0,0,0
0,0,0,0,0,0
0,0,0,0,0,0
0,0,0,0,0,0
0,0,0,0,0,0
0.0,0.0,0.0,0.004282743693280094,0.0,0.0
0.0,0.0,0.0,0.012510036862860332,0.0,0.0
0.0,0.0,0.0,0.005286273613469915,0.0,0.0
0,0,0,0,0,0
0,0,0,0,0,0
0,0,0,0,0,0
0.0,0.0,0.0,0.000923369865634124,0.0,0.0
0.0,0.0,0.0,0.0009191897444943075,0.0,0.0
0.0,0.0,0.0,0.0002945553661021662,0.0,0.0
0.0,0.0,0.0,0.0002945553661021662,0.0,0.0
0.0,0.0,0.0,0.0,0.0057891623314563325,0.0
0.0,0.0,0.0,0.0,0.004945809476928095,0.0
0,0,0,0,0,0
0,0,0,0,0,0
0.0,0.0,0.0,0.0012774923992665578,0.0,0.0
0.0,0.0,0.0,0.0010522833216548904,0.0,0.0
0,0,0,0,0,0
0,0,0,0,0,0
0.0,0.0,0.0,0.0016496832165053513,0.0,0.0
0.0,0.0,0.0,0.004676651097499577,0.0,0.0
0.0,0.0,0.0,0.006790944785173052,0.0,0.0
0,0,0,0,0,0
0,0,0,0,0,0
0,0,0,0,0,0
0,0,0,0,0,0
0,0,0,0,0,0
0.0,0.0,0.0,0.004901088587442265,0.0,0.0
0.0,0.0,0.0,0.0035899670148885577,0.0,0.0
0,0,0,0,0,0
0.0,0.0,0.0,0.0,0.000558902530874637,0.0
0.0,0.0,0.0,0.0,0.009757450180158254,0.0
0.0,0.0,0.0,0.0,0.00849067255974367,0.0
0,0,0,0,0,0
0.0,0.0,0.0,0.005852591657423857,0.0,0.0
0.0,0.0,0.0,0.01848048670004027,0.0,0.0
0.0,0.0,0.0,0.01588046917330275,0.0,0.0
0.0,0.0,0.0,0.009661372630147057,0.0,0.0
0.0,0.0,0.0,0.0008449234013881927,0.0,0.0
0.0,0.0,0.0,0.0,0.001117911544463103,0.0
0,0,0,0,0,0
0,0,0,0,0,0
0,0,0,0,0,0
0.0,0.0,0.0,0.0004428126861418925,0.0,0.0
0,0,0,0,0,0
0,0,0,0,0,0
0.0,0.0,0.0,0.0,0.0026133960554023494,0.0
0.0,0.0,0.0,0.0,0.004640387969322252,0.0
0.0,0.0,0.0,0.0,0.002255972230240172,0.0
0,0,0,0,0,0
0,0,0,0,0,0
0.0,0.0,0.0,0.0011263759907014204,0.0,0.0
0.0,0.0,0.0,0.004576812370407388,0.0,0.0
0.0,0.0,0.0,0.0059836580942972525,0.0,0.0
0.0,0.0,0.0,0.0020306406655878117,0.0,0.0
0,0,0,0,0,0
0,0,0,0,0,0
0,0,0,0,0,0
0,0,0,0,0,0
0,0,0,0,0,0
0,0,0,0,0,0
0.0,0.0,0.0,0.0,0.003134953545063399,0.0
0.0,0.0,0.0,0.0,0.0010009387998375298,0.0
0.0,0.0,0.0,0.0,0.0012935932371474878,0.0
0.0,0.0,0.0,0.00020512574358158222,0.0,0.0
0.0,0.0,0.0,0.006318255723528614,0.0,0.0
0.0,0.0,0.0,0.014668038303515088,0.0,0.0
0.0,0.0,0.0,0.008971739177961988,0.0,0.0
0.0,0.0,0.0,0.008186615772393385,0.0,0.0
0.0,0.0,0.0,0.002127955735635115,0.0,0.0
0,0,0,0,0,0
0,0,0,0,0,0
0,0,0,0,0,0
0,0,0,0,0,0
0,0,0,0,0,0
0,0,0,0,0,0
0.0,0.0,0.0,0.002129796386454664,0.0,0.0
0,0,0,0,0,0
0,0,0,0,0,0
0,0,0,0,0,0
0.0,0.0,0.0,0.0,0.0023560317927536064,0.0
0,0,0,0,0,0
0,0,0,0,0,0
0.0,0.0,0.0,0.003330002232328635,0.0,0.0
0.0,0.0,0.0,0.010383842110999061,0.0,0.0
0.0,0.0,0.0,0.01040773423482726,0.0,0.0
0.0,0.0,0.0,0.010574735614655304,0.0,0.0
0,0,0,0,0,0
0,0,0,0,0,0
0,0,0,0,0,0
0,0,0,0,0,0
0,0,0,0,0,0
0.0,0.0,0.0,0.0019943840735227925,0.0,0.001070875529639361
0.0,0.0,0.0,0.004914058649565461,0.0,0.00023291633315207036
0.0,0.0,0.0,0.008009083455648928,0.0,0.001026455197766296
0.0,0.0,0.0,0.005045162574979722,0.0,0.0001307773079396415
0.0,0.0,0.0,0.0,0.0,0.0012362101098750487
0.0,0.0,0.0,0.0,0.0,0.0015934248290095116
0.0,0.0,0.0,0.0,0.00551014245999231,0.0003278457126887669
0.0,0.0,0.0,0.0,0.005344800346550942,0.0012693922117836037
0,0,0,0,0,0
0.0,0.0,0.0,0.0,0.0,0.0009141949941290581
0.0,0.0,0.0,0.005314634922102,0.0,0.002346080602025396
0.0,0.0,0.0,0.010437275013650705,0.0,0.00203573288139586
0.0,0.0,0.0,0.005218498021504743,0.0,0.003578530055637084
0.0,0.0,0.0,0.00431492531827819,0.0,0.0012276161191574785
0.0,0.0,0.0,0.0,0.0,0.002421411827433346
0.0,0.0,0.0,0.0,0.0,0.0005144208962295301
0.0,0.0,0.0,0.0,0.0,0.0016823120234865795
0,0,0,0,0,0
0.0,0.0,0.0,0.0,0.0,0.0003094067225241264
0.0,0.0,0.0,0.009932337645040232,0.0,0.0021134309364589854
0.0,0.0,0.0,0.008136885979663697,0.0,0.0008512492660541326
0.0,0.0,0.0,0.0014280668989404,0.0,0.00041717654637983044
0.0,0.0,0.0,0.0,0.0,0.0006286126127626838
0.0,0.0,0.0,0.0,0.0,0.0008570389626186513
0.0,0.0,0.0,0.0,0.0,0.0005330538217863298
0,0,0,0,0,0
0,0,0,0,0,0
0.0,0.0,0.0,0.0,0.0,0.0007933260291039691
0,0,0,0,0,0
0.0,0.0,0.0,0.0,0.0,0.00039937403548948437
0,0,0,0,0,0
0,0,0,0,0,0
0,0,0,0,0,0
0,0,0,0,0,0
0,0,0,0,0,0
0.0,0.0,0.0,0.005110537055073927,0.0,0.0
0,0,0,0,0,0
0,0,0,0,0,0
0,0,0,0,0,0
0.0,0.0,0.0,0.0,0.0012561976415006036,0.0
0.0,0.0,0.0,0.0,0.0017009019091104003,0.0
0,0,0,0,0,0
0,0,0,0,0,0
0.0,0.0,0.0,0.006112754664147116,0.0,0.0
0.0,0.0,0.0,0.004630929843359919,0.0,0.0
0.0,0.0,0.0,0.008522615547953647,0.0,0.0
0.0,0.0,0.0,0.0016337164224706512,0.0,0.0
0,0,0,0,0,0
0.0,0.0,0.0,0.0,0.0020330279110339676,0.0
0.0,0.0,0.0,0.0,0.0019808408761538394,0.0
0.0,0.0,0.0,0.0,0.00447589582502759,0.0
0.0,0.0,0.0,0.0,0.00047251979922861425,0.0
0,0,0,0,0,0
0,0,0,0,0,0
0,0,0,0,0,0
0.0,0.0,0.0,0.00033181946015220975,0.0,0.0
0.0,0.0,0.0,0.0007997399067059627,0.0,0.0
0,0,0,0,0,0
0,0,0,0,0,0
0,0,0,0,0,0
0,0,0,0,0,0
0.0,0.0,0.0,0.0,0.00124334863770009,0.0
0.0,0.0,0.0,0.0,0.0008833095499376938,0.0
0.0,0.0,0.0,0.0,0.00302173347382488,0.0
0.0,0.0,0.0,0.0,0.0003316093842033631,0.0
0.0,0.0,0.0,0.0008411601748031623,0.0,0.0
0.0,0.0,0.0,0.0049984828031742826,0.0,0.0
0,0,0,0,0,0
0.0,0.0,0.0,0.0031844013815261764,0.0,0.0
0.0,0.0,0.0,0.001301244016769267,0.0,0.0
0,0,0,0,0,0
0.0,0.0,0.0,0.001660476164722079,0.0,0.0
0.0,0.0,0.0,0.00216623067147257,0.0,0.0
0.0,0.0,0.0,0.0024376571564737127,0.0,0.0
0.0,0.0,0.0,0.0015397008036194463,0.0,0.0
0.0,0.0,0.0,0.002122519258127733,0.0,0.0
0,0,0,0,0,0
0,0,0,0,0,0
0,0,0,0,0,0
0,0,0,0,0,0
0,0,0,0,0,0
0,0,0,0,0,0
0,0,0,0,0,0
0,0,0,0,0,0
0,0,0,0,0,0
0,0,0,0,0,0
0,0,0,0,0,0
0,0,0,0,0,0
0.0,0.0,0.0,0.001662206795323261,0.0,0.0
0,0,0,0,0,0
0,0,0,0,0,0
0,0,0,0,0,0
0.0,0.0,0.0,0.0006505608457052181,0.0,0.0
0,0,0,0,0,0
0,0,0,0,0,0
0,0,0,0,0,0
0,0,0,0,0,0
0.0,0.0,0.0,0.0022969856238467526,0.0,0.0
0.0,0.0,0.0,0.0018543518400723018,0.0,0.0
0.0,0.0,0.0,0.0016133235812767026,0.0,0.0
0.0,0.0,0.0,0.0026645468692050606,0.0,0.0
0.0,0.0,0.0,0.002174151880971418,0.0,0.0
0,0,0,0,0,0
0.0,0.0,0.0,0.003190998768476118,0.0,0.0
0,0,0,0,0,0
0,0,0,0,0,0
0,0,0,0,0,0
0,0,0,0,0,0
0,0,0,0,0,0
0,0,0,0,0,0
0,0,0,0,0,0
0,0,0,0,0,0
0,0,0,0,0,0
0.0,0.0,0.0,0.0007748538469998384,0.0,0.0
0,0,0,0,0,0
0,0,0,0,0,0
0,0,0,0,0,0
0,0,0,0,0,0
0,0,0,0,0,0
0,0,0,0,0,0
0,0,0,0,0,0
0.0,0.0,0.0,0.0003977601781633601,0.0,0.0
0,0,0,0,0,0
0,0,0,0,0,0
0,0,0,0,0,0
0,0,0,0,0,0
0,0,0,0,0,0
0,0,0,0,0,0
0,0,0,0,0,0
0,0,0,0,0,0
0.0,0.0,0.0,0.001085287903182117,0.0,0.0
0,0,0,0,0,0
0,0,0,0,0,0
0,0,0,0,0,0
0,0,0,0,0,0
0.0,0.0,0.0,0.0019322583966378073,0.0,0.0
0.0,0.0,0.0,0.008910032271429103,0.0,0.0
0.0,0.0,0.0,0.00866532941184288,0.0,0.0
0.0,0.0,0.0,0.007328586626836653,0.0,0.0
0.0,0.0,0.0,0.0065141069983821725,0.0,0.0
0.0,0.0,0.0,0.0006698016341966755,0.0,0.0
0,0,0,0,0,0
0,0,0,0,0,0
0,0,0,0,0,0
0,0,0,0,0,0
0,0,0,0,0,0
0.0,0.0,0.0,0.0003756537255674457,0.0,0.0
0.0,0.0,0.0,2.277449292695913e-05,0.0,0.0
0.0,0.0,0.0,0.00015159393956306615,0.0,0.0
0.0,0.0,0.0,0.0020268594933861095,0.0,0.0
0,0,0,0,0,0
0,0,0,0,0,0
0.0,0.0,0.0,0.001154412845208257,0.0,0.0
0.0,0.0,0.0,0.0023672902351515026,0.0,0.0
0.0,0.0,0.0,0.0029868096915164916,0.0,0.0
0.0,0.0,0.0,0.003545839638485175,0.0,0.0
0.0,0.0,0.0,0.0038945589236783996,0.0,0.0
0.0,0.0,0.0,0.004577075436099972,0.0,0.0
0.0,0.0,0.0,0.005684195829355305,0.0,0.0
0.0,0.0,0.0,0.006095125892018279,0.0,0.0
0,0,0,0,0,0
0,0,0,0,0,0
0,0,0,0,0,0
0,0,0,0,0,0
0,0,0,0,0,0
0,0,0,0,0,0
0,0,0,0,0,0
0.0,0.0,0.0,0.002612740412144452,0.0,0.0
0.0,0.0,0.0,0.002961814766750806,0.0,0.0
0.0,0.0,0.0,0.006517223346208722,0.0,0.0
0.0,0.0,0.0,0.0057790652049352536,0.0,0.0
0.0,0.0,0.0,0.0090311458327425,0.0,0.0
0.0,0.0,0.0,0.009229222045112086,0.0,0.0
0.0,0.0,0.0,0.00977896309096011,0.0,0.0
0.0,0.0,0.0,0.010870089716556978,0.0,0.0
0.0,0.0,0.0,0.008616793199143543,0.0,0.0
0.0,0.0,0.0,0.006252629420863362,0.0,0.0
0.0,0.0,0.0,0.007655629050569597,0.0,0.0
0.0,0.0,0.0,0.0016483216082690318,0.0,0.0
0.0,0.0,0.0,0.005423860587831066,0.0,0.0
0.0,0.0,0.0,0.00561148265603994,0.0,0.0
0.0,0.0,0.0,0.0006108047933246552,0.0,0.0
0.0,0.0,0.0,0.0026848070836999506,0.0,0.0
0.0,0.0,0.0,0.0010423749170752473,0.0,0.0
0,0,0,0,0,0
0,0,0,0,0,0
0,0,0,0,0,0
0.0,0.0,0.0,0.0,0.00017052122128251285,0.0
0.0,0.0,0.0,0.0,0.0019787827358410067,0.0
0.0,0.0,0.0,0.0,0.001057061723938153,0.0
0,0,0,0,0,0
0.0,0.0,0.0,0.0026182532723051303,0.0,0.0
0,0,0,0,0,0
0.0,0.0,0.0,0.006797471093781454,0.0,0.0
0.0,0.0,0.0,0.0038474473574575964,0.0,0.0
0.0,0.0,0.0,0.006917811790703818,0.0,0.0
0.0,0.0,0.0,0.007969799420771811,0.0,0.0
0.0,0.0,0.0,0.00908229541809025,0.0,0.0
0.0,0.0,0.0,0.007701055825665085,0.0,0.0
0.0,0.0,0.0,0.006026185863990831,0.0,0.0
0.0,0.0,0.0,0.007025424231361757,0.0,0.0
0.0,0.0,0.0,0.007398604787051224,0.0,0.0
0.0,0.0,0.0,0.006218447183792365,0.0,0.0
0.0,0.0,0.0,0.002853069416656161,0.0,0.0
0.0,0.0,0.0,0.004405823760382092,0.0,0.0
0,0,0,0,0,0
0,0,0,0,0,0
0,0,0,0,0,0
0.0,0.0,0.0,0.0,0.0,0.0006745684615556746
0,0,0,0,0,0
0,0,0,0,0,0
0,0,0,0,0,0
0.0,0.0,0.0,0.0,0.0,0.00047688535299236724
0.0,0.0,-0.009268605075006804,0.0003702987025672415,0.0,0.0
0.0,0.0,0.0,0.00011392263503127921,0.0,0.0
0.0,0.0,-0.0739458938601342,0.002877201057278182,0.0,0.0
0.0,0.0,-0.05279024418220003,0.005306697265596087,0.0,0.0
0.0,0.0,-0.07711056523552576,0.0088371543912981,0.0,0.0
0.0,0.0,-0.07525695681328307,0.0054160558256910254,0.0,0.0
0.0,0.0,-0.07988113312147539,0.009835511611709428,0.0,0.0
0.0,0.0,-0.23217833306197763,0.013342479763796652,0.0,0.0
0.0,0.0,-0.17522238783237412,0.00792583500584357,0.0,0.0
0.0,0.0,-0.12002936997896732,0.01188346965399055,0.0,0.001218541456016735
0.0,0.0,-0.16144049360719995,0.007027420712932881,0.0,0.0
0.0,0.0,-0.214794500081089,0.006578322549355016,0.0,0.0
0.0,0.0,-0.11772529000434277,0.0026735900193579584,0.0,0.0
0.0,0.0,-0.18677291373378774,0.007575521074942221,0.0,0.0
0.0,0.0,-0.09947748738163706,0.006719536335328326,0.0,0.0
0.0,0.0,-0.1680231619966699,0.0053844926247439565,0.0,0.0
0.0,0.0,-0.10291413246113823,0.004757208814725946,0.0,0.0
0.0,0.0,-0.1285686329699995,0.0032303576298539907,0.0,0.0
0.0,0.0,-0.171907414191417,0.004699808727762464,0.0,0.0
0.0,0.0,-0.07612671988344231,0.004953761978254173,0.0,0.0
0.0,0.0,-0.12827863959268326,0.0032858421810697744,0.0,0.0
0.0,0.0,-0.20440969684959476,0.0,0.0,0.0
0.0,0.0,-0.2064936903207873,0.001090127036055329,0.0,0.0
0.0,0.0,-0.16694546847353792,0.0017025722930232219,0.0,0.0
0.0,0.0,-0.10660356714701627,0.001721984978334537,0.0,0.0
0.0,0.0,-0.2051817480687626,0.0020910516853264094,0.0,0.0
0.0,0.0,-0.10865839912729436,0.00028317233151920694,0.0,0.0
0.0,0.0,-0.17168607923208382,0.004104114187225907,0.0,0.0
0.0,0.0,-0.055721016357626704,0.004717368956256991,0.0,0.0
0.0,0.0,-0.07933606432299782,0.0046720403941320435,0.0,0.0
0.0,0.0,-0.06620906125947264,0.002853062244439088,0.0,0.0
0.0,0.0,-0.07385159133788036,0.0016991770040511536,0.0,0.0
0.0,0.0,-0.08102313968305881,0.0012929438779659972,0.0,0.0
0.0,0.0,-0.17527871461734196,0.004042226158989823,0.0,0.0
0.0,0.0,-0.05215479819928629,0.003956357695427922,0.0,0.0
0.0,0.0,-0.04898681219673062,0.005658444245314598,0.0,0.0
0.0,0.0,-0.08517806071795443,0.008015398169717068,0.0,0.0
0.0,0.0,-0.13997092381359216,0.0037592531600689504,0.0,0.0
0.0,0.0,-0.04689953949921445,0.004580167404617858,0.0,0.0
0.0,0.0,-0.08014617556323742,0.0025376784989228065,0.0,0.0
0.0,0.0,-0.04918846223879072,0.00482796109900971,0.0,0.0
0.0,0.0,-0.0870413973471204,0.0024898012961322496,0.0,0.0
0.0,0.0,-0.09130299785079456,0.0018483988677157957,0.0,0.0
0.0,0.0,-0.02795143024527876,0.0039116075270168955,0.0,0.0
0.0,0.0,0.0,0.0009420514772338692,0.0,0.0
0.0,0.0,-0.014497222978898305,0.002611684004362718,0.0,0.0
0.0,0.0,0.0,0.0011093090038537055,0.0,0.0
0.0,0.0,0.0,0.0030985663229274475,0.0,0.00044793037529474046
0.0,0.0,0.0,0.00016182965543727157,0.0,0.0
0,0,0,0,0,0
0,0,0,0,0,0
0.0,0.0,0.0,0.001980499001786797,0.0,0.0
0,0,0,0,0,0
0.0,0.0,0.0,4.1104261526367965e-06,0.0,0.0
0,0,0,0,0,0
0,0,0,0,0,0
0,0,0,0,0,0
0,0,0,0,0,0
0.0,0.0,0.0,0.0,0.0,0.00044748023940429873
0.0,0.0,0.0,0.00019801921218658508,0.0,0.0
0,0,0,0,0,0
0,0,0,0,0,0
0.0,0.0,0.0,0.0004559294342773206,0.0,0.0
0,0,0,0,0,0
0,0,0,0,0,0
0,0,0,0,0,0
0,0,0,0,0,0
0.0,0.0,0.0,0.000614291340215794,0.0,0.0
0,0,0,0,0,0
0,0,0,0,0,0
0,0,0,0,0,0
0,0,0,0,0,0
0.0,0.0,0.0,0.0012435152807554865,0.0,0.0
0.0,0.0,0.0,0.0011084596990251305,0.0,0.0
0.0,0.0,0.0,0.0010616359496431616,0.0,0.0
0.0,0.0,0.0,0.0008838076132427345,0.0,0.0
0.0,0.0,0.0,0.0011310295606147126,0.0,0.0
0.0,0.0,0.0,0.002855611671294875,0.0,0.0
0.0,0.0,0.0,3.380333344439585e-05,0.0,0.0
0.0,0.0,0.0,0.0003025663844257687,0.0,0.0
0.0,0.0,0.0,0.0028167445217711956,0.0,0.0
0.0,0.0,0.0,0.0004060433223921045,0.0,0.0
0,0,0,0,0,0
0.0,0.0,0.0,0.0024898353454551646,0.0,0.0
0.0,0.0,0.0,0.0004997186740274387,0.0,0.0
0,0,0,0,0,0
0,0,0,0,0,0
0,0,0,0,0,0
0,0,0,0,0,0
0.0,0.0,0.0,0.0005599960988129869,0.0,0.00012811831039138497
0,0,0,0,0,0
0,0,0,0,0,0
0,0,0,0,0,0
0,0,0,0,0,0
0,0,0,0,0,0
0.0,0.0,0.0,0.0,0.0,0.0004325616893153023
0,0,0,0,0,0
0,0,0,0,0,0
0,0,0,0,0,0
0,0,0,0,0,0
0,0,0,0,0,0
0,0,0,0,0,0
0,0,0,0,0,0
0,0,0,0,0,0
0,0,0,0,0,0
0,0,0,0,0,0
0,0,0,0,0,0
0,0,0,0,0,0
0,0,0,0,0,0
0,0,0,0,0,0
0,0,0,0,0,0
0,0,0,0,0,0
0,0,0,0,0,0
0,0,0,0,0,0
0,0,0,0,0,0
0,0,0,0,0,0
0,0,0,0,0,0
0,0,0,0,0,0
0,0,0,0,0,0
0,0,0,0,0,0
0,0,0,0,0,0
0,0,0,0,0,0
0,0,0,0,0,0
0,0,0,0,0,0
0,0,0,0,0,0
0,0,0,0,0,0
0,0,0,0,0,0
0,0,0,0,0,0
0,0,0,0,0,0
0,0,0,0,0,0
0,0,0,0,0,0
0,0,0,0,0,0
0,0,0,0,0,0
0,0,0,0,0,0
0,0,0,0,0,0
0,0,0,0,0,0
0,0,0,0,0,0
0,0,0,0,0,0
0,0,0,0,0,0
0,0,0,0,0,0
0,0,0,0,0,0
0,0,0,0,0,0
0,0,0,0,0,0
0,0,0,0,0,0
0,0,0,0,0,0
0,0,0,0,0,0
0,0,0,0,0,0
0,0,0,0,0,0
0,0,0,0,0,0
0,0,0,0,0,0
0,0,0,0,0,0
0,0,0,0,0,0
0,0,0,0,0,0
0,0,0,0,0,0
0,0,0,0,0,0
0,0,0,0,0,0
0,0,0,0,0,0
0,0,0,0,0,0
0,0,0,0,0,0
0,0,0,0,0,0
0,0,0,0,0,0
0,0,0,0,0,0
0,0,0,0,0,0
0,0,0,0,0,0
0,0,0,0,0,0
0,0,0,0,0,0
0,0,0,0,0,0
0,0,0,0,0,0
0,0,0,0,0,0
0,0,0,0,0,0
0,0,0,0,0,0
0,0,0,0,0,0
0,0,0,0,0,0
0,0,0,0,0,0
0,0,0,0,0,0
0,0,0,0,0,0
0,0,0,0,0,0
0,0,0,0,0,0
0,0,0,0,0,0
0,0,0,0,0,0
0,0,0,0,0,0
0,0,0,0,0,0
0,0,0,0,0,0
0,0,0,0,0,0
0,0,0,0,0,0
0,0,0,0,0,0
0,0,0,0,0,0
0,0,0,0,0,0
0,0,0,0,0,0
0,0,0,0,0,0
0,0,0,0,0,0
0,0,0,0,0,0
0,0,0,0,0,0
0,0,0,0,0,0
0,0,0,0,0,0
0,0,0,0,0,0
0,0,0,0,0,0
0,0,0,0,0,0
0,0,0,0,0,0
0,0,0,0,0,0
0,0,0,0,0,0
0,0,0,0,0,0
0,0,0,0,0,0
0,0,0,0,0,0
0,0,0,0,0,0
0,0,0,0,0,0
0,0,0,0,0,0
0,0,0,0,0,0
0,0,0,0,0,0
0,0,0,0,0,0
0,0,0,0,0,0
0,0,0,0,0,0
0,0,0,0,0,0
0,0,0,0,0,0
0,0,0,0,0,0
0,0,0,0,0,0
0,0,0,0,0,0
0,0,0,0,0,0
0,0,0,0,0,0
0,0,0,0,0,0
0,0,0,0,0,0
0,0,0,0,0,0
0,0,0,0,0,0
0,0,0,0,0,0
0,0,0,0,0,0
0,0,0,0,0,0
0,0,0,0,0,0
0,0,0,0,0,0
0,0,0,0,0,0
0,0,0,0,0,0
0,0,0,0,0,0
0,0,0,0,0,0
0,0,0,0,0,0
0,0,0,0,0,0
0,0,0,0,0,0
0,0,0,0,0,0
0,0,0,0,0,0
0,0,0,0,0,0
0,0,0,0,0,0
0,0,0,0,0,0
0,0,0,0,0,0
0,0,0,0,0,0
0,0,0,0,0,0
0,0,0,0,0,0
0,0,0,0,0,0
0,0,0,0,0,0
0,0,0,0,0,0
0,0,0,0,0,0
0,0,0,0,0,0
0,0,0,0,0,0
0,0,0,0,0,0
0,0,0,0,0,0
0,0,0,0,0,0
0,0,0,0,0,0
0,0,0,0,0,0
0,0,0,0,0,0
0,0,0,0,0,0
0,0,0,0,0,0
0,0,0,0,0,0
0,0,0,0,0,0
0,0,0,0,0,0
0,0,0,0,0,0
0,0,0,0,0,0
0,0,0,0,0,0
0,0,0,0,0,0
0,0,0,0,0,0
0,0,0,0,0,0
0,0,0,0,0,0
0,0,0,0,0,0
0,0,0,0,0,0
0,0,0,0,0,0
0,0,0,0,0,0
0,0,0,0,0,0
0,0,0,0,0,0
0,0,0,0,0,0
0,0,0,0,0,0
0,0,0,0,0,0
0,0,0,0,0,0
0,0,0,0,0,0
0,0,0,0,0,0
0,0,0,0,0,0
0,0,0,0,0,0
0,0,0,0,0,0
0,0,0,0,0,0
0,0,0,0,0,0
0,0,0,0,0,0
0,0,0,0,0,0
0,0,0,0,0,0
0,0,0,0,0,0
0,0,0,0,0,0
0,0,0,0,0,0
0,0,0,0,0,0
0,0,0,0,0,0
0,0,0,0,0,0
0,0,0,0,0,0
0,0,0,0,0,0
0,0,0,0,0,0
0,0,0,0,0,0
0,0,0,0,0,0
0,0,0,0,0,0
0,0,0,0,0,0
0,0,0,0,0,0
0,0,0,0,0,0
0,0,0,0,0,0
0,0,0,0,0,0
0,0,0,0,0,0
0,0,0,0,0,0
0,0,0,0,0,0
0,0,0,0,0,0
0,0,0,0,0,0
0,0,0,0,0,0
0,0,0,0,0,0
0,0,0,0,0,0
0,0,0,0,0,0
0,0,0,0,0,0
0,0,0,0,0,0
0,0,0,0,0,0
0,0,0,0,0,0
0,0,0,0,0,0
0,0,0,0,0,0
0,0,0,0,0,0
0,0,0,0,0,0
0,0,0,0,0,0
0,0,0,0,0,0
0,0,0,0,0,0
0,0,0,0,0,0
0,0,0,0,0,0
0,0,0,0,0,0
0,0,0,0,0,0
0,0,0,0,0,0
0,0,0,0,0,0
0,0,0,0,0,0
0,0,0,0,0,0
0,0,0,0,0,0
0,0,0,0,0,0
0,0,0,0,0,0
0,0,0,0,0,0
0,0,0,0,0,0
0,0,0,0,0,0
0,0,0,0,0,0
0,0,0,0,0,0
0,0,0,0,0,0
0,0,0,0,0,0
0,0,0,0,0,0
0,0,0,0,0,0
0,0,0,0,0,0
0,0,0,0,0,0
0,0,0,0,0,0
0,0,0,0,0,0
0,0,0,0,0,0
0,0,0,0,0,0
0,0,0,0,0,0
0,0,0,0,0,0
0,0,0,0,0,0
0,0,0,0,0,0
0,0,0,0,0,0
0,0,0,0,0,0
0,0,0,0,0,0
0,0,0,0,0,0
0,0,0,0,0,0
0,0,0,0,0,0
0,0,0,0,0,0
0,0,0,0,0,0
0,0,0,0,0,0
0,0,0,0,0,0
0,0,0,0,0,0
0,0,0,0,0,0
0,0,0,0,0,0
0,0,0,0,0,0
0,0,0,0,0,0
0,0,0,0,0,0
0,0,0,0,0,0
0,0,0,0,0,0
0,0,0,0,0,0
0,0,0,0,0,0
0,0,0,0,0,0
0,0,0,0,0,0
0,0,0,0,0,0
0,0,0,0,0,0
0,0,0,0,0,0
0,0,0,0,0,0
0,0,0,0,0,0
0,0,0,0,0,0
0,0,0,0,0,0
0,0,0,0,0,0
0,0,0,0,0,0
0,0,0,0,0,0
0,0,0,0,0,0
0,0,0,0,0,0
0,0,0,0,0,0
0,0,0,0,0,0
0,0,0,0,0,0
0,0,0,0,0,0
0,0,0,0,0,0
0,0,0,0,0,0
0,0,0,0,0,0
0,0,0,0,0,0
0,0,0,0,0,0
0,0,0,0,0,0
0,0,0,0,0,0
0,0,0,0,0,0
0,0,0,0,0,0
0,0,0,0,0,0
0,0,0,0,0,0
0,0,0,0,0,0
0,0,0,0,0,0
0,0,0,0,0,0
0,0,0,0,0,0
0,0,0,0,0,0
0,0,0,0,0,0
0,0,0,0,0,0
0,0,0,0,0,0
0,0,0,0,0,0
0,0,0,0,0,0
0,0,0,0,0,0
0,0,0,0,0,0
0,0,0,0,0,0
0,0,0,0,0,0
0,0,0,0,0,0
0,0,0,0,0,0
0,0,0,0,0,0
0,0,0,0,0,0
0,0,0,0,0,0
0,0,0,0,0,0
0,0,0,0,0,0
0,0,0,0,0,0
0,0,0,0,0,0
0,0,0,0,0,0
0,0,0,0,0,0
0,0,0,0,0,0
0,0,0,0,0,0
0,0,0,0,0,0
0,0,0,0,0,0
0,0,0,0,0,0
0,0,0,0,0,0
0,0,0,0,0,0
0,0,0,0,0,0
0,0,0,0,0,0
0,0,0,0,0,0
0,0,0,0,0,0
0,0,0,0,0,0
0,0,0,0,0,0
0,0,0,0,0,0
0,0,0,0,0,0
0,0,0,0,0,0
0,0,0,0,0,0
0,0,0,0,0,0
0,0,0,0,0,0
0,0,0,0,0,0
0,0,0,0,0,0
0,0,0,0,0,0
0,0,0,0,0,0
0,0,0,0,0,0
0,0,0,0,0,0
0,0,0,0,0,0
0,0,0,0,0,0
0,0,0,0,0,0
0,0,0,0,0,0
0,0,0,0,0,0
0,0,0,0,0,0
0,0,0,0,0,0
0,0,0,0,0,0
0,0,0,0,0,0
0,0,0,0,0,0
0,0,0,0,0,0
0,0,0,0,0,0
0,0,0,0,0,0
0,0,0,0,0,0
0,0,0,0,0,0
0,0,0,0,0,0
0,0,0,0,0,0
0,0,0,0,0,0
0,0,0,0,0,0
0,0,0,0,0,0
0,0,0,0,0,0
0,0,0,0,0,0
0,0,0,0,0,0
0,0,0,0,0,0
0,0,0,0,0,0
0,0,0,0,0,0
0,0,0,0,0,0
0,0,0,0,0,0
0,0,0,0,0,0
0,0,0,0,0,0
0,0,0,0,0,0
0,0,0,0,0,0
0,0,0,0,0,0
0,0,0,0,0,0
0,0,0,0,0,0
0,0,0,0,0,0
0,0,0,0,0,0
0,0,0,0,0,0
0,0,0,0,0,0
0,0,0,0,0,0
0,0,0,0,0,0
0,0,0,0,0,0
0,0,0,0,0,0
0,0,0,0,0,0
0,0,0,0,0,0
0,0,0,0,0,0
0,0,0,0,0,0
0,0,0,0,0,0
0,0,0,0,0,0
0,0,0,0,0,0
0,0,0,0,0,0
0,0,0,0,0,0
0,0,0,0,0,0
0,0,0,0,0,0
0,0,0,0,0,0
0,0,0,0,0,0
0,0,0,0,0,0
0,0,0,0,0,0
0,0,0,0,0,0
0,0,0,0,0,0
0,0,0,0,0,0
0,0,0,0,0,0
0,0,0,0,0,0
0,0,0,0,0,0
0,0,0,0,0,0
0,0,0,0,0,0
0,0,0,0,0,0
0,0,0,0,0,0
0,0,0,0,0,0
0,0,0,0,0,0
0,0,0,0,0,0
0,0,0,0,0,0
0,0,0,0,0,0
0,0,0,0,0,0
0,0,0,0,0,0
0,0,0,0,0,0
0,0,0,0,0,0
