0,0,0,0,0,0
0,0,0,0,0,0
0,0,0,0,0,0
0,0,0,0,0,0
0,0,0,0,0,0
0,0,0,0,0,0
0,0,0,0,0,0
0,0,0,0,0,0
0,0,0,0,0,0
0,0,0,0,0,0
0,0,0,0,0,0
0,0,0,0,0,0
0,0,0,0,0,0
0,0,0,0,0,0
0,0,0,0,0,0
0,0,0,0,0,0
0,0,0,0,0,0
0,0,0,0,0,0
0,0,0,0,0,0
0,0,0,0,0,0
0,0,0,0,0,0
0,0,0,0,0,0
0,0,0,0,0,0
0,0,0,0,0,0
0,0,0,0,0,0
0,0,0,0,0,0
0,0,0,0,0,0
0,0,0,0,0,0
0,0,0,0,0,0
0,0,0,0,0,0
0,0,0,0,0,0
0,0,0,0,0,0
0,0,0,0,0,0
0,0,0,0,0,0
0,0,0,0,0,0
0,0,0,0,0,0
0,0,0,0,0,0
0,0,0,0,0,0
0,0,0,0,0,0
0,0,0,0,0,0
0,0,0,0,0,0
0,0,0,0,0,0
0,0,0,0,0,0
0,0,0,0,0,0
0,0,0,0,0,0
0,0,0,0,0,0
0,0,0,0,0,0
0,0,0,0,0,0
0,0,0,0,0,0
0,0,0,0,0,0
0,0,0,0,0,0
0,0,0,0,0,0
0,0,0,0,0,0
0,0,0,0,0,0
0,0,0,0,0,0
0,0,0,0,0,0
0,0,0,0,0,0
0,0,0,0,0,0
0,0,0,0,0,0
0,0,0,0,0,0
0,0,0,0,0,0
0,0,0,0,0,0
0,0,0,0,0,0
0,0,0,0,0,0
0.0,0.0,0.0,0.0,0.0,-0.001731917848127556
0.0,0.0,0.0,0.0,0.0,-7.690216477893559e-05
0.0,0.0,0.0,0.0,0.0,-0.0033395248439523086
0.0,0.0,0.061004794536112336,0.0,0.0,-0.0023746611051579424
0.0,0.0,0.1306301371055097,0.0,0.0,-0.005168170008383123
0.0,0.0,0.21473737223497605,0.0,0.0,-0.00424306526271531
0.0,0.0,0.40254737660653905,0.0,0.0,-0.007425247488173331
0.0,0.0,0.4374017910546731,0.0,0.0,-0.005017130907475053
0.0,0.0,0.5764610758324931,0.0,0.0010334306218049386,-0.008641681545110913
0.0,0.0,0.7227508098930737,0.0,0.0,-0.008688505145551131
0.0,0.0,0.9312432828063008,0.0,0.00040438868509871505,-0.010320881549714226
0.0,0.0,0.8935155369202986,0.0,0.0029156802634702737,-0.012449520221600808
0.0,0.0,1.2491393561263213,0.0,0.005728509832407125,-0.017947209451053398
0.0,0.0,1.2491393561263213,0.0,0.005728509832407125,-0.017947209451053398
0.0,0.0,1.2569927415544644,0.0,0.006939904472916506,-0.015693366600037305
0.0,0.0,1.4909840469172173,0.0,0.008301691052609052,-0.016061758586960916
0.0,0.0,1.5760553641015849,0.0,0.014605873301791953,-0.01653858522585308
0.0,0.0,1.8173346830461579,0.0,0.01343580340181683,-0.01778993823951526
0.0,0.0,1.7294892235797223,0.0,0.012727297464121939,-0.013929884150578432
0.0,0.0,2.0293449736087275,0.0,0.011459346837219168,-0.018167707682852776
0.0,0.0,2.162907799162529,0.0,0.011888400783685662,-0.016753217033756186
0.0,0.0,2.251366531016203,0.0,0.014677107168279361,-0.01586824803918905
0.0,0.0,2.3116622371838003,0.0,0.017563016132180108,-0.016558111707543188
0.0,0.0,2.5206407964236464,0.0,0.016159667594490477,-0.015936941892476113
0.0,0.0,2.8583081668269594,0.0,0.016369920125567726,-0.013370018489048069
0.0,0.0,2.975046335570569,0.0,0.012433802368615373,-0.012773804126431249
0.0,0.0,3.2526973674483486,0.0,0.016891999760129707,-0.01120510155823962
0.0,0.0,3.41527854501708,0.0,0.014093679140722144,-0.00781667957537575
0.0,0.0,3.6948033600379033,0.0,0.013304523989847833,-0.00024829573618619224
0.0,0.0,3.8773960158841083,0.0,0.01125695616828119,0.0
0.0,0.0,4.023285896027744,0.0,0.009552111333035986,0.0
0.0,0.0,4.299452440707291,0.0,0.011174651096445713,0.0
0.0,0.0,4.460622729145357,0.0,0.011667413913690958,0.0
0.0,0.0,4.693408770036598,0.0,0.010771335671092338,0.0
0.0,0.0,4.742458844962022,0.0,0.012823084575467098,0.0
0.0,0.0,4.947507029294018,0.0,0.012601514828978972,0.0
0.0,0.0,5.223901175234191,0.0,0.009104645025105985,0.0
0.0,0.0,5.5598231165967995,0.0,0.007722724284245738,0.0
0.0,0.0,5.676697931978613,0.0,0.012010696581119765,0.0
0.0,0.0,6.053212981025574,0.0,0.011535190804330997,0.0
0.0,0.0,6.171611882813371,0.0,0.008537544293121854,0.0
0.0,0.0,6.49346140693866,0.0,0.009444832649895327,0.0
0.0,0.0,6.462096749491006,-0.0005948698212235497,0.012725020546133387,0.0
0.0,0.0,6.838909611099393,-0.002969826293662555,0.010714341916079562,0.0
0.0,0.0,6.932744581882591,-0.00295834115263987,0.0150387525851758,0.0
0.0,0.0,6.915240617769018,-0.0018812508438867102,0.012379775638436126,0.0
0.0,0.0,7.129344076605167,-0.006151035753973239,0.012919945004465439,0.0
0.0,0.0,7.288147734709594,-0.007269635793526004,0.009555652507878085,0.0
0.0,0.0,7.4118915476019085,-0.005030991705296683,0.010848345210586818,0.0
0.0,0.0,7.57054242519154,-0.00741573204338432,0.00709684395290606,0.0
0.0,0.0,7.565359491811156,-0.006944982161309422,0.008240625949298535,0.0
0.0,0.0,7.441589977697838,-0.0033648178915055985,0.006338735108366819,0.0003435124986687492
0.0,0.0,7.892912394958286,-0.00430451460590895,0.003142896681868971,0.0015139926752828067
0.0,0.0,7.666467600278374,-0.0016040112066976072,0.004464751990412986,0.009017320667668138
0.0,0.0,7.705320675840166,-0.001572848274159652,0.004213529391735314,0.007291363553311581
0.0,0.0,8.051184527930433,0.0,0.003398728896154412,0.009400490207716645
0.0,0.0,8.22757844894956,0.0,0.00382614650889672,0.009704809197497596
0.0,0.0,8.11721539901514,-0.002363864703981222,0.0024035755837084815,0.014172123504133596
0.0,0.0,8.518789437961779,-0.005755822460445168,0.007527842760942535,0.012580029654546085
0.0,0.0,8.597144624951945,-0.00631841085057183,0.010201406735094953,0.015648227284562728
0.0,0.0,8.613300125789621,-0.007700739368261131,0.014520142945332454,0.014521538441990145
0.0,0.0,8.654341182896832,-0.009029004208676198,0.013930566187415777,0.012346777529077662
0.0,0.0,8.969589190731094,-0.009878282443808737,0.015828183579557217,0.014061597252489216
0.0,0.0,9.161223160486633,-0.005987743655464685,0.01930308166794693,0.014972413294962733
0.0,0.0,9.19516091112169,-0.009680006092863333,0.018552567779025485,0.01435137230813643
0.0,0.0,9.251633712857188,-0.00821881363543345,0.025247843745787563,0.013115598918198721
0.0,0.0,9.644235503989648,-0.008306308540232175,0.021429760196949997,0.012381090837795473
0.0,0.0,9.51039532137485,-0.008237835510814511,0.02432101816484065,0.011267865149052111
0.0,0.0,9.48742308167016,-0.0012330760227618402,0.02199489195876563,0.013363173094390602
0.0,0.0,9.474437152831566,0.0,0.022070180055312034,0.01504582420972187
0.0,0.0,9.689378319086527,0.0,0.01786314241330373,0.013442661350932255
0.0,0.0,9.54263823415371,0.0,0.014391246704699675,0.017477772096015216
0.0,0.0,9.746450291703848,0.0,0.016360862088939644,0.015302224646290507
0.0,0.0,9.649152498893725,0.0,0.021055176713284534,0.01328305828486696
0.0,0.0,10.00418898327756,-0.002694840436208938,0.0269226313424116,0.015000644099784216
0.0,0.0,10.056457344733488,-0.005835525351100589,0.03848439382172216,0.014433705032245916
0.0,0.0,10.124350109535289,-0.012720924596320658,0.04676218720173284,0.014070013701022597
-0.029867097080451814,0.0,10.382048576379914,-0.011418052130950221,0.04299632188959397,0.011451849295902454
0.0,0.0,10.755363641541011,-0.0033391221626455957,0.03853830068417593,0.01643980619306157
0.0,0.0,10.798473859764664,-6.64098624342604e-05,0.023589003139712496,0.014519589871852132
0.0,0.0,10.83534329225716,-0.0013189275201988203,0.02512357005120655,0.013704811222548597
0.0,0.0,11.200475540880063,-2.1719436019881286e-05,0.02316434354094564,0.014526424344139217
0.0,0.0,11.061007210928912,-0.0014072693654881723,0.02824239671593672,0.011251150813829682
0.0,0.0,11.395271034854126,-0.00021403961642661512,0.032081169460181545,0.011539212651810193
-0.07476534514495888,0.0,11.537651506996413,-0.004227830781188422,0.04768989989977803,0.014185376514628676
-0.36871580927267533,0.0,11.585412162601177,-0.008283760328491194,0.05702383585249813,0.010970343599370266
-0.4942177160383971,0.0,11.156163890708848,-0.022541367304300973,0.06402137271396671,0.012051370451714508
-0.1282184584416738,0.0,11.352117552346547,-0.013860868765930795,0.05021064429593094,0.011107445122360185
0.0,0.0,11.710954721085084,0.0,0.033062321750450464,0.010743214073598425
0.0,0.0,11.65744126311213,0.0,0.0245869142507396,0.014136133810692245
0.0,0.0,11.55921073353667,0.0,0.022432666582403078,0.012943592789372108
0.0,0.0,11.557219387925775,0.0,0.03099504483951287,0.012222298673792927
-0.026847154944502787,0.0,11.680885846097068,-0.004087116930422712,0.044069015672903875,0.012638277745858803
-0.19010435002443607,0.0,11.581091569166425,-0.013041255062378198,0.05560911711707199,0.011890445402974261
-0.2837088907037539,0.0,11.541945078312386,-0.01716002724533548,0.05976597905971289,0.009143029816181161
-0.13613746715615646,0.0,11.404234487914422,-0.011769248165570859,0.04540352070798891,0.010089517680075004
0.0,0.0,11.688063189336223,0.0,0.02373814719112059,0.00950709419389259
0.0,0.0,12.08474523902106,0.0,0.0027721816074215357,0.010070885367903104
0.0,0.0,11.86404030051116,0.0,0.0018811230965003936,0.013254903922745975
0.0,0.0,11.724243619412897,0.0,0.014925804824561606,0.009897837098506033
0.0,0.0,11.737692318698189,0.0,0.029836701836912817,0.006321416185398184
0.0,0.0,11.990874970834271,-0.0040995218348494535,0.048914746126859594,0.0039063138285656916
0.0,0.0,11.960727263852519,-0.0073623001669943875,0.050557686174506844,0.004887609944464262
0.0,0.0,12.001016823107395,0.0,0.030348951796187257,0.004751826345115546
0.0,0.0,12.203948159512404,0.0,0.005033888625168898,0.001348802782800631
0.0,0.0,12.59986328188796,0.0,0.0,0.003190069856251607
0.0,0.0,12.617622201424462,0.0,0.00354064447621341,0.005919945731480618
0.0,0.0,12.034548523596225,0.0,0.017055084434983304,0.0031995916523977993
0.0,0.0,11.908919225344393,0.0,0.03165722080332095,0.0015052942241347987
0.0,0.0,12.134245799726232,-1.7404773111069248e-05,0.029739378996007065,0.0
0.0,0.0,12.538805051765012,0.0,0.020040952155322755,0.0011359660003674114
0.0,0.0,12.999217856542625,0.0,0.011685099879291894,0.0
0.0,0.0,12.41298180026958,0.0,0.012506906630931142,0.0
0.0,0.0,11.864489108045465,-0.0023374713739583797,0.026708299071310677,0.0007532803174009613
0.0,0.0,12.209544433350102,0.0,0.023577989977384178,0.0
0.0,0.0,12.209658922674603,-0.0011287142279169618,0.012293601288983085,0.0
0.0,0.0,11.820821377130773,0.0,0.007381839935234544,0.0
0.0,0.0,11.745541836846893,0.0,0.008319746135016673,0.0
0.0,0.0,12.321094960376069,0.0,0.00034493187574942256,0.0
0.0,0.0,12.196713172078564,0.0,0.005993553113966014,0.0
0.0,0.0,11.259731956242664,0.0,0.007892709979319627,0.0
0.0,0.0,11.67321910700613,0.0,0.007087427271376165,0.0
0.0,0.0,11.991375133267484,0.0,0.0,0.0
0.0,0.0,11.927484987518985,0.0,0.0028281394905140035,0.0
0.0,0.0,11.607267913655951,0.0,0.0069664410863331085,0.0
0.0,0.0,11.148906153386578,0.0,0.009938646409217353,0.0
0.0,0.0,11.31563372651887,0.0,0.0016482291336955654,0.0
0.0,0.0,11.320869128465315,0.0,0.004556973317731948,0.0
0.0,0.0,11.017429119265811,0.0,0.001972839936646772,0.0
0.0,0.0,10.297332448091174,0.0,0.005010652205419878,0.0
0.0,0.0,10.10939255753382,0.0,0.0,0.0
0.0,0.0,10.452358001497249,0.002104120528743878,0.0,0.0
0.0,0.0,10.715295583529663,0.0015943328582494892,0.0,0.0
0.0,0.0,9.573082378570344,0.0,0.0,0.0
0.0,0.0,9.0315766607083,0.0,0.0,0.0
0.0,0.0,9.445756215613795,7.443211431183171e-05,0.0,0.0
0.0,0.0,9.546332017904097,0.005524503553226078,0.0,0.0
0.0,0.0,9.417919248613682,0.0,0.0,0.0
0.0,0.0,8.792225143829755,0.0,0.0,0.0
0.0,0.0,8.902503580971931,0.0,0.0,0.0
0.0,0.0,9.764961790939498,0.0,0.0,0.0
0.0,0.0,10.104015402961261,0.0,0.0,0.0
0.0,0.0,9.346717829817576,0.0,0.0,0.0
0.0,0.0,9.331684796012375,0.0,0.0,0.0
0.0,0.0,10.32085499874081,0.0,0.0,0.0
0.0,0.0,10.397920120209319,0.0,0.0,0.0
0.0,0.0,9.500146561084476,-0.0010416452865045626,0.0,-0.0005493467979747435
0.0,0.0,9.523908620429925,0.0,0.0,0.0
0.0,0.0,10.631848316220012,0.0,0.0,-0.0011940431559442455
0.0,0.0,10.391160106937157,0.0,0.0,-0.0005364802192221322
0.0,0.0,9.280886508827004,-0.0019776767090895087,0.0,-0.0029263936930773817
0.0,0.0,9.235094898179057,0.0,0.0,-0.002170537936368525
0.0,0.0,9.982902472600607,0.0,0.0,-0.0014455534874643192
0.0,0.0,10.128885148180263,0.0,0.0,0.0
0.0,0.0,9.04587151981865,0.0,0.0,-0.004548179896237142
0.0,0.0,8.53881210019297,0.0,0.0,-0.0036844547653121797
0.0,0.0,8.741671539976197,0.0,0.0,-0.0036958159011929075
0.0,0.0,9.46911167037929,0.002088297271783081,0.0,-0.004128625963730301
0.0,0.0,8.581592334380517,0.0,0.0,-0.003522406247017327
0.0,0.0,7.941550780268605,0.0,0.0,-0.0055969384678769
0.0,0.0,8.620774028507764,0.0032957453412439434,0.0,-0.008307989798756313
0.0,0.0,9.014484062581458,0.0015664517162345098,0.0,-0.00841268083093523
0.0,0.0,8.869599773043216,0.0,0.0,-0.0099837712444909
0.0,0.0,8.144550672481918,0.0,0.0,-0.014042922348427283
0.0,0.0,8.704805349667405,0.0,0.0,-0.012156524860268952
0.0,0.0,9.17032605663778,0.0,0.0,-0.01215842305984897
0.0,0.0,8.809411506926832,0.003532124938418965,0.0,-0.011634065877037792
0.0,0.0,8.64552764229177,0.0,0.0,-0.01573693041946322
0.0,0.0,8.307281420699587,0.0,0.0,-0.015891764406745307
0.0,0.0,8.521347841268092,0.0,0.008769342462037685,-0.01692614231850379
0.0,0.0,8.266375198799855,0.0,0.0037262392335649895,-0.012832277406248963
0.0,0.0,7.96025347612643,0.0,0.003560153825257627,-0.017493489292772484
0.0,0.0,7.58753562439154,0.0,0.0,-0.013666207144543191
0.0,0.0,7.94342400339274,0.0,0.0,-0.014922781396288179
0.0,0.0,7.755587624615707,0.0,0.0,-0.009530213938826514
0.0,0.0,6.992086398450139,0.0,0.0,-0.010170859005772161
0.0,0.0,7.309234410485082,0.0,0.0,-0.008994359472705986
0.0,0.0,7.675822833320888,0.0,0.0,-0.010962488608402344
0.0,0.0,7.4736436379914295,0.0,0.0,-0.009165416567021958
0.0,0.0,6.787640250879379,0.0,0.00527514957638213,-0.00830642989019934
0.0,0.0,7.3102740667698045,0.0,0.0032336548172740625,-0.009575915766783662
0.0,0.0,7.254743962153475,0.0,0.008337506690809137,-0.006115463664017535
0.0,0.0,6.457193299407758,0.0,0.0060322389033809435,-0.008271327814216559
0.0,0.0,6.708543002840135,0.0,0.0,-0.004180857832427535
0.0,0.0,6.706405611293462,0.0068500841812361695,0.0,-0.004326800140005383
0.0,0.0,6.627746080806821,0.012572520981163945,0.0,-0.002791827596184484
0.0,0.0,6.492869682423897,0.0030950346596855076,0.0,-0.006498493372914899
0.0,0.0,6.15738863037476,0.0,0.0,-0.0051893585900668745
0.0,0.0,6.465110091292449,0.0,0.0,-0.006068558219075919
0.0,0.0,6.481871626467077,0.0,0.0,-0.00821070564200849
0.0,0.0,7.2454200801189135,0.008501804854237044,0.0,-0.0062119961058454375
0.0,0.0,7.335956046371109,0.0014446980660008768,0.0,-0.006699485475107646
0.0,0.0,7.40902525324173,0.0,0.0007932326928946614,-0.009831986510508029
0.0,0.0,7.611058228228458,0.0,0.003693850238945413,-0.010782402384297219
0.0,0.0,7.607667661872705,0.0,0.0193323181781482,-0.012055877391821315
0.0,0.0,7.47622280470046,0.0,0.0078248097772923,-0.012737039128623891
0.0,0.0,7.731273789769143,0.0,0.009802840196381203,-0.015624742339115313
0.0,0.0,7.572091254437754,0.0,0.013300738406133172,-0.009861963989672063
0.0,0.0,7.10718858092068,0.0,0.011348556507788973,-0.014102138863733654
0.0,0.0,7.526354138179532,0.0,0.0028925951016790788,-0.016076536117002948
0.0,0.0,8.049971072534916,0.0,0.019608057828393227,-0.01538359638592785
0.0,0.0,7.6217650661150795,0.0,0.017780620239385595,-0.01046193262762157
0.0,0.0,7.291305674592212,0.0,0.029794021414627635,-0.016205305239839825
0.0,0.0,7.6970286443294755,0.0,0.028175560743232776,-0.012180690614159276
0.0,0.0,7.722009821639409,0.0,0.02095404842500504,-0.01387509432010232
0.0,0.0,8.006710890571743,0.0,0.014128570871371853,-0.012522655535580287
0.0,0.0,7.569142242956398,0.0,0.029828853106941437,-0.00908943320346175
0.0,0.0,7.259463603551602,0.0,0.03237367262587419,-0.00628634425940309
0.0,0.0,8.09354413787498,0.0,0.010789158641854793,-0.004737137727113405
0.0,0.0,7.798109769806672,0.0,0.022347964144290793,-0.0013965537094667978
0.0,0.0,7.09629252881429,0.0,0.017194696975749244,0.0
0.0,0.0,7.427108936090074,0.0004557528656990918,0.005012833330554521,0.0
0.0,0.0,7.33351078625441,0.003270886512176916,0.0013685163101330616,0.0
0.0,0.0,7.465110251461532,0.0037139079900125292,0.004867312994303303,0.0
0.0,0.0,7.210339232801881,0.0,0.016030650459566437,0.0
0.0,0.0,6.841159461140005,0.0,0.021747759707984687,0.0
0.0,0.0,7.022174519557654,0.0,0.030002339743361518,0.0
0.0,0.0,6.890554005327883,0.0,0.029953840340184317,0.0
0.0,0.0,7.063510968315245,0.0,0.018265129788465916,0.0
0.0,0.0,6.791931673678507,0.0,0.022374143330628975,0.0
0.0,0.0,6.846016735626696,0.0,0.019311525698991545,0.0
0.0,0.0,6.837812720018171,0.0,0.015406116652678398,0.0
0.0,0.0,6.901310556934879,0.0,0.006664392065777498,0.0
0.0,0.0,6.250576660212011,0.0,0.013006324300778435,0.0
0.0,0.0,6.908080389238495,0.0,0.014906334121233345,0.0
0.0,0.0,6.679882177534158,0.0,0.0278950467343727,0.0
0.0,0.0,5.585970109133847,0.0,0.05000943574430431,0.0
0.0,0.0,5.949634055818627,0.0,0.025204164422731806,0.0
0.0,0.0,6.875000358220139,0.0,0.025901969366301687,0.0
0.0,0.0,6.459171473906513,0.0,0.015870747632645277,0.0
0.0,0.0,6.177518173239729,0.0,0.024686478961222023,0.0
0.0,0.0,6.787491669218213,0.0,0.016038109269934032,0.0
0.0,0.0,6.832974773389644,0.0,0.02128317794820654,0.0
0.0,0.0,7.109372751221142,0.0,0.020479974839630828,0.0
0.0,0.0,6.888534999787422,0.0,0.02562595206315092,0.0
0.0,0.0,6.667504096155277,-0.00017237469684967867,0.03711193124946096,0.0014390172829450653
0.0,0.0,7.455664282300911,0.0,0.03035105782893476,0.0046799084806045214
0.0,0.0,7.204032295541784,0.0,0.04655898496282904,0.005782918375912277
0.0,0.0,6.601883184464806,0.0,0.03315286110924246,0.007866084436738021
0.0,0.0,7.310997565195704,0.0,0.014261623028354422,0.0037142662974647147
0.0,0.0,7.649986676357163,0.0,0.005248257192627964,0.014858422889980905
0.0,0.0,7.793345592672002,0.0,0.005598966264162683,0.009021773405657697
0.0,0.0,7.535600022742962,0.0,0.0230491896595233,0.010671241672702479
0.0,0.0,7.4796269812355956,0.0,0.03608744588738846,0.009576763725952389
0.0,0.0,7.644012793109772,-0.0030409455480057217,0.059192895211416685,0.009983669104876861
0.0,0.0,7.652237222045298,-0.00014660059156387895,0.05411434688456294,0.007780480669313876
0.0,0.0,7.188785727518528,0.0,0.051043890213818055,0.00762329158054435
0.0,0.0,6.703571999013656,0.0,0.03581067735661941,0.0083073786070832
0.0,0.0,6.75283817736685,0.0,0.020075156519821023,0.008030773747593428
0.0,0.0,6.947057898525673,0.002771561355760881,0.005266517537419186,0.015125961221205447
0.0,0.0,6.425012973854036,0.00672997824067679,0.005503976019406751,0.01869992903647306
0.0,0.0,5.9619493251156195,0.005394070160167467,0.0007122176351938547,0.016531857708715774
0.0,0.0,6.292750633681189,0.003870777717792868,0.0049760139912901485,0.015553018686042605
0.0,0.0,6.172211489664172,0.0,0.012815023542239398,0.020840384008184918
0.0,0.0,5.507380263060815,0.0,0.03893150428971287,0.019371121249038552
0.0,0.0,5.798759000378038,0.0,0.04655773450495454,0.014518016541363723
0.0,0.0,5.851572929380163,0.0,0.05362359184402053,0.01582448068997055
0.0,0.0,6.100857444698571,0.0,0.0374629923342937,0.015189734579941855
0.0,0.0,6.230244758644206,0.0,0.014685776597214328,0.015686630939881423
0.0,0.0,6.225367108716007,0.0,0.011553461110663762,0.01517462444333469
0.0,0.0,6.672353460234211,0.00828341064052803,0.006587757034266076,0.017991240120689752
0.0,0.0,6.921846150753803,0.00444062460559861,0.010023816623283398,0.01284151931091571
0.0,0.0,7.077469341544311,0.0012513643924500864,0.013817286790023331,0.01643467800659986
0.0,0.0,7.153024245466005,0.0,0.029634488109741442,0.013339086924211558
0.0,0.0,7.457756683199063,0.0,0.05979651447320442,0.011688020044155634
0.0,0.0,7.000276297470146,-0.003307245888468502,0.0717925187378503,0.009128800745743662
0.0,0.0,7.387352546789819,0.0,0.06667868196297984,0.009943572652295334
0.0,0.0,7.387352546789819,0.0,0.06667868196297984,0.009943572652295334
0.0,0.0,7.14615297676214,0.0,0.05128109349549601,0.009926808914000166
0.0,0.0,6.751853073231142,0.0,0.02236434805302879,0.016284397843874136
0.0,0.0,6.942215703813329,0.0,0.015338320002132172,0.015617339933618607
0.0,0.0,6.670673526291473,0.0,0.01776527305555417,0.01656575845785536
0.0,0.0,6.403572001766227,0.0,0.023999370928606618,0.014747576584621997
0.0,0.0,6.460656494617775,0.0,0.04211591645521272,0.015831970315924575
0.0,0.0,6.3363981466114385,0.0,0.06021213145052566,0.014327942728350862
0.0,0.0,6.001427289205963,0.0,0.07238384564749405,0.012339779751873722
0.0,0.0,6.415284585756396,0.0,0.050672136234651444,0.011946855249105564
0.0,0.0,6.124131944505843,0.0,0.03414167651256422,0.008979221631444443
0.0,0.0,6.425718698170958,0.004168053270431166,0.026159528761766658,0.011650864762353977
0.0,0.0,6.496150703257221,0.0,0.026931775503028627,0.010965462823994285
0.0,0.0,5.5141170438254905,0.0,0.04952880866624773,0.008462418006704836
0.0,0.0,6.0794261618086605,0.0,0.034008081239330454,0.007805243978193044
0.0,0.0,6.386346706577494,0.0,0.05082344771998647,0.006647849325342123
0.0,0.0,6.703627642144747,0.0,0.05719479895242126,0.00871651508700091
0.0,0.0,6.168540887854936,0.0,0.07113387140059424,0.005432833228001295
0.0,0.0,6.493408150109481,0.0,0.06544908642729663,0.006147022339278104
0.0,0.0,7.078729218609183,0.0,0.0415920268936384,0.006867273151266576
0.0,0.0,7.078729218609183,0.0,0.0415920268936384,0.006867273151266576
0.0,0.0,6.899300352476368,0.0,0.03846162552052993,0.005495126642875281
0.0,0.0,6.890596255316629,0.0,0.04104217785406921,0.004692712628315469
0.0,0.0,7.329318438238138,0.0,0.045992159191800795,0.005457417191002397
0.0,0.0,6.9471854458854,0.0,0.06469307298828927,0.005914779697103518
0.0,0.0,7.099019197545545,0.0,0.05532346637020391,0.004782792722766809
0.0,0.0,7.04853618105042,0.0,0.045893373444655106,0.006491334517419155
0.0,0.0,6.910959894396359,0.001595461548432496,0.03558183989840462,0.01015258111129292
0.0,0.0,7.6434357010789515,0.004134375532884609,0.033461932466464825,0.009060563715254967
0.0,0.0,6.971324146455733,0.0,0.041015546878769564,0.0065094916724333885
0.0,0.0,6.771348240200339,0.0,0.050504540620550466,0.007902119718746567
0.0,0.0,6.840648429260092,0.0,0.05244674372532804,0.00937178536288878
0.0,0.0,6.996177495636347,0.0,0.050086351708538014,0.004780595953402502
0.0,0.0,6.622993123330143,0.0,0.041624470321909836,0.008174340889307076
0.0,0.0,5.939687476996737,0.0,0.04603223040204072,0.008271247809988794
0.0,0.0,5.70291683184776,0.0,0.04097673038343809,0.012736447949593143
0.0,0.0,6.032463219908793,0.0073629595175119505,0.020191764027235118,0.013018882055935321
0.0,0.0,5.425794589165245,0.007535227871971713,0.013065447921862167,0.012050603567063037
0.0,0.0,5.2752587109287425,0.00969685620073947,0.00879613569576951,0.014504131048323137
0.0,0.0,5.9189324227815385,0.007813623885092361,0.014573649299287006,0.013078994910787031
0.0,0.0,5.539845089709411,0.0,0.027930781489264263,0.014395801783410595
0.0,0.0,5.267764392902382,0.0,0.04619459944354114,0.008042615266003103
0.0,0.0,5.667052290782394,0.0,0.055164501212748907,0.013506956438377144
0.0,0.0,6.036806403600568,0.0,0.052149973347013476,0.01300327739093374
0.0,0.0,6.12124999224989,0.0,0.035765881241983453,0.00956927618782873
0.0,0.0,6.488658008302162,0.0,0.013377326186889254,0.011048712818021895
0.0,0.0,6.862565215038961,0.0,0.014703605693749367,0.010068736630992938
0.0,0.0,6.859656733160335,0.0,0.026568215442643615,0.011655021648965
0.0,0.0,6.745728788101171,0.0,0.044041601888983664,0.00796222285944887
0.0,0.0,6.5597159474956275,-0.010863948792284306,0.07074685364377167,0.007592459856605121
0.0,0.0,6.799559818059916,-0.006920535928108181,0.07444615599992364,0.007591355204570299
0.0,0.0,6.821320964790606,-0.006934211539591864,0.0830959125448674,0.0038479377801908165
0.0,0.0,6.499227298863748,0.0,0.07280246549647887,0.007522803133165038
0.0,0.0,6.235208083189309,0.0,0.04627815283778185,0.004744499928663921
0.0,0.0,6.57385448301053,0.0,0.023910532306683267,0.005349028345661362
0.0,0.0,7.000226642341414,0.00844609707197071,0.01431139786219233,0.007738229581689496
0.0,0.0,6.581849639243647,0.0,0.0284445750626177,0.005641150830583331
0.0,0.0,5.866251893075236,0.0,0.037703671412568626,0.0007557703567804962
0.0,0.0,6.1951625322048995,0.0,0.06175971677202334,0.003695855227602328
0.0,0.0,6.4636702402188035,0.0,0.078705349486003,0.005004319244107523
0.0,0.0,5.892716036252796,0.0,0.08694343652929358,0.0
0.0,0.0,5.452844887146684,0.0,0.09851481224482503,0.0
0.0,0.0,5.888337415345886,0.0,0.07230549681499548,2.5314705960878015e-05
0.0,0.0,5.878883275871635,0.005248444292091458,0.03479309847235348,0.0
0.0,0.0,5.8656402198544075,0.00454290849573168,0.029322586297755766,0.0
0.0,0.0,5.511822343888264,0.0012548941552603245,0.023752610268405187,0.0
0.0,0.0,5.932191388233912,0.005221773979871792,0.017177976410795277,0.0
0.0,0.0,6.112101938630279,0.0,0.04682010417554873,0.0
-0.033748160413695286,0.0,5.286452832588544,0.0,0.08812651175962556,0.0
0.0,0.0,5.649551260791525,0.0,0.07894762674306581,0.0
0.0,0.0,5.82775146562255,0.0,0.09055859352274383,0.0
0.0,0.0,5.704502820193431,0.0,0.07872890712457684,0.0
0.0,0.0,5.952686532285215,0.0,0.05274519450403383,0.0
0.0,0.0,5.674730023888239,0.0,0.045572438347064446,0.0
0.0,0.0,5.9762553928034965,0.0,0.03340507641438529,0.0
0.0,0.0,6.856985413775796,0.00414204002972062,0.028246571651494124,0.0
0.0,0.0,7.0155261081736215,0.002041421696541693,0.03746586562364027,0.0
0.0,0.0,6.260214523514721,0.0,0.07183825022219345,0.0
0.0,0.0,6.44547495693142,0.0,0.07721627629987252,0.0
0.0,0.0,6.970078364093817,0.0,0.0839036386451211,0.0
0.0,0.0,6.254480406019182,0.0,0.0887990817898533,0.0
0.0,0.0,5.7367102738995985,0.0,0.06285886261424081,0.0
0.0,0.0,6.00119078629083,0.0,0.026204168285463826,0.0
0.0,0.0,6.410829716243166,0.007989813904327403,0.01891897901173383,0.0
0.0,0.0,5.5953757679471625,0.0028417268229125104,0.02175189677592734,0.0
0.0,0.0,5.424010801867271,0.0056181018819218475,0.007654618095876553,0.0
0.0,0.0,5.821428103509994,0.0040526595763774,0.01565371345280104,0.0
0.0,0.0,5.887558138522716,0.0,0.03570472390193886,0.0011167366313509432
0.0,0.0,5.67436588614791,0.0,0.030900901930033142,0.0
0.0,0.0,5.4251521668774725,0.0,0.04108423387742609,0.0
0.0,0.0,5.498005070001211,0.0,0.048373965481959325,0.0
0.0,0.0,5.704611832719449,0.0,0.035578315480851413,0.001501667491091178
0.0,0.0,5.858773867858299,0.0,0.025550958211732033,0.0
0.0,0.0,4.943124125679342,0.0,0.024309412984004148,0.0002559030418366677
0.0,0.0,6.279288871042352,0.0025486439923774434,0.013296973821323018,0.0
0.0,0.0,6.547464461366987,0.0,0.030533107664598037,0.0008472877153737682
0.0,0.0,5.2593650589813645,-0.0008933518453190101,0.08342849733875732,0.0006505477884159548
0.0,0.0,5.332297064568914,0.0,0.0709845696962756,0.0008775897913532819
0.0,0.0,6.350379577672418,0.0,0.08286250870254672,0.00021891925270079007
0.0,0.0,6.363021369190213,0.0,0.0732890629195903,0.004172523761968889
0.0,0.0,6.170572960739217,0.0036715064350589938,0.04402127177874629,0.0006221805162631675
0.0,0.0,6.386440643928875,0.019736313720361713,0.023842442518590485,0.0003647962413518485
0.0,0.0,6.587843640155566,0.017661829440337513,0.028170453236233732,0.0029928039002742528
0.0,0.0,6.960475336926959,0.00842560694262008,0.022568369835553288,0.00259752633267563
0.0,0.0,6.672949210680218,0.0,0.0452498873073668,0.0
0.0,0.0,5.957441273209922,0.0,0.08720544014942894,0.0
0.0,0.0,6.5138110239948075,0.0,0.0765223760150214,0.0011399537361441176
0.0,0.0,6.848351228036682,0.0,0.07650849793522133,0.0010449036350389772
0.0,0.0,6.18877731757249,0.0,0.10321311514268092,0.003737868969390111
0.0,0.0,5.703801449939158,0.0,0.06770922773622871,0.0
0.0,0.0,6.013633994951479,0.0,0.03967038815795536,0.0017569358812245348
0.0,0.0,6.14111059170689,0.0,0.028405272152547213,0.0039041096218914843
0.0,0.0,5.216989930496377,0.0,0.03936388895781922,0.003156228212427205
0.0,0.0,5.216989930496377,0.0,0.03936388895781922,0.003156228212427205
0.0,0.0,5.601012165917373,0.0,0.051443298154809025,0.003840365989702278
0.0,0.0,5.742686312074918,0.0,0.0770680832235732,0.006826521827040813
0.0,0.0,5.242297631476105,0.0,0.07445089997249292,0.003506796639598403
0.0,0.0,5.327231633071975,0.0,0.05206871170197895,0.004238922238395325
0.0,0.0,5.30672482256143,0.000719293659951619,0.03381347073788129,0.006829648972904026
0.0,0.0,5.503388411207436,0.007909405102875206,0.01139377642591657,0.006622062696147127
0.0,0.0,5.462494644193036,0.0,0.015019463373910297,0.008691279766164966
0.0,0.0,5.400753505907569,0.0,0.01964572181954564,0.009648278536765129
0.0,0.0,5.601481596928404,0.0,0.04539166351290748,0.0055745723055759646
0.0,0.0,5.017546305177932,-0.0034510289595761855,0.08373483790270056,0.010807457109711701
0.0,0.0,4.625126181664797,-0.006217621127749094,0.0792695703833293,0.006682290744713012
0.0,0.0,5.441070707863644,0.0,0.04830817239474022,0.008064736282270547
0.0,0.0,5.439522380224667,0.0,0.0545673942408559,0.008748652614346123
0.0,0.0,4.9639781353340515,0.0,0.04302496502290678,0.008872608824238279
0.0,0.0,5.1219501982353695,0.005114364222469638,0.025199190283134915,0.006560028366972214
0.0,0.0,5.411621931379182,0.00023803867334005845,0.04730890502832983,0.01336468649327141
0.0,0.0,5.103640655171434,0.0,0.05795242410088554,0.01529750521281468
0.0,0.0,5.2104095084050766,0.0,0.06867477155519801,0.009863047698230768
0.0,0.0,4.905566347218946,0.0,0.09143360584354536,0.011612281951923535
0.0,0.0,4.869102587435828,0.0,0.10033623308391623,0.010584938994757605
0.0,0.0,5.530161816543904,0.0,0.05812676531528042,0.011938965334552527
0.0,0.0,5.730340663903598,0.0,0.04635423744349826,0.011391756861088068
0.0,0.0,5.217409739378054,0.0,0.046149724274844914,0.01270413758965011
0.0,0.0,5.755861384490571,0.0,0.02996814055656275,0.011963242110124752
0.0,0.0,5.976625906597449,0.0,0.025743902378833988,0.0129084105854648
0.0,0.0,5.724535558351889,0.0,0.06451811909815082,0.01924255333831123
0.0,0.0,5.233765192452627,-0.0035509279335022375,0.10424474844872242,0.017851940558283604
0.0,0.0,5.041051973209162,0.0,0.10390410554229552,0.018738997233955095
0.0,0.0,5.65935947284353,0.0,0.08431027675883593,0.01803583489170793
0.0,0.0,5.413167212057752,0.0,0.0605320058087057,0.01793297941178304
0.0,0.0,5.187229839948538,0.0029790484123190333,0.03340213605518731,0.02445833555520898
0.0,0.0,5.719193833591477,0.0027102515353544542,0.0212704391830517,0.019976659583667334
0.0,0.0,5.308010015022228,0.0,0.03307853134919368,0.023550473549011956
0.0,0.0,4.822753355412816,0.0,0.05729291153183784,0.02406659479429859
0.0,0.0,5.2843253501937495,0.0,0.06177756242065493,0.021824757064952998
0.0,0.0,5.1738358069549895,0.0,0.09015965309263108,0.02045737714090158
0.0,0.0,4.918743047949853,0.0,0.07898702100367573,0.025361008185887202
0.0,0.0,5.303957726466688,0.0,0.06301997588444043,0.017823745416830166
0.0,0.0,4.823225649382175,0.0,0.05330338434994629,0.02294489623563415
0.0,0.0,4.810025351075746,0.0,0.04866351508697188,0.02177834755356666
0.0,0.0,5.320601041104329,0.0,0.025692839891397024,0.025187444999531926
0.0,0.0,5.230775297899437,0.0,0.051485417860291274,0.02035596970853327
0.0,0.0,4.555883900494071,-0.001224317506278873,0.09089987132434096,0.022814574601388412
0.0,0.0,4.787717184051634,0.0,0.10765798046456018,0.017809061201376944
0.0,0.0,5.078227292960188,0.0,0.13706592686817348,0.020353673022055575
0.0,0.0,4.651898718933621,0.0,0.13836436267181873,0.018313138753064256
0.0,0.0,4.736842492352624,0.0,0.08526620412160375,0.01686508263905063
0.0,0.0,4.977747713254507,0.0,0.07144916295674703,0.01908263001233042
0.0,0.0,5.213803198646749,0.0020152115132974816,0.04940872273922935,0.020328658830981443
0.0,0.0,4.9520830295907405,0.0,0.04418375911104368,0.017999153456610288
0.0,0.0,5.022785466247865,0.0,0.05393865840508205,0.018355778965517253
0.0,0.0,4.947718160077356,0.0,0.10305425046391141,0.018536778312339516
0.0,0.0,4.4695869401488775,0.0,0.1367068258426995,0.013456376153027038
0.0,0.0,4.459076013202346,0.0,0.12569257262463313,0.014779230899155144
0.0,0.0,4.8013611217463685,0.0017424586428982209,0.08608619153836093,0.010956196363420176
0.0,0.0,5.103311084093333,0.015216975633158065,0.051946073987380714,0.011565086498289532
0.0,0.0,4.4210476321434635,0.0077432752342597114,0.028020064654924022,0.009716622930971183
0.20174457663291268,0.0,4.20594760989164,0.0028549956733975746,0.004828903594160281,0.005532494372661304
0.0,0.0,4.696475749951671,0.0015191823570021657,0.006747833454167404,0.007539049791284068
0.0,0.0,4.121779185366127,0.0,0.047902059503417596,0.009957682692216599
0.0,0.0,3.81794220314215,0.0,0.07497996088264498,0.005933353495299711
0.0,0.0,4.3059272442023735,0.0,0.08049448519004608,0.004251655740067383
0.0,0.0,4.492609353079711,0.0,0.1060413299883443,0.006508350981991917
0.0,0.0,4.3989300462214445,0.0,0.0776536182083787,0.006483083949006911
0.0,0.0,4.32721615842682,0.0,0.05268768273749001,0.004355395063673179
0.0,0.0,4.713487988719985,0.0,0.03575942204856001,0.009491931675924103
0.0,0.0,4.4263559608549965,0.0,0.0450009763653578,0.007981471229579918
0.0,0.0,4.360765078188168,0.0,0.03964913602859306,0.009495061941232372
0.0,0.0,4.5378006773240624,0.0,0.06920969348279123,0.009125729044155978
0.0,0.0,3.929415308548426,0.0,0.11431051639772975,0.0113136465555744
0.0,0.0,3.744570059572587,0.0,0.11648593145167771,0.006820975807645381
0.0,0.0,4.353589336186569,0.014491329433427019,0.06865642253985553,0.00506945373670689
0.0,0.0,4.6271500348314785,0.00955194966559344,0.059941177594209825,0.007858960020680395
0.0,0.0,4.036723986327099,0.0,0.04484236807754423,0.00801261190283386
0.0,0.0,3.9799654139064877,0.0,0.035183739291479124,0.0030711174281255285
0.0,0.0,4.108189742418143,0.0,0.037682880208805454,0.006917954823512008
0.0,0.0,4.340604693959778,0.0,0.07737173600870899,0.009111117805853575
0.0,0.0,4.193499253500835,0.0,0.09240523881282753,0.003939221204579129
0.0,0.0,4.407394060480298,0.0,0.10326398454431081,0.003434988212147738
0.0,0.0,4.500050558722273,0.0,0.09601640782724574,0.005182878114708808
0.0,0.0,4.182974272004818,0.0,0.08727854599953752,0.007185197160888742
0.0,0.0,4.394933161413083,0.0,0.031514159531411755,0.0032063635600876285
0.0,0.0,4.866649203398081,0.0,0.021019842680387625,0.0029148440881796973
0.0,0.0,4.594314145659581,0.0,0.03951024386312953,0.004215491541042357
0.0,0.0,4.179000411568004,0.0,0.051695100426070596,0.002556470218994401
0.0,0.0,4.769979898521102,0.0,0.0517924928661212,0.0
0.0,0.0,4.663373307412941,0.0,0.07810756194452943,0.002552785697389568
0.0,0.0,4.2917180595895,0.0,0.09884708353945497,0.001597765095501637
0.0,0.0,4.306895876433131,0.0,0.06772529071068042,0.0012621119687780083
0.0,0.0,4.039367579719084,0.0,0.06246557128658366,1.0246625464833363e-06
0.0,0.0,4.857197054314357,0.004487350623973551,0.03542551767278299,0.0
0.0,0.0,4.788096939092147,0.0023593509333900043,0.04676913916306209,0.0
0.0,0.0,4.013909569334704,0.0,0.06169003178919711,0.002807646678758687
0.0,0.0,4.021505433232209,0.0,0.06963180290418505,0.0
0.0,0.0,4.265916168114215,0.0,0.08500877305955562,0.002226039806148455
0.0,0.0,3.5508326921297937,0.0,0.08838030875377635,0.0016012556940330643
0.0,0.0,3.9206079356711987,0.0,0.06419336334726397,0.0
0.0,0.0,3.608528974862496,0.003721216422420813,0.0440972192754083,0.00031434141215094547
0.0,0.0,3.621779935506191,0.00450495724827961,0.03541307115852971,0.001628575739764759
0.2103950596075505,0.0,3.540497336816762,0.01553426479938444,0.011930601635048601,0.00051223036660387
0.15280979171037573,0.0,3.2639017285597127,0.018230536392503324,0.008927544598867323,0.001180843936615954
0.16683174820237232,0.0,3.3720704543007294,0.017134679162058707,0.021080873045346043,0.004661248856474565
0.0,0.0,3.4822129846100487,0.00888116157926005,0.035276011534268056,0.0021830481228211464
0.0,0.0,3.2575423603595093,0.0,0.047071541825665045,0.0
0.0,0.0,4.035698997713903,0.0013664124274327652,0.044818590115105535,0.0002751416901408724
0.0,0.0,4.358665245131968,0.0,0.06063256969768764,0.0016720246639033178
0.0,0.0,3.764327901326007,0.0,0.08326882574222833,0.001402553360697211
0.0,0.0,4.0408162366181255,0.0,0.07284821638732672,0.0
0.0,0.0,4.490053785017684,0.0,0.06079950646186555,0.0
0.0,0.0,4.3857218985369935,0.0,0.07459641834547262,0.0
0.0,0.0,4.039459785787022,0.0,0.061789148653092686,0.0
0.0,0.0,4.08637574189669,0.0,0.05523745765094294,0.0
0.0,0.0,3.94162942943068,0.0,0.06958588644487419,0.0033207186739836352
0.0,0.0,4.15661945916961,0.0,0.07223133499300327,0.0023127997256727146
0.0,0.0,3.641851919651027,0.0016880571222878938,0.07149790775748817,0.002889486085312955
0.0,0.0,3.7278901815181213,0.0089480525988364,0.052879046134405715,0.0025092045500117407
0.0,0.0,3.5558422656287254,0.0,0.06257778256499376,0.004805452089276944
0.0,0.0,3.1655042971946017,0.0,0.044641239901750784,0.0032373609035802353
0.0,0.0,3.1655042971946017,0.0,0.044641239901750784,0.0032373609035802353
0.0,0.0,3.6041937669889905,0.014776446829514202,0.05003104260948975,0.006868600317261106
0.0,0.0,3.5417026000237377,0.020132121050369642,0.0579390513581433,0.0032938575815881868
0.0,0.0,3.4842765790577395,0.017507103730767654,0.054087242519902004,0.0022938779148435197
0.0,0.0,3.4178769713322743,0.0021709960747430352,0.06017370390920682,0.006995183522851829
0.0,0.0,3.9127831376300697,0.0,0.04721793633017053,0.007021399374325559
0.0,0.0,3.606246035270872,0.0,0.057850624325667156,0.005039209213880992
0.0,0.0,3.2703961735749045,-0.007934168298954308,0.05828105721750705,0.005279081661594052
0.0,0.0,3.7645810217202453,0.0,0.05183078916871882,0.0035778104355019156
0.0,0.0,4.0650575287252995,0.0,0.05121946952542215,0.00705187852555206
0.0,0.0,3.5272564166160523,0.0,0.06568828880538849,0.006500832453254386
0.0,0.0,3.668617740888236,0.0,0.0562728875685843,0.005363608723352483
0.0,0.0,4.244216677305198,0.0,0.05637128140212835,0.004966364047850461
0.0,0.0,4.000950908125031,0.0,0.059979797901741815,0.00782495323145281
0.0,0.0,3.807592624568161,0.0,0.06447224744415275,0.007297176368091825
0.0,0.0,3.485914656077612,0.0,0.0628991265824282,0.007343670248654956
0.0,0.0,3.7898333926200265,0.0,0.06942713279080934,0.0075029439856398195
0.0,0.0,3.610302379524087,0.0,0.08312129339195565,0.009961998940745422
0.0,0.0,3.0763764726251064,0.008164725092362386,0.07118120796872453,0.010167089766447021
0.0,0.0,3.309967319542735,0.024681276021770362,0.048970911371851174,0.009025704842608914
0.0,0.0,3.7371587418614696,0.03907467023316228,0.028148199108490535,0.014942028413784916
0.0,0.0,3.4935449122324065,0.009551215535501614,0.04749382460600672,0.011482229822596775
0.0,0.0,2.865240328790019,0.0,0.04547056909053367,0.009042795274545327
0.0,0.0,3.0232783593618375,0.0,0.04162985217551135,0.005616609951273039
0.0,0.0,3.313312658454444,0.0,0.04271720110578003,0.009756071264065084
0.0,0.0,3.736772798964578,0.0,0.043659406143616686,0.005816752880859557
0.0,0.0,3.0803596379920815,0.0,0.049976679866057666,0.00949399526988597
0.0,0.0,3.6081086250273287,0.0,0.031860516981846006,0.009549228227810156
0.0,0.0,4.290588883638134,0.0,0.026600609254052436,0.009684173960460387
0.0,0.0,4.132914564794218,0.0,0.03390719831761672,0.010229648487442263
0.0,-0.034386402858843965,3.5069763434148316,-0.006516120809080041,0.04708421559953056,0.007655863406177491
0.0,-0.01062264044180566,3.486270077558494,-0.011325751207696985,0.05016951104519811,0.00965090660406034
0.0,0.0,3.8754907989040164,-0.004018918786735626,0.06543717265881466,0.009334845303004926
0.0,0.0,3.3774962391560073,-0.006575136646513111,0.08571435872777687,0.011881816581322212
0.0,0.0,2.70845480137388,-0.001023945289641005,0.08155725505112807,0.007517415497036608
0.0,0.0,2.824590973623357,0.0,0.04860044831072603,0.012768127669734102
0.0,0.0,3.285185326079857,0.020714155618740935,0.030534568123436124,0.016526483771637436
0.0,0.0,2.7452026012202095,0.02339174253876944,0.02485203978877651,0.02001853016351156
0.0,0.0,2.621932988379407,0.01923710862616069,0.02151772449089287,0.01429208558657038
0.0,0.0,2.7832101731291816,0.004596040334261055,0.030991559930764006,0.01938257158151508
0.0,0.0,2.2173651336106057,0.0,0.05402621849314324,0.020192418094213953
0.0,0.0,2.3245204234415207,0.0,0.034290191709072985,0.01641404999931408
0.0,0.0,2.5723035802088425,0.0,0.02219923284575092,0.01616078970163686
0.0,0.0,2.495672468664152,0.0,0.028954995027797147,0.018016721506680426
0.0,0.0,2.8508531295909303,0.0,0.033715705139954685,0.01871073896851008
0.0,0.0,2.877753799770349,0.0,0.035240553350592875,0.01602557971883703
0.0,0.0,3.1851600614087188,0.0,0.041379320596398685,0.016343011187753012
0.0,0.0,3.5053839735836467,0.0,0.031587838403675725,0.015782956461410307
0.0,0.0,3.6328732575214877,0.0,0.028601297852497758,0.01184101123632794
0.0,0.0,3.169198844152419,-0.00392325991230035,0.05186439850862494,0.014785213186977047
0.0,0.0,3.2893241002372884,-0.003930610430799711,0.057350767964876204,0.010659732181453992
0.0,0.0,3.7255789102136654,0.0,0.05270484233427777,0.016275596700510462
0.0,0.0,3.506735227738769,0.0,0.030307631702228784,0.014018702460561546
0.0,0.0,3.5865809500907817,0.0,0.040882764315285404,0.015160647546829178
0.0,0.0,3.3194270584528263,0.0,0.03939527493517263,0.015406156833652294
0.0,0.0,3.5104720254711856,0.0,0.04464443986957295,0.015053330438647788
0.0,0.0,3.3998559414374676,0.0,0.03753566869853794,0.015997096602532273
0.0,0.0,3.3509561995456663,0.0,0.05507703248554101,0.01285455046365212
0.0,0.0,3.2637608058879017,0.0,0.06427661277240372,0.013800283439509179
0.0,0.0,2.978468359568251,0.0,0.06734155316418884,0.014484877711623167
0.0,0.0,2.978468359568251,0.0,0.06734155316418884,0.014484877711623167
0.0,0.0,3.3134841784528404,0.0004367834146442488,0.04391499451468379,0.012948658291349235
0.0,0.0,2.8319984111247516,0.0,0.037443307977445925,0.01701535802332258
0.0,0.0,2.6704260465928984,0.0,0.02169552208862379,0.013896898962121035
0.0,0.0,2.8514386246032033,0.0,0.011357446114129952,0.013251378539878306
0.0,0.0,2.8077387342487135,0.0,0.015964752318118985,0.013164914615502218
0.0,0.0,2.516100085316747,0.0,0.023160266085661317,0.009227581357450224
0.0,0.0,2.7928878365008947,0.0,0.01896198849753008,0.007489579400520599
0.0,0.0,2.8660593531064453,0.003571915485440273,0.02428366501753102,0.0100756012987552
0.0,0.0,3.065523935950339,0.0,0.021612090638630795,0.0077449143500477515
0.0,0.0,3.218031785368976,0.0,0.012317467507418205,0.0031491258440759077
0.0,0.0,3.078576902797491,0.0,0.01655186210997111,0.0024656869438128997
0.0,0.0,3.1743650338074008,-0.0014296403223211043,0.01790332500673198,0.0
0.0,0.0,3.5383416123641025,-0.0027690972379696343,0.01765066567267603,0.0
0.0,0.0,2.9747247941277446,-0.012426554135368037,0.02574617834547721,0.0
0.0,0.0,2.8499472005530304,-0.0017940213083045523,0.027527241439040607,0.0
0.0,0.0,3.3777484072505866,0.0,0.018069076081093476,0.0
0.0,0.0,3.014376111329502,0.0,0.029930550543100343,0.0
0.0,0.0,2.6090531251097753,0.0,0.02301455851976218,0.0
0.0,0.0,2.77168518140721,0.0,0.0031399747698430867,0.0
0.0,0.0,2.838346920689802,0.0,0.0018371329304433,0.0
0.0,0.0,2.6566913166649577,0.0,0.0,0.0
0.0,0.0,2.517052067765496,0.0,0.007762376738302375,0.0
0.0,0.0,2.306154596351174,0.0,0.020662919842592622,0.0
0.0,0.0,2.6121281454385796,0.0,0.021849613324114576,0.0
0.0,0.0,2.48000767292916,4.992341361621911e-05,0.01545757379621622,0.0
0.0,0.0,2.47668564241011,0.0,0.006259638010717867,0.0
0.0,0.0,2.514526583448686,0.0,0.003794961140620494,0.0
0.0,0.0,2.5396399011925372,0.0,0.0,0.0
0.013305886857114823,0.0,2.6674213465760785,0.0,0.0,0.0
0.0,0.0,2.6652693781825354,0.0,0.00020234968683283992,0.0
0.0,0.0,2.8747293977464317,0.0,0.003242665298952432,0.0
0.0,0.0,3.0000838309421116,0.0,0.011783360131128321,0.0
0.0,0.0,3.008754801225897,0.0,0.016747347573925618,0.0
0.0,0.0,3.052046832055283,0.0,0.015989648373688808,0.0
0.0,0.0,2.932612751731788,0.0,0.016071323862640853,0.0
0.0,0.0,3.356993126083632,0.0,0.005483867847502805,0.0
0.0,0.0,3.4298517688014143,0.0,0.0045772058870801845,0.0
0.0,0.0,3.279776778391697,-0.0011187550014892063,0.007417354329117258,0.0
0.0,0.0,3.237130605789587,0.0,0.0064248113825152746,0.0
0.0,0.0,3.642541263862751,0.0,0.011365656606779292,0.0
0.0,0.0,3.029489704654731,0.0,0.016886549007839785,0.0
0.0,0.0,3.0547820520717943,-0.00018345075170122624,0.013971069669304153,0.0
0.0,0.0,2.9007186156075493,0.0,0.011245873906539597,0.0
0.0,0.0,2.8177828855006877,0.0,0.0,0.0
0.0,0.0,2.83932240911819,0.0,0.0,0.0
0.22752972259430188,0.0,2.2958972654879597,0.0,0.0,0.0
0.4572416718066501,0.0,2.1746737579702,0.0,0.0,0.0
0.6811283574794806,0.0,2.2480055244326653,0.0,0.0,0.0
0.48771469846989646,0.0,2.1701961511279575,0.0,0.0,0.0
0.12797050204089638,0.0,1.9353224213910718,0.0007104450763594561,0.0,0.0
0.06603459143402284,0.0,2.093383291804903,0.004090419377519485,0.0,0.0
0.10222717813182687,0.0,2.346521147873369,0.005538972839097125,0.0,0.0
0.05313394502361568,0.0,2.1022959247172333,0.0,0.0,0.0
0.10215932737528699,0.0,2.38512250642398,0.0,0.0,0.0
0.0,0.0,2.7723846577207607,0.0,0.0,0.0
0.0,0.0,2.5471581560701746,-0.0027675386003826502,0.0036436587111308505,0.0
0.0,-0.11880290590244855,2.3079876219666735,-0.01272210949649594,0.013220007639636946,0.0
0.0,0.0,2.3736701634843405,-0.004912659161889064,0.006197756367999172,0.0
0.0,0.0,2.7521744243258466,0.0,0.0,0.0
0.09966412520671807,0.0,2.614779587999051,0.0,0.0,0.0
0.10502094573512229,0.0,2.242960905140601,0.0,0.0,0.0
0.37543326309002645,0.0,2.2464201470529406,0.0,0.0,0.0
0.43516663206244643,0.0,2.5029600762700612,0.0,0.0,0.0
0.0,0.0,2.4301097862650725,0.0,0.0,0.0
0.0,0.0,2.1659897377222443,0.0,0.0,0.0
0.0,0.0,2.1243601454965284,0.0,0.0005686404285058169,0.0
0.0,0.0,2.2790411432474107,0.0,0.0,0.0
0.19530036590042194,0.0,2.6590802509705584,0.0,0.0,0.0
0.06324551331788862,0.0,2.3051488665826887,0.0,0.0,0.0
0.17081556589142802,0.0,2.3599739298912774,0.0,0.0,0.0
0.20746433858179375,0.0,2.522403758854515,0.0,0.0,0.0
0.29546663743207835,0.0,2.6329942574874243,0.0,0.0,0.0
0.3484036465257444,0.0,2.5372843765228703,0.0,0.0,0.0
0.10848250703892366,0.0,2.7209082423323734,0.0,0.0,0.0
0.0,-0.01655085902046461,2.552255465736435,-0.007492085481779978,0.0,0.0
0.015938901526129264,0.0,2.5679568724136757,-0.0010436474716195075,0.0,0.0
0.10705598423187523,0.0,2.7733376687845395,0.0,0.0,0.0
0.009782511117006648,0.0,2.630097107297737,0.0,0.0,0.0
0.09631986346112456,0.0,2.906336160670614,0.0,0.0,0.0
0.0,0.0,2.9898068202417054,0.0,0.0,0.0
0.0,0.0,2.6561364645099603,-0.001796147133623122,0.0,0.0
0.0,0.0,2.796926147369931,-0.005345078049871285,0.0,0.0
0.0,0.0,2.670077692486868,-5.336744606381236e-05,0.0,0.0
0.0,0.0,2.599726858838789,0.0,0.0,0.0
0.0,0.0,2.3268213884718643,0.0,0.0,0.0
0.08416246120615328,0.0,2.1121262549380484,0.0,0.0,0.0
0.5419606795346725,0.0,2.3789730698112774,0.0,0.0,0.0
0.4598408925427905,0.0,1.9919514437498385,0.0,0.0,0.0
0.2596694544591443,0.0,1.7145128381801453,0.0,0.0,0.0
0.16175611824245778,0.0,1.8638994720346882,0.0,0.0,0.0
0.3820721022740545,0.0,1.544715936776603,0.0,0.0,0.0
0.597750776495886,0.0,1.6642072343609349,0.0,0.0,0.0
0.475324246868038,0.0,1.4460043668484692,0.0,0.0,0.0
0.8417851757429844,0.0,1.6938279543627055,0.0028874378245449953,0.0,0.0
0.853929957969917,0.0,1.9589510716167582,0.006904081154902875,0.0,0.0
0.32755089215726013,0.0,1.9309940815495537,0.0,0.0,0.0
0.0,0.0,2.126079005049456,0.0,0.0,0.0
0.0,-0.09468836985497713,2.2929002393586257,0.0,0.0,0.0
0.0,-0.10041238719630682,2.358525494398727,-0.0070628498840356185,0.0,0.0
0.0,0.0,2.536971595105709,-0.006895753885207703,0.0,0.0
0.0,-0.008758372263355508,2.328424359593538,-0.0030259244420809137,0.0,0.0
0.0,0.0,2.300835730329978,-8.340669093293033e-05,0.0,0.0
0.0,0.0,2.110716333410439,0.0,0.0,0.0
0.0,0.0,2.100907408624791,0.0,0.0,0.0
0.0,0.0,2.0726775593811704,0.0,0.0,0.0
0.0,0.0,2.087122778108037,0.0,0.0,0.0
0.0,0.0,2.059426922273026,0.0,0.0,0.0
0.0,0.0,1.8247653741943524,0.0,0.0,0.0
0.03710654545266563,0.0,2.155448691692859,0.0,0.0,0.0
0.0,0.0,2.0343306973724347,0.0,0.0,0.0
0.0,0.0,1.8943511799966575,0.0,0.0,0.0
0.0907570737141036,0.0,1.993998361385545,0.0,0.0,0.0
0.3571856379539635,0.0,2.2703244811318974,0.0,0.0,0.0
0.3286666911781754,0.0,1.8546709827831809,0.0,0.0,0.0
0.19228854635410364,0.0,2.193846160880088,0.0,0.0,0.0
0.0,0.0,2.152394519672355,0.0,0.0,0.0
0.0,0.0,2.1012481983144844,-0.0060665228772790085,0.0,0.0
0.0,0.0,2.865464645499631,0.0,0.0,0.0
0.0,0.0,2.5824776942185133,-0.0034619363829304474,0.0,0.0
0.0,-0.08852217967301063,2.3657831732263235,-0.0065400365028101355,0.0,0.0
0.0,-0.009724391422118431,2.4691283300833513,-0.0024187996231817845,0.0,0.0
0.0,0.0,2.5547066433576164,0.0,0.0,0.0
0.0,0.0,2.3123842885866583,0.0,0.0,0.0
0.004699191025659693,0.0,2.5127629901249966,0.0,0.0,0.0
0.0,0.0,2.272950418919039,0.0,0.0,0.0
0.04388491862737405,0.0,2.4115362865641066,0.0,0.0,0.0
0.0,0.0,2.1620956711099186,0.0,0.0,0.0
0.1522454153251648,0.0,2.0144679993228674,0.0,0.0,0.0
0.3666162890014498,0.0,2.1915674238575664,0.0,0.0,0.0
0.20312469155726626,0.0,1.96152014649669,0.0,0.0,0.0
0.27093608035837813,0.0,1.746267866941227,0.0,0.0,0.0
0.7246701420869269,0.0,1.929885690679211,0.0,0.0,0.0
0.9643524661708884,0.0,1.9663179633155674,0.0,0.0,0.0
0.9401262901092439,0.0,1.7881516278412612,0.0,0.0,0.0
0.9580002502177034,0.0,1.956539150696793,0.0,0.0,0.0
0.4909734551247963,0.0,1.772608440130216,0.0,0.0,0.0
0.35627791821148647,0.0,1.3139869965578153,0.0,0.0,0.0
0.6335103009120066,0.0,1.6400523078497833,0.0,0.0,0.0
0.8528403666639832,0.0,1.5446829898420802,0.0,0.0,0.0
0.9679601455083106,0.0,1.4567193581896773,0.0,0.0,0.0
0.675965753472818,0.0,1.6323203610525439,0.0,0.0,0.0
0.7902811576018286,0.0,1.34144464170005,0.0,0.0,0.0
1.0251683720278617,0.0,1.7646421005810424,0.0,0.0,0.0
0.4801932387647521,0.0,1.9349265992233895,0.0,0.0,0.0
0.0,-0.07868501713448797,1.6485794380135246,-0.008023214963507006,0.0,0.0
0.017390376615294058,-0.14974784572427846,1.6320273822153326,-0.010966970024624496,0.0,0.0
0.2483902552271134,0.0,1.869130145141807,-0.0016169638373970236,0.0,0.0
0.36281100425557805,0.0,1.702411655221836,0.0,0.0,0.0
0.47813530940465754,0.0,1.672590261470408,0.0,0.0,0.0
0.24453914258403983,0.0,1.5946618794350187,0.0,0.0,0.0
0.0799382598885226,0.0,1.5085659629956174,0.0,0.0,0.0
0.29292008753986654,0.0,1.4544989786350442,0.0,0.0,0.0
0.6145810603324772,0.0,1.415838055772389,0.0,0.0,0.0
0.8189511009524788,0.0,1.4930913344064636,0.0,0.0,0.0
0.44692399207078903,0.0,1.3909856288665678,0.0,0.0,0.0
0.39824767008777845,0.0,1.2808042433778062,0.0,0.0,0.0
0.6509003145774723,0.0,1.3978885581871274,0.0,0.0,0.0
0.7838615673830451,0.0,1.4162663812593475,0.0,0.0,0.0
0.33634381724812445,0.0,1.4066081287787298,0.0,0.0,0.0
0.010057970160147884,0.0,1.389651038253736,0.0,0.0,0.0
0.0,0.0,1.4091270602549042,0.0,0.0,0.0
0.167213273900518,0.0,1.6263339234974485,0.0,0.0,0.0
0.1200115100990398,0.0,1.7123734954990166,0.0,0.0,0.0
0.0,0.0,1.7028482886363012,-0.0054377236650768246,0.0,0.0
0.0,0.0,1.7553598178782508,-0.010134822604207231,0.0,0.0
0.0,0.0,1.885049936394259,-0.011072891157260005,0.0,0.0
0.0,-0.008300974340954764,1.7415391485402458,-0.01285985336844742,0.0,0.0
0.0,0.0,1.7844221774420403,-0.008858925328457407,0.0,0.0
0.0,0.0,1.8440356998431615,0.0,0.0,0.0
0.0,0.0,1.3755787431213162,0.0,0.0,0.006004434524808598
0.14336540118637736,0.0,1.4278481570492103,0.0,0.0,0.0013563761451057467
0.2804485212744571,0.0,1.4896763588720572,0.0,0.0,0.004286007750622188
0.6561028911898457,0.0,1.4425311174445836,0.0,-0.0002531123190976379,0.006861486111983543
0.4157513874730622,0.0,1.424691159170419,0.0,-0.005021415362740561,0.008343748498733396
0.2225435697890567,0.0,1.510444161219891,0.0,0.0,0.006780944098501419
0.0,0.0,1.3254476128113406,0.0,0.0,0.011052272767076958
0.0,0.0,1.4511142813070312,0.0,0.0,0.010728776388692693
0.0023114397363513317,0.0,1.5875194113281959,0.0,0.0,0.011211585337013726
0.22131509905844413,0.0,1.7656157376737815,0.0,0.0,0.010517864694773376
0.26222128056630856,0.0,1.7058240013562123,0.0,0.0,0.015862139345335154
0.14064170010151894,0.0,1.5086297878277524,0.0,0.0,0.014273832901570032
0.311194797541114,0.0,1.5648119729520795,0.0,0.0,0.01299553768339656
0.31416666047993347,0.0,1.7499630242653583,0.0,-0.0002723217668533356,0.012496859494276322
0.5076559121500553,0.0,1.6780315755105426,0.0,-0.0002227875309484051,0.013860636399521311
0.2814398316355925,0.0,1.5904981163531038,0.0,0.0,0.014329097516782801
0.006456869053630142,0.0,1.3606701304880002,-0.0038552576320138128,0.0,0.015064975903278799
0.0,0.0,1.2051922747554777,-0.018640060956870153,0.0,0.014601677238953874
0.0,0.0,1.147445831469845,-0.006179083915961637,0.0,0.014055443838699402
0.3779378801388221,0.0,1.0122804482785264,0.0,0.0,0.014432287176191156
1.136771425522968,0.0,0.9504703746059828,0.0,-0.012651066568006497,0.01554682273973237
1.4749392631358202,0.0,1.0587640657269413,0.003321108498297095,-0.021450607002352885,0.017239463074098706
0.9820014775777798,0.0,0.9018182181317895,0.0,-0.012013696258638035,0.016050122951958727
0.5791655617607994,0.0,0.9669316125707414,0.0,-0.008028014073670847,0.015011676370021057
0.19094049806000288,0.0,1.090638961764244,0.0,-0.0021578318168097425,0.017254352965661874
0.4596420267897212,0.0,1.3889246934204287,0.0,-0.0009081214958880937,0.013606171430670139
0.4596420267897212,0.0,1.3889246934204287,0.0,-0.0009081214958880937,0.013606171430670139
0.0,-0.006941939297837749,1.3255362351746447,-0.009551019912754458,0.0,0.014581003531609533
0.0,0.0,1.626681058696437,0.0,0.0,0.013135303889062025
0.0,0.0,1.4959542484642259,0.0,0.0,0.0121077018257459
0.1907286191468182,0.0,1.4137389237860145,0.0,0.0,0.012616092455515381
0.36942017293543833,0.0,1.6086529686678948,0.0,-0.0018672182002358547,0.010419350426754247
0.04110359874434645,0.0,1.3625830016479548,0.0,0.0,0.010225232019185437
0.009033382627151275,0.0,1.2754329089705798,0.0,0.0,0.012204967234146429
0.10852883835960399,0.0,1.253644949794068,0.0,0.0,0.015374023723971859
0.11877391337486172,0.0,1.173925120354191,0.0,0.0,0.013123578023427918
0.31365434533359593,0.0,1.16466701489554,0.0,-0.006349565252395628,0.012115997716630274
0.5243969903631603,0.0,1.1538656333268429,0.0,-0.00318895309177498,0.01334892135843318
0.09187504564102968,0.0,1.1754919557040575,0.0,0.0,0.012349265958258089
0.0,0.0,1.1924906167122888,0.0,0.0,0.013508337861619622
0.0,0.0,1.1098248916169642,0.0,0.0,0.010890325245435557
0.0,0.0,1.2879996392673976,0.0,0.0,0.01379305848452698
0.0,0.0,1.4714733517168055,0.0,0.0,0.011520703086805122
0.0,0.0,1.381282957170157,0.0,0.0,0.010483314651580785
0.0,0.0,1.5347305302374394,0.0,0.0,0.010656903001301501
0.0,0.0,1.8666585901776802,0.0,0.0,0.01066974203245881
0.0,0.0,1.5573638421837557,0.0,0.0,0.010872826964894115
0.0,0.0,1.6276428638391618,-0.0036738455839381463,0.0,0.005345728094996108
0.0,0.0,1.6782038495187446,-0.0010186295578904366,0.0,0.009375249662195941
0.0,0.0,1.670698522858959,-0.008015140632370672,0.0,0.004162320472038767
0.0,0.0,1.506467354957116,-0.009658728555393663,0.0,0.004775184675880147
0.0,0.0,1.4778530401045935,-0.012961411179895943,0.0,0.0029034040931682206
0.0,0.0,1.4362905674034265,0.0,0.0,0.0007725737339011213
0.0953764476771043,0.0,1.3387541199016988,0.0,0.0,0.0
0.26728268218756157,0.0,1.1548409617797055,0.0,-0.0036570301973049765,0.0
0.6087142866344158,0.0,1.2224216637187009,0.0,-0.0019498217581786375,0.0
0.3706345195219202,0.0,1.190454817815177,0.0,-0.0013485969287941786,0.0
0.13464065324653127,0.0,1.1124051864182922,0.0,0.0,0.0
0.1492244560693973,0.0,1.1560382711336412,0.0,-0.002448053263568621,0.0
0.36565809619144374,0.0,1.3043810010362826,0.0,-0.0016209301378663661,0.0
0.03074641591232947,0.0,1.3618890729142392,0.0,0.0,0.0
0.0,0.0,1.249832376137054,-0.0018127269716167905,0.0,0.0
0.0,0.0,1.2858843320880844,-0.0056125190759026364,0.0,0.0
0.0,0.0,1.3604139120339434,-0.0019057897973440616,0.0,0.0
0.0,0.0,1.25082367011828,0.0,0.0,0.0
0.048043646850226,0.0,1.1306756927370318,0.0,0.0,0.0
0.3004518697268587,0.0,0.9357497436317133,0.0,0.0,0.0
0.21746192836848502,0.0,1.0534105273718843,0.0,-0.00314801191515686,0.0
0.065088438750853,0.0,1.1789174698990645,0.0,0.0,0.0
0.0,0.0,0.9857614741374343,0.0,0.0,0.0
0.0,0.0,0.8968538483962977,0.0,0.0,0.0
0.0,0.0,0.8163746428346936,0.0,0.0,0.0
0.2500582770276515,0.0,0.7180265948300326,0.0,0.0,0.0
0.2648558722089527,0.0,0.4555465933723971,0.0,-0.0010994623989570168,0.0
0.3854313856007408,0.0,0.4082131338161795,0.0,0.0,0.0
0.0,0.0,0.35509657781473825,0.0,0.0,0.0
0.0,0.0,0.3049437791750833,0.0,0.0,0.0
0.3307151880967507,0.0,0.25104196590225897,0.0,0.0,0.0
0.2890640165536947,0.0,0.43757963945613715,0.0,-0.005276448910927502,0.0
0.49894577256911765,0.0,0.38232675354881995,0.0,-0.007652278721277073,0.0
0.31574488784725574,0.0,0.6200833505808531,0.0,-0.006378071551279311,0.0
0.0,0.0,0.6770033978664161,0.0,0.0,0.0
0.0,0.0,0.6157771328974062,0.0,0.0,0.0
0.0,0.0,0.8352657903109797,0.0,0.0,0.0
0.0,0.0,0.8243704020089642,0.0,0.0,0.0
0.0,0.0,0.6493542402700712,0.0,0.0,0.0
0.0,0.0,0.7471850504482035,0.0,0.0,0.0
0.0,0.0,0.8518515024864172,0.0,0.0,0.0
0.0,0.0,0.7248991290571805,0.0,0.0,0.0
0.0,0.0,0.5018047694389465,0.0,0.0,0.0
0.0,0.0,0.4991407390959771,0.0,0.0,0.0
0.0,0.0,0.38311150317197395,0.0,0.0,0.0
0.0,0.0,0.3450699007698103,0.0,-0.003093043603738527,0.0
0.009146717223960097,0.0,0.22605599142814933,0.0,-0.002082767086978766,0.0
0.0,0.0,0.2121552918244623,0.0,0.0,0.0
0.0,0.0,0.2581682560338911,0.0,0.0,0.0
0.0,0.0,0.2124233011979116,0.0,0.0,0.0
0.0,0.0,0.24294147955984524,0.0,0.0,0.0
0.0,0.0,0.2463186151331717,0.0,0.0,0.0
0.0,0.0,0.2891745604683716,0.0,0.0,0.0
0.0,0.0,0.3059553757999063,0.0,0.0,0.0
0.0,0.0,0.315517802086446,0.0,0.0,0.0
0.0,0.0,0.27808098992985664,0.0,0.0,0.0
0.0,0.0,0.2201038924034003,0.0,0.0,0.0
0.0,0.0,0.13952759980324722,0.0,0.0,0.0
0.0,0.0,0.3114705939080356,0.0,0.0,0.0
0.0,0.0,0.21526876338438372,0.0,0.0,0.0
0.0,0.0,0.010424844317015425,0.0,0.0,0.0
0.0,0.0,0.051102624104136685,0.0,0.0,0.0
0,0,0,0,0,0
0,0,0,0,0,0
0,0,0,0,0,0
0,0,0,0,0,0
0.0,0.0,0.0,0.0006692485668701375,0.0,0.0
0,0,0,0,0,0
0,0,0,0,0,0
0,0,0,0,0,0
0,0,0,0,0,0
0,0,0,0,0,0
0,0,0,0,0,0
0.0,0.0,0.0,0.000824978568824687,0.0,0.0
0,0,0,0,0,0
0,0,0,0,0,0
0,0,0,0,0,0
0.0,-4.739698367980645e-05,0.0,-0.00634839300484516,0.0036198142515911427,0.0
0.0,0.0,0.0,-0.0004559880813726191,0.0,0.0
0,0,0,0,0,0
0,0,0,0,0,0
0,0,0,0,0,0
0,0,0,0,0,0
0,0,0,0,0,0
0,0,0,0,0,0
0,0,0,0,0,0
0,0,0,0,0,0
0,0,0,0,0,0
0,0,0,0,0,0
0,0,0,0,0,0
0,0,0,0,0,0
0,0,0,0,0,0
0,0,0,0,0,0
0,0,0,0,0,0
0,0,0,0,0,0
0,0,0,0,0,0
0,0,0,0,0,0
0.0,0.0,0.0,0.0036407444514816242,0.0,0.0
0.0,0.0,0.0,0.004312241042212549,-0.002445264906013234,0.0
0.0,0.0,0.0,0.001936681055819561,-8.19104393848421e-05,0.0
0,0,0,0,0,0
0,0,0,0,0,0
0,0,0,0,0,0
0,0,0,0,0,0
0,0,0,0,0,0
0,0,0,0,0,0
0,0,0,0,0,0
0,0,0,0,0,0
0,0,0,0,0,0
0,0,0,0,0,0
0,0,0,0,0,0
0,0,0,0,0,0
0,0,0,0,0,0
0.0,0.0,0.0,0.005288936258232346,-0.00038540247997687494,0.0
0.06985223004794851,0.0,0.0,0.007435618382998807,-0.001009484997964038,0.0
0.04769002709502927,0.0,0.0,0.0030506958954313068,-0.0009478347598869142,0.0
0.0,0.0,0.0,0.0007693385357756011,0.0,0.0
0,0,0,0,0,0
0,0,0,0,0,0
0,0,0,0,0,0
0,0,0,0,0,0
0,0,0,0,0,0
0,0,0,0,0,0
0,0,0,0,0,0
0,0,0,0,0,0
0,0,0,0,0,0
0,0,0,0,0,0
0,0,0,0,0,0
0,0,0,0,0,0
0,0,0,0,0,0
0,0,0,0,0,0
0.0,0.0,0.0,0.0001743696353553794,-0.0014974480439300674,0.0
0.0,0.0,0.0,0.005737197500801173,-0.0017043308049210447,0.0
0.0,0.0,0.0,0.0030048298047020573,0.0,0.0
0,0,0,0,0,0
0,0,0,0,0,0
0,0,0,0,0,0
0,0,0,0,0,0
0,0,0,0,0,0
0,0,0,0,0,0
0,0,0,0,0,0
0,0,0,0,0,0
0,0,0,0,0,0
0,0,0,0,0,0
0,0,0,0,0,0
0,0,0,0,0,0
0,0,0,0,0,0
0,0,0,0,0,0
0,0,0,0,0,0
0,0,0,0,0,0
0,0,0,0,0,0
0,0,0,0,0,0
0,0,0,0,0,0
0,0,0,0,0,0
0,0,0,0,0,0
0,0,0,0,0,0
0,0,0,0,0,0
0,0,0,0,0,0
0,0,0,0,0,0
0,0,0,0,0,0
0.0,0.0,0.0,0.0,0.0,0.00034104396767757
0.0,0.0,0.0,0.0,0.0,0.003034534968398095
0.0,0.0,0.0,0.0,0.0,0.002856089747237524
0.0,0.0,0.0,0.0,0.0,0.0006761378618869633
0.0,0.0,0.0,0.0,0.0,0.0031969889949863065
0.0,0.0,0.0,0.0,0.0,0.002962515344935131
0.0,0.0,0.0,0.0,0.0,0.006861625587493229
0.0,0.0,0.0,0.0,0.0,0.00632807302167823
0.0,0.0,0.0,0.004443691068745058,0.0,0.006562011133989773
0.0,0.0,0.0,0.0067198853464465165,0.0,0.00761125103338519
0.0,0.0,0.0,0.001953602917655114,0.0,0.00688574614833101
0.0,0.0,0.0,0.0,0.0,0.010206900326435111
0.0,0.0,0.0,0.0,0.0,0.00853305529701957
0.0,0.0,0.0,0.0,0.0,0.006536079009220788
0.0,0.0,0.0,0.0,0.0,0.006111321969052639
0.0,0.0,0.0,0.0022871875218983618,0.0,0.007081169199066742
0.0,0.0,0.0,0.0014172299153084576,0.0,0.006972375831726227
0.0,0.0,0.0,0.0,0.0,0.006391116856687867
0.0,0.0,0.0,0.0,0.0,0.004150941121668155
0.0,0.0,0.0,0.0,0.0,0.007963781637638036
0.0,0.0,0.0,0.0,0.0,0.006463782725702957
0.0,0.0,0.0,0.0,0.0,0.007776316912937111
0.0,0.0,0.0,0.0,0.0,0.004623420956957281
0.0,0.0,0.0,0.0,0.0,0.007728553174277679
0.0,0.0,0.0,0.0,0.0,0.007044805576644234
0.0,0.0,0.0,0.0,0.0,0.006542869853703268
0.0,0.0,0.0,0.0,0.0,0.008412707734218669
0.0,0.0,0.0,0.0,0.0,0.00683773399186052
0.0,0.0,0.0,0.0018118677939321696,0.0,0.007709416031949799
0.0,0.0,0.0,0.0011619593821094812,0.0,0.005376847119423269
0.0,0.0,0.0,0.0,0.0,0.008531318910475762
0.0,0.0,0.0,0.0019952064725296554,0.0,0.00760408514413283
0.0,0.0,0.0,0.0007179200512745028,0.0,0.00632104726173586
0.0,0.0,0.0,0.0024989460767179572,0.0,0.0056400476605240075
0.0,0.0,0.0,0.0028230982660082966,0.0,0.006359099754417346
0.0,0.0,0.0,0.005200841073083317,0.0,0.005115218087513116
0.0,0.0,0.0,0.0038355318780700157,0.0,0.009476179711081178
0.0,0.0,0.0,0.0,0.0,0.005148680363388199
0.0,0.0,0.0,0.0,0.0,0.005582477341468802
0.0,0.0,0.0,0.0,0.0,0.004665449727896527
0.0,0.0,0.0,0.0,0.0,0.00683180378191445
0.0,0.0,0.0,0.0,0.0,0.0057653079777486935
0.0,0.0,0.0,0.0,0.0,0.004875176388107559
0.0,0.0,0.0,0.0,0.0,0.005574636236244222
0.0,0.0,0.0,0.0,0.0,0.005998864067226243
0.0,0.0,0.0,0.0,0.0,0.0029954055825382486
0.0,0.0,0.0,0.0,0.0,0.00569676190402425
0.0,0.0,0.0,0.0,0.0,0.004882460732581988
0.0,0.0,0.0,0.0,0.0,0.0037792479558468412
0.0,0.0,0.0,0.0011800378822947638,0.0,0.0025395384160731968
0.0,0.0,0.0,0.0015505845179467482,0.0,0.004213871391735815
0.0,0.0,0.0,0.0,0.0,0.0008591880799559793
0.0,0.0,0.0,0.0020895217115161923,0.0,0.002371656953190255
0.0,0.0,0.0,0.0,0.0,0.001013176391193608
0.0,0.0,0.0,0.0,0.0,0.0010114728936330658
0.0,0.0,0.0,0.0013451631422597735,0.0,0.0
0,0,0,0,0,0
0,0,0,0,0,0
0,0,0,0,0,0
0,0,0,0,0,0
0,0,0,0,0,0
0,0,0,0,0,0
0,0,0,0,0,0
0.0,0.0,0.0,0.002359059571584644,0.0,0.0
0.0,0.0,0.0,0.005026038850636209,0.0,0.0
0.0,0.0,0.0,0.00024378659802390756,0.0,0.0
0,0,0,0,0,0
0,0,0,0,0,0
0,0,0,0,0,0
0,0,0,0,0,0
0,0,0,0,0,0
0,0,0,0,0,0
0,0,0,0,0,0
0,0,0,0,0,0
0,0,0,0,0,0
0,0,0,0,0,0
0,0,0,0,0,0
0,0,0,0,0,0
0,0,0,0,0,0
0,0,0,0,0,0
0,0,0,0,0,0
0,0,0,0,0,0
0,0,0,0,0,0
0,0,0,0,0,0
0,0,0,0,0,0
0,0,0,0,0,0
0,0,0,0,0,0
0,0,0,0,0,0
0,0,0,0,0,0
0,0,0,0,0,0
0,0,0,0,0,0
0,0,0,0,0,0
0,0,0,0,0,0
0,0,0,0,0,0
0,0,0,0,0,0
0.0,0.0,0.0,0.0011401109963394501,0.0,0.0
0.0,0.0,0.0,0.001591718197253756,0.0,0.0
0.0,0.0,0.0,0.0012470315486445404,0.0,0.0
0.0,0.0,0.0,0.0006925165118536996,0.0,0.0
0.0,0.0,0.0,0.0006925165118536996,0.0,0.0
0.0,0.0,-0.019538471113376445,0.0,0.0,0.0
0,0,0,0,0,0
0,0,0,0,0,0
0,0,0,0,0,0
0,0,0,0,0,0
0,0,0,0,0,0
0,0,0,0,0,0
0,0,0,0,0,0
0,0,0,0,0,0
0,0,0,0,0,0
0,0,0,0,0,0
0,0,0,0,0,0
0,0,0,0,0,0
0,0,0,0,0,0
0,0,0,0,0,0
0,0,0,0,0,0
0,0,0,0,0,0
0.0,0.0,0.0,0.0054774708434518135,0.0,0.0
0.0,0.0,0.0,0.005079600577850564,0.0,0.0
0.0,0.0,0.0,0.0033056982047260314,0.0,0.0
0,0,0,0,0,0
0,0,0,0,0,0
0,0,0,0,0,0
0,0,0,0,0,0
0,0,0,0,0,0
0,0,0,0,0,0
0,0,0,0,0,0
0,0,0,0,0,0
0,0,0,0,0,0
0,0,0,0,0,0
0,0,0,0,0,0
0,0,0,0,0,0
0,0,0,0,0,0
0.0,0.0,0.0,0.0010882446163803486,0.0,0.0
0.0,0.0,-0.11461372837068824,0.003511810101575123,0.0,0.0
0.0,0.0,-0.07163045412159458,0.006325824770281858,0.0,0.0
0.0,0.0,-0.14876025256070022,0.003912279730144842,0.0,0.0
0.0,0.0,-0.12589550235689867,0.0,0.0,0.0
0.0,0.0,-0.05511770742458386,0.0,0.0,0.0
0.0,0.0,-0.0355031610861461,0.0,0.0,0.0
0,0,0,0,0,0
0,0,0,0,0,0
0,0,0,0,0,0
0,0,0,0,0,0
0,0,0,0,0,0
0,0,0,0,0,0
0,0,0,0,0,0
0,0,0,0,0,0
0,0,0,0,0,0
0,0,0,0,0,0
0,0,0,0,0,0
0,0,0,0,0,0
0,0,0,0,0,0
0,0,0,0,0,0
0,0,0,0,0,0
0,0,0,0,0,0
0.0,0.0,0.0,0.00037125424836029013,0.0,0.0
0.0,0.0,-0.09001466780453592,0.002395597740412939,0.0,0.0
0.0,0.0,-0.14299958349119032,0.008988996579975936,0.0,0.0
0.0,0.0,-0.1927738633067546,0.012469461281982737,0.0,0.0
0.0,0.0,-0.23576152041725612,0.006313675656107173,0.0,0.0
0.0,0.0,-0.2624655997424244,0.008658262889690042,0.0,0.0
0.0,0.0,-0.1665120106788209,0.004538542470685532,0.0,0.0
0.0,0.0,-0.1738200217504186,2.2133295445441603e-05,0.0,0.0
0.0,0.0,-0.1114171954731767,0.0,0.0,0.0
0.0,0.0,-0.14770711248787144,0.00011454285595345188,0.0,0.0
0.0,0.0,-0.07817357016441466,0.0001344890952754614,0.0,0.0
0.0,0.0,-0.05992010057967816,0.0,0.0,0.0
0.0,0.0,-0.01529934845132946,0.0,0.0,0.0
0.0,0.0,-0.01999159706806192,0.0,0.0,0.0
0.0,0.0,-0.03971883671666313,0.0,0.0,0.0
0.0,0.0,-0.013860583419826517,0.0,0.0,0.0
0.0,0.0,-0.08954605528821183,0.0,0.0,0.0
0,0,0,0,0,0
0.0,0.0,-0.045747073672037626,0.0,0.0,0.0
0.0,0.0,-0.0363473559903319,0.0,0.0,0.0
0.0,0.0,-0.07437460340016439,0.0,0.0,0.0
0.0,0.0,-0.0998607203098695,0.0014450488665475685,0.0,0.0
0.0,0.0,-0.07881741157536225,0.0008746974640351308,0.0,0.0
0.0,0.0,-0.010811663080837922,0.0,0.0,0.0
0.0,0.0,-0.048823704228466186,0.00030141908700942384,0.0,0.0
0.0,0.0,-0.04710684186801721,0.0009076975532195254,0.0,0.0
0.0,0.0,0.0,0.003102045156818356,0.0,0.0
0,0,0,0,0,0
0.0,0.0,0.0,0.002784426369763059,0.0,0.0
0,0,0,0,0,0
0.0,0.0,-0.04014161243842238,0.0,0.0,0.0
0,0,0,0,0,0
0,0,0,0,0,0
0,0,0,0,0,0
0,0,0,0,0,0
0,0,0,0,0,0
0,0,0,0,0,0
0.0,0.0,-0.014950800728778543,0.0,0.0,0.0
0.0,0.0,-0.04765123601339259,0.0,0.0,0.0
0.0,0.0,-0.024849456281767594,0.0005117772221865554,0.0,0.0
0.0,0.0,-0.06027878559687235,0.0,0.0,0.0
0.0,0.0,-0.07092525553593268,2.4614159640344536e-06,0.0,0.0
0.0,0.0,-0.12451379528637112,0.0011144550608424598,0.0,0.0
0.0,0.0,-0.15576410531509516,0.0003032293137198488,0.0,0.0
0.0,0.0,-0.10274667711737558,0.0005574357728534219,0.0,0.0
0.0,0.0,-0.10829510205153962,0.0,0.0,0.0
0.0,0.0,-0.09266893480126633,0.0,0.0,0.0
0.0,0.0,-0.09235526602286083,0.0,0.0,0.0
0.0,0.0,-0.07568229794983523,0.0,0.0,0.0
0.0,0.0,-0.22555640195814183,0.000340478079384251,0.0,0.0
0.0,0.0,-0.11230479496791194,0.0003612981717052306,0.0,0.0
0.0,0.0,-0.043282218461243735,0.0,0.0,0.0
0.0,0.0,-0.19797084065886442,0.0,0.0,0.0
0.0,0.0,-0.12508356260252335,0.0004005514698417026,0.0,0.0
0.0,0.0,-0.19603885353751485,0.0,0.0,0.0
0.0,0.0,-0.2199929915718013,0.0005198321863413866,0.0,0.0
0.0,0.0,-0.2135999901323607,0.00148306393844659,0.0,0.0
0.0,0.0,-0.16281462862958784,0.0033137791343532605,0.0,0.0
0.0,0.0,-0.30963064088817605,0.0051412951428118515,0.0,0.0
0.0,0.0,-0.3340212910915841,0.005818971190443718,0.0,0.0
0.0,0.0,-0.3347881392140077,0.009068818533732155,0.0,0.0
0.0,0.0,-0.3297605870133577,0.007655765414237206,0.0,0.0
0.0,0.0,-0.37524666101813614,0.006105158851028992,0.0,0.0
0.0,0.0,-0.36328008217768154,0.0015024098886510305,0.0,0.0
0.0,0.0,-0.2947123562926429,0.0,0.0,0.0
0.0,0.0,-0.3479464315480973,4.3111646959628666e-05,0.0,0.0
0.0,0.0,-0.29175706994102946,0.0,0.0,0.0
0.0,0.0,-0.19766609579572517,0.0,0.0,0.0
0.0,0.0,-0.23959726204472567,0.0,0.0,0.0
0.0,0.0,-0.20303172056632718,0.0,0.0,0.0
0.0,0.0,-0.18061905615654456,0.0014108992899957646,0.0,0.0
0.0,0.0,-0.11805673628390556,0.0020743518095342386,0.0,0.0
0.0,0.0,-0.1861297108115947,0.0,0.0,0.0
0.0,0.0,-0.19705474661723887,0.0,0.0,0.0
0.0,0.0,-0.22047402876969682,0.0,0.0,0.0
0.0,0.0,-0.23482110084949043,0.0,0.0,0.0
0.0,0.0,-0.19942382981157233,0.00036543184090295,0.0,0.0
0.0,0.0,-0.17500656821863564,0.0026089096779806746,0.0,0.0
0.0,0.0,-0.21312075824830873,0.003449403025566887,0.0,0.0
0.0,0.0,-0.21901736242783496,0.004166593187215086,0.0,0.0
0.0,0.0,-0.25653902961032593,0.0019804760658182563,0.0,0.0
0.0,0.0,-0.16877723017136853,0.0,0.0,0.0
0.0,0.0,-0.16094357147477917,0.0,0.0,0.0
0.0,0.0,-0.1492638056347024,0.0,0.0,0.0
0.0,0.0,-0.10486661901708635,0.0041737100553948065,0.0,0.0
0.0,0.0,-0.09615824863801867,0.0,0.0,0.0
0.0,0.0,-0.15329109749916361,0.0,0.0,0.0
0.0,0.0,-0.17035672913461725,0.0,0.0,0.0
0.0,0.0,-0.2144996761995197,0.0,0.0,0.0
0.0,0.0,-0.24335568664916146,0.0,0.0,0.0
0.0,0.0,-0.31929943243424874,0.0,0.0,0.0
0.0,0.0,-0.2698950950484378,0.0,0.0,0.0
0.0,0.0,-0.28636946617655856,0.0014187127918849315,0.0,0.0
0.0,0.0,-0.2956322655346978,0.0034291704264546906,0.0,0.0
0.0,0.0,-0.30409815212047064,0.0040450210248033315,0.0,0.0
0.0,0.0,-0.3132477860418671,0.0049799026224952095,0.0,0.0
0.0,0.0,-0.3902561468006667,0.004524616745661663,0.0,0.0
0.0,0.0,-0.3079589226555951,0.0034755196207243632,0.0,0.0
0.0,0.0,-0.39501202976287514,0.0014490379389639982,0.0,0.0
0.0,0.0,-0.3334380396880008,0.002615970473261651,0.0,0.0
0.0,0.0,-0.42658813062713863,0.0019273306825610189,0.0,0.0
0.0,0.0,-0.43087948431420936,0.0,0.0,0.0
0.0,0.0,-0.37884064912508675,0.0027618749950955165,0.0,0.0
0.0,0.0,-0.266004593397854,0.0,0.0,0.0
0.0,0.0,-0.2661851824540029,0.00035857945624776,0.0,0.0
0.0,0.0,-0.22042699099925386,0.0030819380057868022,0.0,0.0
0.0,0.0,-0.22655186853482379,0.001513030116353517,0.0,0.0
0.0,0.0,-0.25472104057679273,0.00018948133657283237,0.0,0.0
0.0,0.0,-0.22347060347761788,0.000889770783575845,0.0,0.0
0.0,0.0,-0.20911971408599667,0.0,0.0,0.0
0.0,0.0,-0.23740730452990508,0.0,0.0,0.0
0.0,0.0,-0.1660043261091345,0.0,0.0,0.0
0.0,0.0,-0.1660043261091345,0.0,0.0,0.0
0.0,0.0,-0.20901978403303056,0.0,0.0,0.0
0.0,0.0,-0.24500588450890443,0.0024568207784693634,0.0,0.0
0.0,0.0,-0.24500588450890443,0.0024568207784693634,0.0,0.0
0.0,0.0,-0.394534886405841,0.0010840133059342155,0.0,0.0
0.0,0.0,-0.3611191461003733,0.0027201902878311607,0.0,0.0
0.0,0.0,-0.28691428985406253,0.0,0.0,0.0
0.0,0.0,-0.270140664223507,0.0,0.0,0.0
0.0,0.0,-0.3261597086287189,0.00025514491781296545,0.0,0.0
0.0,0.0,-0.35189761223817617,0.0003512229742643413,0.0,0.0
0.0,0.0,-0.36313195119256686,0.0,0.0,0.0
0.0,0.0,-0.29607517023047425,0.0,0.0,0.0
0.0,0.0,-0.284379866703002,0.0004815610280992342,0.0,0.0
0.0,0.0,-0.3298101793048006,0.0,0.0,0.0
0.0,0.0,-0.22635014107091403,0.0,0.0,0.0
0.0,0.0,-0.2237231220636481,0.0,0.0,0.0
0.0,0.0,-0.16875417909499452,0.0,0.0,0.0
0.0,0.0,-0.2931811039673763,0.0,0.0,0.0
0.0,0.0,-0.2929062709523428,0.0,0.0,0.0
0.0,0.0,-0.20895467839467394,0.0,0.0,0.0
0.0,0.0,-0.18164720248586083,0.0,0.0,0.0
0.0,0.0,-0.1804685812935487,0.0,0.0,0.0
0.0,0.0,-0.1804685812935487,0.0,0.0,0.0
0.0,0.0,-0.19101967651215265,0.0,0.0,0.0
0.0,0.0,-0.16677635911929728,0.0016597293154293452,0.0,0.0
0.0,0.0,-0.17291320083488956,0.0,0.0,0.0
0.0,0.0,-0.1691940716842359,0.00010658048845850455,0.0,0.0
0.0,0.0,-0.18740205984136357,0.0032717022299159427,0.0,0.0
0.0,0.0,-0.1222972240950972,0.0024087880116152047,0.0,0.0
0.0,0.0,-0.23398440512562582,0.0010895191886759127,0.0,0.0
0.0,0.0,-0.21597454352852502,0.0,0.0,0.0
0.0,0.0,-0.21056564884530063,0.0044926624878914865,0.0,0.0
0.0,0.0,-0.187186711845015,0.002633735521802871,0.0,0.0
0.0,0.0,-0.2428582204550785,0.0024890074687014046,0.0,0.0006824854477745215
0.0,0.0,-0.26979800197059434,0.002355170534738974,0.0,0.0
0.0,0.0,-0.2126713273710438,0.0034003609763899522,0.0,0.0
0.0,0.0,-0.15357818261628858,0.002703683726693868,0.0,0.0
0.0,0.0,-0.11268292490944783,0.00298746069369405,0.0,0.0
0.0,0.0,-0.21564047183298304,0.0005440196483310156,0.0,0.0
0.0,0.0,-0.2070853455108638,0.0026455303797830792,0.0,0.0
0.0,0.0,-0.1551909767429863,0.0,0.0,0.0
0.0,0.0,-0.06435087781687597,0.0,0.0,0.0
0.0,0.0,-0.09337294693680956,0.0042011142666585136,0.0,0.0
0.0,0.0,-0.0062387545761328645,0.004486662126966543,0.0,0.0
0.0,0.0,-0.025707707130071245,0.006704773280614336,0.0,0.0004423091337571321
0.0,0.0,-0.042281055471419006,0.008621404133893985,0.0,0.0
0.0,0.0,-0.052302567076193816,0.005459948616709555,0.0,0.0006583065276544199
0.0,0.0,-0.004165526185335838,0.0031179475649618905,0.0,0.0
0.0,0.0,0.0,0.0,0.0,0.000557079459949977
0.0,0.0,-0.04834857203213917,0.00347066277299187,0.0,0.0029350014047390925
0.0,0.0,-0.06325044565626284,0.001539017098147973,0.0,0.0020715454045762
0.0,0.0,-0.03595783494835106,0.001871089109891789,0.0,0.0030444006971867337
0.0,0.0,0.0,0.0030172001821582935,0.0,0.003250504792188808
0.0,0.0,0.0,0.0024442726921704056,0.0,0.002642254340792526
0.0,0.0,0.0,0.0030258347136681786,0.0,0.0026150866781664444
0.0,0.0,0.0,0.0010129466446330588,0.0,0.0021550933046811395
0.0,0.0,-0.04223019061749133,0.0001981324277715543,0.0,0.003582555822885393
0.0,0.0,0.0,0.0,0.0,0.0032027232408338296
0.0,0.0,0.0,0.0011692591804851574,0.0,0.003496599198712443
0.0,0.0,0.0,0.0027086921663490976,0.0,0.0035473513302717217
0.0,0.0,0.0,0.003761654755531365,0.0,0.005374508601978991
0.0,0.0,0.0,0.004471894372096473,0.0,0.005604112786300007
0.0,0.0,0.0,0.002913622132728398,0.0,0.005670040798506307
0.0,0.0,0.0,0.0,0.0,0.002779761525435524
0.0,0.0,0.0,0.0,0.0,0.004145826780170145
0.0,0.0,0.0,0.002251533921755071,0.0,0.006421713409599466
0.0,0.0,0.0,0.0005417168812964152,0.0,0.006656711179163569
0.0,0.0,0.0,0.0,0.0,0.0053455456360068255
0.0,0.0,0.0,0.0021247400573834395,0.0,0.00712946368487691
0.0,0.0,0.0,0.0015517618030779245,0.0,0.005740556464890586
0.0,0.0,0.0,0.0015366091674172814,0.0,0.005292218220177728
0.0,0.0,0.0,0.001291929616347062,0.0,0.008330694570239697
0.0,0.0,0.0,0.0,0.0,0.007365533994318514
0.0,0.0,0.0,0.0009642440562145181,0.0,0.009639179556008196
0.0,0.0,0.0,0.0021999414057132538,0.0,0.007194146151153902
0.0,0.0,0.0,0.00027724465752865143,0.0,0.009779219850836445
0.0,0.0,0.0,0.0004441647964938543,0.0,0.008239416726963576
0.0,0.0,0.0,0.0019219659144331669,0.0,0.008243433037626527
0.0,0.0,0.0,0.00032206312661660916,0.0,0.008267871139439447
0.0,0.0,0.0,0.0018735944284027715,0.0,0.0072822813367041895
0.0,0.0,0.0,0.0018173868758663038,0.0,0.008360641589482408
0.0,0.0,0.0,0.001097406212168083,0.0,0.008312014641969793
0.0,0.0,0.0,0.0,0.0,0.00902572000187046
0.0,0.0,0.0,0.0,0.0,0.00842623277904155
0.0,0.0,0.0,0.0004672725447128413,0.0,0.005662338168407992
0.0,0.0,0.0,8.803025562716955e-05,0.0,0.00756670684264248
0.0,0.0,0.0,0.0026650129729894013,0.0,0.004392673759871174
0.0,0.0,0.0,0.0020455790409487718,0.0,0.0036587575430180007
0.0,0.0,0.0,0.0017684586982501048,0.0,0.006088021475090984
0.0,0.0,0.0,0.0005456557431970812,0.0,0.004285939703281394
0.0,0.0,0.0,0.0025934600059132626,0.0,0.006965876845798369
0.0,0.0,0.0,0.002530757092506275,0.0,0.0016705244827274698
0.0,0.0,0.0,0.0,0.0,0.001613352309091314
0,0,0,0,0,0
0.0,0.0,0.0,0.001247338411233075,0.0,0.0
0,0,0,0,0,0
0,0,0,0,0,0
0,0,0,0,0,0
0,0,0,0,0,0
0,0,0,0,0,0
0,0,0,0,0,0
0,0,0,0,0,0
0,0,0,0,0,0
0,0,0,0,0,0
0,0,0,0,0,0
0,0,0,0,0,0
0,0,0,0,0,0
0,0,0,0,0,0
0,0,0,0,0,0
0,0,0,0,0,0
0,0,0,0,0,0
0,0,0,0,0,0
0,0,0,0,0,0
0,0,0,0,0,0
0,0,0,0,0,0
0,0,0,0,0,0
0,0,0,0,0,0
0,0,0,0,0,0
0,0,0,0,0,0
0,0,0,0,0,0
0,0,0,0,0,0
0,0,0,0,0,0
0,0,0,0,0,0
0,0,0,0,0,0
0,0,0,0,0,0
0,0,0,0,0,0
0,0,0,0,0,0
0,0,0,0,0,0
0,0,0,0,0,0
0,0,0,0,0,0
0,0,0,0,0,0
0,0,0,0,0,0
0,0,0,0,0,0
0,0,0,0,0,0
0,0,0,0,0,0
0,0,0,0,0,0
0,0,0,0,0,0
0,0,0,0,0,0
0,0,0,0,0,0
0,0,0,0,0,0
0,0,0,0,0,0
0,0,0,0,0,0
0,0,0,0,0,0
0,0,0,0,0,0
0,0,0,0,0,0
0,0,0,0,0,0
0,0,0,0,0,0
0,0,0,0,0,0
0,0,0,0,0,0
0,0,0,0,0,0
0,0,0,0,0,0
0,0,0,0,0,0
0,0,0,0,0,0
0,0,0,0,0,0
0,0,0,0,0,0
0,0,0,0,0,0
0,0,0,0,0,0
0,0,0,0,0,0
0,0,0,0,0,0
0,0,0,0,0,0
0,0,0,0,0,0
0,0,0,0,0,0
0,0,0,0,0,0
0,0,0,0,0,0
0,0,0,0,0,0
0,0,0,0,0,0
0,0,0,0,0,0
0,0,0,0,0,0
0,0,0,0,0,0
0,0,0,0,0,0
0,0,0,0,0,0
0,0,0,0,0,0
0,0,0,0,0,0
0,0,0,0,0,0
0,0,0,0,0,0
0,0,0,0,0,0
0,0,0,0,0,0
0,0,0,0,0,0
0,0,0,0,0,0
0,0,0,0,0,0
0,0,0,0,0,0
0,0,0,0,0,0
0,0,0,0,0,0
0,0,0,0,0,0
0,0,0,0,0,0
0,0,0,0,0,0
0,0,0,0,0,0
0,0,0,0,0,0
0,0,0,0,0,0
0,0,0,0,0,0
0,0,0,0,0,0
0,0,0,0,0,0
0,0,0,0,0,0
0,0,0,0,0,0
0,0,0,0,0,0
0,0,0,0,0,0
0,0,0,0,0,0
0,0,0,0,0,0
0,0,0,0,0,0
0,0,0,0,0,0
0,0,0,0,0,0
0,0,0,0,0,0
0,0,0,0,0,0
0,0,0,0,0,0
0,0,0,0,0,0
0,0,0,0,0,0
0,0,0,0,0,0
0,0,0,0,0,0
0,0,0,0,0,0
0,0,0,0,0,0
0,0,0,0,0,0
0,0,0,0,0,0
0,0,0,0,0,0
0,0,0,0,0,0
0,0,0,0,0,0
0,0,0,0,0,0
0,0,0,0,0,0
0,0,0,0,0,0
0,0,0,0,0,0
0,0,0,0,0,0
0,0,0,0,0,0
0,0,0,0,0,0
0,0,0,0,0,0
0,0,0,0,0,0
0,0,0,0,0,0
0,0,0,0,0,0
0,0,0,0,0,0
0,0,0,0,0,0
0,0,0,0,0,0
0,0,0,0,0,0
0,0,0,0,0,0
0,0,0,0,0,0
0,0,0,0,0,0
